5000
240445 340309
529448 632304
949834 373516
258973 980304
505754 285173
257241 439937
858517 353258
247219 213876
35254 295329
349284 342505
701813 910327
625221 863239
419915 402054
429343 130094
264956 639950
853150 403505
55247 181264
851553 492026
669206 284177
912903 883545
630030 48743
603216 134417
895032 118678
202178 985069
864866 170570
955785 164181
422948 131935
237576 36875
350262 367065
928177 211998
440624 52578
419406 920839
82711 965526
291610 123349
356977 611090
287686 110610
814568 913933
515220 65002
783227 404824
219280 622815
580188 24730
840614 172695
905612 395081
360688 93533
420885 3843
343455 37337
295356 542261
31233 598937
872642 383288
207645 914157
702904 308180
676842 260968
12382 341050
544889 710869
901192 436318
157950 440863
558922 612160
445643 474835
217949 33372
153202 898407
903767 825033
734446 190845
828289 13253
983185 277480
672205 566891
676397 102604
893743 273939
810217 4128
454701 746766
621168 131320
667997 199518
818078 519781
463353 93024
195753 504924
403013 856671
267660 75520
46051 512659
640236 447642
646472 524052
308236 346918
750580 321325
15805 472016
50158 100592
369276 421424
31974 508528
737220 733159
218520 172299
458723 7816
571616 544677
909749 806930
471119 895786
552133 476230
387467 767326
196293 809922
11761 140181
234359 326204
749026 829313
452818 966272
112085 122369
896372 20931
133181 138506
741410 733385
862346 363760
917521 910862
69424 789257
595123 141782
807438 561025
726147 952566
125929 223957
144752 890363
449583 419961
537384 833387
957478 919355
109271 907673
661439 233545
869103 356376
616475 820995
478083 448986
228912 509683
64326 768372
148390 29546
571891 967367
349833 780979
439378 243494
933759 429016
553925 880967
300030 987513
445999 391726
811654 604445
253851 670444
138082 278700
436591 951329
350035 581451
186107 930473
598198 969933
673935 518031
127008 71573
262428 976234
703783 496594
261159 67564
203474 483883
203965 774747
997622 395603
290443 885121
105811 231405
244778 697303
724315 23265
488908 24525
693718 757252
268604 479247
87699 435484
127839 831658
303127 99403
341930 449101
193081 945019
190701 638025
115603 914749
390316 481736
872888 729392
751839 912585
96234 434591
420272 508442
596839 92538
297056 551051
115839 79158
114278 648722
220731 501905
878376 608410
65352 931101
372617 216548
206563 106826
909601 272277
813572 642481
897721 138799
739198 862023
519516 312265
411223 981478
999829 428784
232304 679731
542888 427494
579086 696692
872680 450806
167854 344453
525429 694729
122543 720610
134134 946019
183102 589476
678746 659799
632488 617187
246133 561552
44990 791475
548661 519376
794447 938347
182371 218348
234824 69505
962028 118663
637594 317285
204304 616513
957173 374086
223600 536426
549702 228874
362904 464698
898745 916877
255101 440982
223311 196905
906728 594905
559759 347625
155789 28107
87471 69771
502991 145254
47884 85192
824735 297783
873386 699943
410060 20716
88306 572013
547623 780536
121711 368820
231476 943515
61432 458919
51509 847012
19289 91744
353168 66831
677683 483246
284409 953614
918130 397764
88592 131255
902783 159993
512234 986740
742827 122026
983323 279569
683254 392726
256076 933100
637826 333381
603941 397859
549706 849835
191499 713481
895369 786630
144713 641528
695314 115161
970324 734747
10090 433649
350200 694784
987083 719380
98309 967810
251041 723248
75294 640714
353540 772322
785701 161996
562196 701557
765604 844625
5418 544703
634517 31119
857628 605922
659926 662820
879445 186483
792117 840596
839214 974633
299817 483810
793889 53542
727706 898066
43606 680533
756565 694689
486811 571363
902365 161507
257367 184143
808736 544097
639713 492540
807568 920156
133169 757664
278074 51509
347936 463566
788239 150273
655606 104243
814206 488261
152796 827920
290064 245440
145019 99335
721165 174316
186737 664194
42586 103430
621493 872682
830954 740781
365082 165284
202814 570602
692226 493160
876839 760529
563515 640439
775115 94374
271561 710603
249543 999581
62108 16475
900693 201167
756363 925545
79243 18738
342719 388290
202952 728081
335106 388665
59666 446999
18386 197732
447708 808089
941910 355129
945280 818804
446915 163217
413012 673780
342120 76170
169723 698028
184141 279755
531312 518155
25310 449149
930208 658342
600288 807737
664132 702065
134626 258327
101677 581366
292828 172726
519427 203670
432310 938168
962710 659881
367829 941321
625578 850224
197014 796477
11663 580289
873650 701861
739561 622037
702285 837221
769264 232239
806801 329709
760287 477953
865378 256791
59352 601863
960140 523133
324201 731458
977865 153502
663869 290227
598482 188369
996487 502953
115237 820583
143056 197629
671768 537430
71331 937082
950398 49774
520993 134479
167362 886879
445007 229856
556365 614380
23141 612751
464066 573236
372643 425885
128756 570112
508196 642928
178668 496267
401382 938934
491961 732659
514710 407153
672161 588157
859571 160207
160773 880461
482501 482904
600122 931305
100650 586839
299751 450617
1859 49400
814123 81493
324712 898938
137342 450190
480926 428241
50442 889851
732905 644401
580820 56061
775884 282861
423108 532556
412820 570024
924324 503783
837572 608172
170398 633026
366588 792784
223123 721723
757139 862095
608711 471249
378566 110413
270121 84270
655653 407065
762435 820995
518274 811395
355795 170391
628991 692554
120781 72607
653585 471080
259392 386103
579526 651002
474435 764297
166677 532313
34530 278524
749366 515406
864741 875715
787469 169647
267038 681202
409024 28550
134926 66854
291818 120373
672056 637150
906349 887888
266564 79307
942493 485648
783165 924839
132397 383661
340174 846426
635386 180564
711006 996588
998873 914197
211151 429167
134679 480218
74109 786174
500347 387815
831936 547024
480932 954660
873413 509540
159615 883246
891238 297354
590253 681964
65147 590672
472886 4272
894662 650999
44433 123252
122180 511234
526675 375688
870419 109691
789755 351372
184378 865828
389436 337645
173504 212191
834848 458743
279897 6897
735862 960648
702500 658115
302144 778213
906707 318917
707949 613481
633508 200483
22554 981544
5535 205914
916799 843126
325287 68870
830710 774042
437544 660909
778869 675842
48095 261347
248608 352150
779970 509647
880934 385966
901701 357825
330552 861082
982766 227155
797452 490870
587078 772156
5780 183956
857885 291377
463806 691197
772957 631705
773847 174953
694874 815594
330506 24346
405413 382302
533036 279193
527183 60058
982753 182198
680972 530771
222477 748771
468269 192549
630188 798441
85790 757699
113704 808664
661051 646883
591084 503308
463728 917921
506696 637771
166549 17078
791902 903784
875004 704454
2528 611039
852091 298401
301291 940474
819259 29851
523177 777548
783983 229136
601971 354393
118466 710248
798508 482143
306023 578976
887670 588120
993724 687764
754936 839615
858382 610999
25407 214086
219682 433266
89852 963996
249793 16325
781589 118843
4940 303074
621860 564954
561706 108880
616887 550456
941778 803009
840469 219708
643768 541718
107582 613879
676598 12161
335121 905804
467869 767358
60055 445476
628928 809090
650283 956045
126648 617998
784843 491385
448826 343845
26407 32661
315197 545932
401028 61504
445092 251397
682326 51097
490660 122544
478109 152886
672570 710245
572190 152555
948225 341032
452627 563212
671919 658065
376472 695916
108656 351585
635775 713173
399194 239384
342141 318530
222880 877623
330381 277794
620025 245713
38094 206940
59641 291286
242808 707260
786690 374763
19891 379985
143086 365728
178435 748300
28109 516617
809503 90246
179406 720131
974653 529143
691867 303790
46019 178532
392685 520055
187184 256969
11700 112045
631691 781715
309141 512800
140282 828772
974240 395583
730575 570180
66766 655510
884239 686836
522186 675836
968636 5483
101790 981664
691690 343371
332050 469450
994702 880658
737299 916395
917447 140828
182717 161063
558545 404283
589832 548522
575360 94599
475053 228381
152810 224703
403019 10687
840945 922997
245602 268244
593083 784912
239755 904539
30665 150540
240334 671026
943125 438437
840160 938185
340391 324715
78472 560126
794435 770044
82349 860522
522602 745167
686365 31110
221515 469051
903458 797806
35215 113309
85613 330909
432031 702411
121659 891909
620731 435020
34766 495998
99558 321641
122921 260400
597927 383789
383623 617503
544636 515889
934332 137243
812965 929871
952802 333155
743055 752764
84211 545090
1613 846932
899012 449372
861083 288323
122996 544211
919132 415756
35372 290720
692743 73664
993400 73210
902311 59802
453147 514346
181690 260336
834796 401872
744281 388287
806737 394488
84009 948754
657655 631741
562948 886744
989136 218429
515676 221736
995461 239732
581257 25213
963334 876531
697166 39763
595529 958117
588228 685712
775361 661267
702005 546898
607940 851098
849267 889914
542459 457653
302950 150062
600425 348046
490144 837714
800841 621486
403904 731361
567823 586800
666325 582279
86579 76486
485939 421193
495 273551
601379 47019
945130 323487
62763 84002
963107 363990
284815 324604
416775 209685
456634 942610
258841 210875
229953 396648
154343 562973
989641 549179
917026 488830
784270 45583
482994 150418
912953 150638
69333 808422
216078 998093
427121 894799
443160 431034
999801 725560
811962 526960
149660 4804
913189 582658
538211 845251
860188 853044
306828 723062
473056 175939
814911 430128
855904 61664
885002 666267
30795 45772
36233 325005
170866 937420
798886 550379
663819 357905
484011 443994
383208 807587
625221 693336
107285 495277
654332 389262
960533 83211
574533 224983
202620 398136
951194 888415
233153 529699
767146 553639
754033 396359
946681 92332
702495 849711
84974 19795
737012 165711
833036 845268
96633 669506
112210 443460
422262 527071
763856 129556
67015 477430
276059 70360
598224 701992
873492 587887
924199 267896
670610 828502
180198 953939
321160 535879
990075 28366
180669 105454
93445 742053
913655 303390
298332 999012
233287 677527
117863 876091
883846 767581
467086 564868
333710 12761
301531 22794
175532 253489
312776 932325
603692 476344
957448 928451
455169 37257
52764 791888
705014 770867
889150 548480
758290 66671
624497 551588
159233 343798
745690 505142
598764 915536
825131 415300
129812 166551
937314 459619
721088 823280
780053 62917
382052 468080
923513 17713
160133 905963
183217 707141
890968 608323
937166 678108
294779 108863
980335 576046
533803 714617
182081 728890
734772 131442
559789 789735
498984 698313
767235 72157
967520 983185
562739 752186
862238 320750
845579 970018
860411 129133
227145 796371
447558 374379
547534 673397
702589 950856
988423 693410
908853 559815
597675 942469
797768 409499
769270 772884
998282 899563
701847 873078
179618 777252
147053 696176
694523 444020
87184 649420
90371 611699
41680 842730
808028 483352
681153 102888
325014 47691
695996 986504
573791 834240
509653 466288
187908 447015
872099 317594
266370 332485
879564 297727
179628 644656
714479 610691
136828 536203
17023 86277
896831 660417
995906 583997
824353 431413
246727 777469
164872 706926
765275 301422
275203 743560
407405 688792
467372 849707
771822 734209
202002 569554
453193 333178
15056 674519
689000 800254
480304 315644
524834 845288
709880 196207
432779 212046
772976 106454
930636 556787
202971 644951
280249 207010
839070 812940
518656 210134
930157 827584
914115 274322
88225 689957
459682 655939
930688 613419
285391 173078
875883 549988
300718 625176
94042 379221
201634 232095
880950 716855
716095 799449
305723 74362
962611 236092
85797 447542
160132 671931
444919 197024
570014 642325
515081 377911
338455 37099
550433 386529
863622 340820
953165 658411
326730 796533
712140 507066
53225 423632
137337 392194
234411 656443
166482 303996
794791 709543
461308 369085
843631 468165
458872 409922
76873 336001
211435 263381
517511 836898
464722 391341
631831 257391
30886 646299
992457 179686
923266 558089
832399 843643
744384 928386
18534 917685
4665 936267
352243 439531
304395 866556
756944 644000
208784 217873
482150 489273
171405 778976
28590 830305
23123 52933
791029 681424
427063 405728
469008 552
790495 808011
884442 551664
803565 859586
459673 756919
879277 9265
720025 855956
985274 79375
889746 747679
175924 328168
683537 29193
864017 401976
827414 64992
320638 427016
309296 738959
166642 613473
331662 311680
270667 361961
251119 952905
611345 875544
208269 690558
705099 103348
670254 482866
172907 644990
14532 462695
194044 840656
484432 632903
503329 334960
134068 326127
509655 632458
588965 585774
858509 208067
322981 757585
926119 168429
548119 895294
865560 792883
310377 273544
823823 921631
556053 874889
178369 535504
916063 242347
176854 59180
344615 930470
522025 845566
368946 595377
926139 806926
702055 111868
980813 34787
207119 315707
716794 569339
974145 667315
124018 769632
348139 99878
623820 977842
31730 825556
698517 192090
554124 642344
244305 835714
726824 536422
540930 417076
851717 253397
211413 369230
146551 615652
240355 796358
31125 376065
218431 510468
308212 345704
636746 602419
631070 618413
168537 525676
307622 537545
19124 101812
890861 956624
571236 490210
317664 56971
228660 499894
393928 544645
978355 935505
781888 581732
114458 713820
915459 601371
427535 885133
352496 251550
271050 588585
960900 166208
27761 211573
216519 896377
921238 14502
921165 507156
667757 541514
939046 801135
214149 580509
914039 297093
817208 79960
91486 105087
699376 626498
18854 958186
569501 972163
487009 949339
28372 591127
790316 80667
149172 504882
19106 217841
432003 60691
49210 884327
321209 861382
955220 577189
776263 319806
427074 173382
278526 4259
186400 160235
575235 669934
189511 96182
567847 677110
437557 17367
502312 657525
661756 591298
840402 675310
823406 423697
36290 147108
332717 122208
970502 134622
573836 973169
237962 674672
575858 232456
147851 471454
120822 507877
919082 879845
982466 468680
245038 222008
528083 132194
27847 474689
48674 574481
127070 626169
537316 637595
155622 849419
558706 577881
709950 628840
776611 123507
876716 334429
994665 993798
263019 241025
607441 982999
576459 480174
723936 15081
621474 356951
967921 531906
364523 312276
696916 741021
166833 510736
999832 53751
652572 612442
275237 439832
246609 918963
519779 211777
8465 136714
485006 429831
872120 620471
76707 302642
864587 665127
340308 916197
75742 479639
35238 535554
501758 136762
1750 8194
321902 765611
608056 575326
2543 520499
262521 377099
38312 249221
446877 644118
256902 431261
333895 161828
786026 605494
5889 706677
247805 821129
805247 572091
445066 326738
960705 213062
970932 593912
228289 864801
157590 790532
869520 357549
180640 441172
329861 290432
272340 290
810632 337872
809982 369488
628810 515035
232534 519808
255687 124720
904884 52244
193429 645315
526830 647171
28866 426972
32217 475081
590812 323907
511826 487508
479665 892879
177394 208776
992784 980248
963315 418493
229557 274671
170304 396578
907558 807793
153380 272347
548439 598875
983815 86137
411366 568164
721447 365532
631283 80320
327212 311293
553473 397946
715000 945208
536134 901918
22090 604805
200580 493603
799459 269940
589543 787768
446245 430714
639010 694482
209524 943365
712192 965927
569314 621569
510295 66972
755100 109019
841231 659505
733219 443
895635 275775
749422 373002
180679 863589
424911 307765
211565 109776
858136 893388
212986 817623
1133 160336
5239 884253
90815 687893
866694 155049
594300 665666
506701 724241
205442 85025
669986 496589
643778 478113
346769 337867
177240 869386
344035 720376
749891 801194
640331 298491
969522 447104
265578 841851
76308 910323
559628 249383
703227 963062
877063 532116
95423 478960
251103 819530
434754 670876
883007 48624
195790 147877
123011 529230
878339 231005
762481 836060
833551 861810
23567 759988
767335 455154
781827 114422
180133 548192
82200 147238
395840 508354
976302 117636
630222 225988
651472 246754
320172 986405
509174 902416
218368 31220
197091 942154
75774 407903
44669 416995
304669 114301
83950 418330
275855 682428
989174 393225
493918 671265
74842 452948
293323 899315
345857 576303
607627 607537
225895 767266
890398 982451
882100 462862
330447 205224
237270 435439
584 385525
547277 382200
168345 503789
855426 162024
526201 865047
233763 673245
363496 937786
668057 628455
487568 144595
12799 85791
871984 652927
967874 212331
746733 657740
726088 633916
227579 647240
860295 168640
519266 637504
625702 881137
963995 883493
352664 691313
913577 459600
547248 145736
964508 878728
939401 891517
896064 162795
701090 877493
492165 725374
246093 116697
102192 502632
875811 351712
822544 122794
206701 821706
301517 801940
530922 188237
639400 562168
215075 345764
21970 844505
423704 35242
947370 113571
410721 272454
233712 287649
896965 949624
293145 194303
817728 720776
28559 942722
75260 284625
762366 325333
132430 458647
731898 499609
252169 731592
481424 648234
135481 502240
179453 856109
923488 628322
333243 588123
149224 487874
250503 348438
406905 499081
661442 262408
548454 954547
506393 537892
344395 608038
252734 114333
583169 639234
68088 797873
590434 997189
833039 348377
5486 685063
997565 745855
232316 182111
878616 151470
786328 370433
652570 257106
986733 587078
879886 446857
778288 665778
2825 295136
272581 517796
1109 812698
839762 443827
405403 213994
283290 430960
582968 357441
318231 965759
940820 682473
459656 511002
486136 436280
867164 592208
608660 24184
6824 961795
432163 684784
624368 491868
167025 743787
51611 180303
898537 961800
708904 549097
46000 984641
638784 218847
267390 467760
139595 919500
803164 423791
658632 558347
734320 446383
985815 497923
250814 986256
623369 577552
953121 934501
551081 973699
895223 923944
410855 802927
62933 72800
984284 655380
860266 434570
375550 50728
32998 284960
270711 357133
480938 571932
376249 66497
43214 953701
174149 834270
772861 679465
212191 59730
986763 947793
365133 356796
492732 925803
723349 901840
206168 275359
862626 959572
444138 653886
610913 687016
209024 396171
9348 528186
6473 234238
33220 928180
225368 741755
422987 978500
238929 614987
703493 567996
782116 519600
986922 5320
599108 445530
280218 276767
579104 66476
220006 810370
5645 641842
855694 655199
928253 699945
9644 562043
91153 29329
885097 707781
252655 400441
23101 50793
144378 873109
336758 914860
136263 516590
768557 641577
483647 676923
739584 197719
616482 75739
243954 380337
456701 809905
918965 290012
735138 359418
523404 717007
968873 10885
62618 105973
334864 997961
745502 703535
733852 53978
10729 101404
947475 131924
45521 717790
302793 346361
610770 129298
666691 441801
359005 233638
123670 5419
588251 936631
675201 468110
633662 89869
464586 538686
920910 206714
306033 295304
691379 877610
693518 489752
126404 578318
901640 211631
371798 36461
956821 718379
155512 578453
848652 244043
648244 882873
108211 529858
689399 581231
604175 708867
838763 859412
945445 73749
824156 303315
716568 862716
448374 813139
782298 285307
714559 485104
786106 888250
202536 26088
530572 628840
599416 918204
753332 61900
60292 289658
679946 14937
742862 641816
567221 355982
665983 411355
784397 530728
606678 165405
428450 425342
636389 638214
691333 349784
338092 21129
903469 326450
708174 463247
916983 880155
493138 29577
947343 368101
43867 333335
453227 935374
525519 929722
839089 826212
934572 898518
895007 638498
675654 998960
522782 101014
74235 796189
11048 838876
332009 425676
612904 35795
830104 912537
48373 340698
121636 960400
551811 785389
747424 675546
594204 639360
96198 897273
905631 375078
606824 673071
172608 641389
661875 383851
991793 223580
323713 359809
707625 572884
468980 458165
914367 154886
102038 133452
752826 777371
270799 172873
760586 454059
331080 308412
23051 724571
445198 149673
657042 980619
688129 237886
987114 477802
356302 296064
932517 67576
903368 937955
957480 848975
551832 881858
689962 543818
32695 968333
23738 4958
997501 900222
437849 876794
724727 916383
839892 998817
745914 915608
140433 983533
565936 987133
549191 98642
85008 813358
703676 252923
974180 403584
83871 341281
725465 40727
825977 964354
725826 916859
607680 417303
501034 639912
556683 975040
906450 548233
347259 547377
847650 56562
929938 661527
728762 814089
891798 476284
839973 861499
752246 366035
288081 896233
844562 60620
605881 808105
472790 434398
692402 677414
943689 939122
548684 577637
435281 137121
292976 485288
639712 564002
142830 84934
614925 926783
849714 807918
730856 652577
505833 346567
804505 930855
146241 533241
965937 861263
574525 814792
538970 71047
810132 395735
115755 965122
388696 192488
410620 108785
559406 418037
805775 713868
649886 792891
996077 160573
959026 754492
809411 955875
735812 884709
524128 934055
234875 15848
972147 822443
235855 155591
511383 173723
15153 561398
320611 928751
368616 349462
415840 837321
205495 124974
712747 369229
787158 359641
292717 623252
531811 231341
115945 871977
795304 302815
126613 442102
180531 101422
708585 933186
276085 223706
661718 767742
92425 768908
169793 327766
585306 639546
428126 564627
300840 47952
365423 65539
23079 908362
916994 566001
428989 941669
472951 378500
711490 724579
453206 182072
438557 698321
260482 14441
681344 886319
999108 485236
86828 678258
237907 166117
515786 177677
497808 790759
147621 255193
476782 900132
252822 200331
514145 100044
977191 449305
940131 962936
988223 829944
351671 405854
145055 643328
519491 274260
729952 905835
248489 784357
384135 549348
931356 278840
798851 939812
188059 831292
968888 121730
513421 440598
743487 190144
89242 286490
804221 112238
67378 986147
227541 752489
679487 322556
235667 791655
343347 254071
414679 587633
911102 313754
442535 478827
691362 647492
283194 971923
140747 125768
808468 34475
141726 967008
951443 571464
59425 912191
120150 513695
405441 482200
34546 741360
197339 516253
116380 346378
879293 221222
602317 244195
4157 916605
783403 309405
182855 396116
345276 113110
426413 535733
130850 830633
130746 947070
991490 285655
52054 527414
491595 671736
251941 197045
186865 410333
675177 295226
727933 780434
381366 551183
377237 838487
243630 275824
304197 122879
32508 109588
185063 69231
836032 468699
181968 430239
424411 505793
560524 924179
997118 570160
841826 884497
344824 261807
615385 976544
453918 527988
143411 637276
806695 44315
470039 70408
585764 662915
604254 291969
303913 182573
679186 392732
664483 837926
486182 853814
77566 788520
839336 544058
247778 904643
195501 354153
717982 378536
23746 119984
354100 963766
194113 83276
131562 48521
682022 248283
539186 500742
60182 937514
805828 393562
324593 500549
401858 354748
434805 761326
847315 989273
626576 241431
766329 2529
403918 118637
523774 951240
18154 794959
216702 341794
249619 143358
892381 806688
163385 290591
393207 665027
716436 734976
648621 348872
612223 554749
238784 546618
500875 332013
147124 632817
44443 368397
245752 531123
36129 997735
342953 918770
608039 184293
620512 55320
956008 895753
877655 5178
183337 428677
409727 956255
165450 327162
777138 966089
468731 688350
847335 461946
925964 480728
286870 146913
217001 251803
570865 944061
855010 286830
205677 918241
211982 112788
625462 564536
383951 751478
122023 148336
568330 718666
999091 683979
798028 406906
49949 313359
675286 783264
775607 649110
12689 10103
438309 582703
876044 615008
836863 454494
146603 620125
552322 266613
870810 910582
108114 899132
701241 137959
391725 328770
237783 166961
488372 340202
898034 120434
202748 965053
557340 264598
928574 227561
836863 540811
389670 771226
857182 614387
159253 16584
719204 946933
347776 522668
911138 177346
485332 535719
226219 274140
390487 5288
396527 946240
327310 531906
594363 901579
267204 311597
432338 15496
477354 838984
506990 728711
260305 892106
820665 868927
656889 885
5595 538044
558383 497124
8019 588494
441140 263698
589015 66424
67098 795911
203162 642525
11170 755808
470609 98792
885155 616819
44448 870677
450533 37859
821613 276757
599154 45440
74700 916599
878540 466038
863812 409466
119851 598922
724447 399166
724112 516810
166995 922509
623229 944468
914160 668642
470361 999334
807169 527420
464163 318589
236075 874569
677999 724966
580187 981289
167996 686094
865959 629938
855822 41185
821338 345926
23216 679649
75166 755200
800869 733021
527108 317514
866606 20552
973068 566273
408910 937838
265942 93129
996245 991339
867875 73722
998570 382360
441847 698706
604163 6924
795765 819468
7921 455395
196018 925283
413444 237220
901325 412188
420790 153499
880787 136535
529883 494288
849829 590687
362233 654813
87464 788820
423486 486499
625682 646633
439264 25577
422725 924453
253704 583708
887807 754862
272608 635138
410521 511123
224462 714164
496813 477770
463748 768191
542530 503122
997297 151843
974671 259324
607605 483484
215015 397009
172769 581517
121120 146953
134837 643386
3977 117290
976906 582889
772545 910482
234197 381937
358979 756148
292510 453020
822785 782900
434970 486249
233229 862630
87 947050
258969 814167
47066 625847
388537 897640
649373 158328
126932 156610
227578 860786
529057 551704
992919 453500
841936 761960
588872 767462
213726 871470
715862 58860
750232 4440
39511 333870
674377 779547
730680 377456
59158 525043
385353 716109
99537 664567
112097 310662
450304 243644
81084 581437
491535 255536
952575 268801
3667 325607
785043 205276
504281 91307
255236 453601
70901 133899
845185 10
896730 930418
78811 683363
744630 480303
146921 558404
749340 41242
904722 849080
833109 731201
379625 985869
683752 860813
446686 565196
873006 169815
110507 763284
778892 61326
728856 946117
636055 289885
117954 582467
117533 267744
277459 656351
474001 766970
181907 977858
862940 946869
100942 158208
585697 276298
202270 420019
25724 990635
908706 389452
626972 258737
766954 565930
908624 338837
255503 348936
112079 502805
871378 379022
105208 383365
687400 849081
748936 98758
835763 251650
137216 530407
985282 443406
885308 271846
563349 379524
754114 180201
119909 70572
757503 319590
159787 417047
782839 564113
501133 508652
273026 289141
65923 498994
449380 812219
743341 835161
498905 16004
937952 474680
609964 133387
872923 88090
210578 157203
990017 736573
697473 474849
45694 308061
534157 332243
242396 683161
837590 341018
450094 674447
56778 526666
86653 621758
973749 196867
679832 226331
467472 393359
534756 780561
468142 964485
351756 968800
684976 844449
309623 470071
972312 453329
476869 475406
593863 480618
490658 523684
512278 364060
463922 909918
929263 213734
333825 436583
512366 730997
689611 716758
415408 759516
546293 263067
462038 649767
393747 813810
617456 957185
950477 617401
388224 421213
377380 145416
912754 7361
498379 982090
919421 963806
476428 715097
350678 138141
558087 749048
563589 434377
747977 738196
454767 943945
84259 355266
920365 709954
113606 815387
239953 771269
292166 50783
457712 177234
430841 95013
794955 396520
215077 611075
120766 26662
970744 647554
428029 302908
156160 366244
525128 595208
324806 477888
989031 756726
418175 500978
821546 696031
827071 218946
946494 30512
533587 654373
991096 756566
157822 428980
963536 64580
802892 688052
671299 327089
131901 915271
285865 61111
43220 203644
362877 144681
134990 403166
67800 774476
98422 53247
729783 486741
684403 331462
965954 643211
610452 506878
697342 344053
60437 796196
728365 282942
193438 951530
684969 682561
673906 829240
886591 762667
486174 369170
610316 894211
220847 578064
885016 389308
257938 864019
959501 52686
849920 563716
46840 367797
249015 532861
882822 63604
731831 55069
337620 16130
123116 308663
844816 886449
910027 345969
55535 163869
577319 847003
270519 299690
246095 142630
171768 321892
105019 253769
859533 151029
611403 542778
128122 856871
654888 733131
599400 387647
987232 362733
827409 586649
539401 823848
39223 771813
969824 452987
902802 289358
569285 141368
951100 713489
538113 936400
303511 472188
537746 513911
729316 964675
941756 593207
248211 511693
671488 38940
364687 546832
518700 881997
482762 728901
554399 315479
699328 915199
321933 781333
354779 885084
994679 563954
673131 402520
971360 38193
37373 65322
461656 850654
950395 840871
441826 19693
802737 466610
905383 146526
337812 464555
821265 665797
559795 363691
561759 192799
52733 885502
847771 507579
342928 272111
950107 793584
712997 847501
548500 342482
566343 653372
180887 750449
426473 953856
82049 882491
216256 880704
626790 998504
241036 344579
311713 330719
183913 75035
428518 215439
230740 209835
620145 231124
401071 151309
575548 502414
37020 263325
287925 147451
233221 352419
508293 674371
16345 832479
864530 587080
554108 747439
345146 567524
820911 675217
175867 302345
655979 486498
366746 151022
557976 910567
379031 94450
633374 540581
284848 414685
573846 324551
373593 827804
686381 451056
438747 95432
727130 704667
536556 474143
601838 98512
705290 294043
853650 638291
862508 758150
981342 176924
513699 877436
31811 146081
62108 562956
366690 623911
946014 503721
607871 824791
501630 869105
142567 766439
451898 786874
977658 151575
934918 328902
871061 82165
356026 540690
508613 281759
278633 282009
539647 862224
933338 998451
542772 915278
706688 472737
420600 890100
334426 73835
868171 585757
804520 495477
525706 315758
239146 51006
769830 54847
68955 356242
623881 823727
961021 760501
741491 706847
926529 808263
748278 122182
948953 338830
805735 267229
244508 878736
805876 392950
434035 55202
123987 993904
896323 665895
894541 47
328507 885178
137965 373004
70249 393710
685429 432365
49757 368955
662270 915642
995265 995998
81230 811875
36725 298933
422373 655111
632997 176096
818270 22356
592845 472793
979170 906622
937017 471303
881822 3741
427053 179107
269361 611836
32549 139399
74216 444579
189949 987045
14932 717196
49561 746672
913439 302951
562538 987392
460520 527589
109854 388593
863148 165385
649070 615750
418089 105017
121553 950234
922806 999852
950344 642771
197153 362838
730298 114165
530516 985067
811111 585180
747544 390740
445194 485753
473097 813565
406309 619448
594645 685268
920574 576091
364028 415413
466756 700791
328255 993334
94312 650924
281920 384516
211317 109798
353003 799132
689691 728827
575096 269226
31845 123271
525232 452594
3215 615578
547059 786792
124828 27937
782967 626802
10751 90693
397127 777940
355343 167166
125677 913713
976081 129889
139037 312299
711544 420115
839979 871556
6049 214831
66819 131127
513851 718957
656101 868627
725242 971927
937313 861830
362007 869421
668119 342887
769439 609542
836794 273467
439217 476326
456331 56491
608237 217856
278878 328309
988000 440018
80711 395250
98584 180568
26842 816313
546824 735619
826837 325369
144559 279433
32408 421473
481750 233145
2243 770103
633958 419327
12142 124873
133540 717284
661759 97991
315316 355466
735833 308234
4560 718482
428092 994392
887010 343495
930995 115211
276025 987689
551341 414748
415698 896121
314179 76415
383472 836500
352571 154092
281103 483242
831857 967351
539488 122633
171119 496154
33426 924735
99481 120045
209184 816282
45138 678494
734480 339890
120048 333720
643014 783255
335489 628984
594953 618391
729737 448374
629729 387866
181139 833330
940664 48247
207816 103581
382723 520226
655370 389997
611642 571701
420251 936656
104282 576921
431063 926987
371487 818565
53416 462557
230012 185383
946763 401088
811232 336038
370762 35347
77058 278530
863236 861139
401849 552259
617156 321511
307620 753891
61022 574775
305388 942753
722308 469209
868001 396329
701295 83262
762609 548349
257896 479534
268286 128888
560434 113320
915191 644393
768961 933948
706093 778810
512224 980674
85085 281443
599685 924680
750337 529814
663801 725317
195598 421011
522960 677638
143600 301698
856692 409960
248981 297775
430289 99322
930391 903465
209419 647484
976344 652505
955371 411438
845906 976755
117945 787807
147415 140835
813904 557004
715215 998114
270463 875649
249679 342094
57002 897478
77855 34584
413636 248421
256366 418359
624046 261900
402 378992
883194 238451
203569 853450
729684 617074
245233 131433
527503 144023
770475 611085
956198 808185
265975 930701
476382 218217
824925 232720
889198 500555
801439 342216
380677 340204
466436 206716
194980 138394
42805 108839
856690 551596
558411 987453
861936 955262
911575 371329
813316 255469
606448 380368
783458 847582
958601 477299
812123 271419
457904 190891
705745 417583
401288 588960
919628 250377
788618 174221
344218 156100
2584 160357
441867 485714
562770 766338
410079 455927
564670 168850
222684 149325
536567 310282
338792 478540
493369 31191
916735 78285
32899 739969
494983 778781
938009 96802
870317 726192
388449 797281
230282 263370
744338 92332
714783 230513
897530 101978
656350 77993
306748 225769
65718 660294
111645 204908
118573 771157
74843 126375
873024 228388
884098 280521
563428 60267
802543 858890
836887 466186
533680 301642
107901 521177
936389 660688
827209 983186
644781 532277
10115 652137
695342 788880
368136 296273
344091 764357
439831 591341
316533 689704
665728 596646
806882 378942
636951 397335
297895 64133
184271 651774
857035 426110
263782 130342
599754 981249
221786 706201
644236 795842
254145 166173
675024 515596
381104 285272
649783 357309
877457 873203
655028 14072
239985 989806
720665 912839
402256 72875
942797 508349
520885 813509
330516 608264
565481 799685
475618 398137
416171 324404
203818 861900
958898 661041
412788 779467
106929 844776
808582 918368
238384 356285
528942 952534
79731 596963
49413 833614
676994 587513
362357 584503
358923 248767
176668 906176
254026 255063
680520 852814
81091 631676
642605 294437
634376 818533
133755 377550
202452 843902
359486 415914
377716 565433
789544 936655
65312 146532
684723 182295
734373 823385
216169 513004
207338 448123
411644 225415
427645 720847
227707 855222
344844 910197
205641 432503
312584 683338
668219 655357
94015 817130
894414 163139
257858 638080
723054 859203
815469 632214
340201 233136
391313 790986
391882 717988
727053 145331
185527 332250
282473 835826
270424 542471
35015 555428
112244 119340
576591 446307
308939 531883
753250 343605
543368 104632
799440 699954
837789 848820
785263 940905
836202 547690
460745 240419
201059 195238
839564 372278
682944 991028
672031 916542
246276 334862
300014 374811
472309 646396
408536 216192
726069 467760
60988 908328
468148 408873
808785 374650
965634 839529
163004 931526
755401 229270
764934 361285
956994 323785
260967 135904
486507 923581
677658 418981
589824 430364
875652 301768
775529 342798
211568 562258
266922 555196
394039 613981
346132 173627
727817 631870
69063 257791
156466 47972
280661 343350
785725 295319
573848 457724
136527 370906
582185 822814
649516 539905
258598 721140
947588 608392
727279 118678
176845 172382
884110 844855
695684 783892
820026 547129
769479 317476
184753 600535
160202 463459
932532 836212
493994 618040
246325 779154
575969 884513
791650 427799
601509 688834
305460 491951
649241 902663
797206 227651
21287 917171
217949 619682
308735 43572
838387 511045
752984 551861
876118 55682
555327 102096
52336 135278
813176 473370
330123 133237
852432 513036
264337 588461
976533 735637
562508 76093
422875 725771
878925 572201
948715 743776
690773 626106
393730 538016
620995 213433
54703 760132
544045 576409
186371 602338
769603 273223
597123 867932
433296 28216
446928 443032
832656 189538
861738 292351
861319 360084
805738 471302
643033 137462
93499 174847
843641 506751
879587 100192
144721 730419
755138 127796
916030 94296
610105 342456
398828 113465
391606 423525
87259 840943
245206 486594
885624 479903
722989 46092
817883 350728
12036 226115
43109 242783
960743 795422
793605 764041
751744 828770
304920 158337
481157 293
212315 734354
947882 498337
448466 551554
80787 727999
565328 234750
929053 617489
381864 412105
878065 632415
100629 10734
669499 401506
313595 284224
279085 507072
100676 543195
474263 729190
435366 55701
915005 17115
481652 744500
158339 216514
753892 328260
810109 671377
602350 866032
801971 900340
498506 247464
922834 271875
585199 654210
959732 63108
265242 701454
657959 366845
346583 923286
410769 2688
795375 732631
572064 95641
679157 178750
945743 847664
509174 609178
777452 273803
740061 918150
9943 22740
943520 641468
813627 964834
435131 815038
676881 445506
670397 128415
11994 100232
703511 209119
41923 788361
262660 317865
206360 770030
881570 660765
109579 962898
423454 561196
817314 484987
564184 385004
513005 898514
894000 518484
114839 657175
762399 146722
893925 75047
906462 699550
262771 723533
638930 941139
127916 809844
80222 915221
344782 95954
116505 104473
2417 908778
230228 422379
966244 226743
998065 913269
470426 844189
106939 274475
758683 984915
454071 102749
613661 707700
998077 187768
615031 173093
126213 872001
519814 517611
94329 339302
684250 373485
434854 16750
698924 709387
408748 90505
985933 901748
201088 199374
972891 781547
127405 56278
70517 501678
816133 831211
824219 701507
710714 742488
807279 307868
972702 65559
569228 585420
625016 623262
599643 741853
698749 442279
88385 96303
797477 880433
956031 847414
274880 121966
934746 291815
948099 652852
199847 32500
553262 115725
869509 430772
976913 756130
922241 258736
43087 867208
144340 923833
527825 581310
536052 302929
826055 448895
879646 80278
861329 146940
588476 189228
869421 345468
103409 761660
154030 746232
665703 252982
822674 992358
137760 898908
738396 692056
714424 478036
122055 226062
596709 645700
572904 324139
351466 628357
395734 1634
182983 573493
899261 2987
71096 921943
288140 815907
46553 290293
163343 491310
869928 315983
408289 330733
441880 96911
58270 72141
356150 148827
210809 546370
587955 54960
501025 649913
657428 151832
984913 30242
26442 572863
771316 851801
557299 460833
260003 511793
70326 860259
356439 675998
15815 311961
495014 210724
425018 58327
727348 98696
606609 402700
296128 650119
210208 915141
225788 53437
385559 905636
241190 749382
36921 945824
792984 301948
200919 53697
610060 15411
10006 316030
5603 374422
952131 610091
669614 392807
693280 887863
479691 73681
549365 9885
920772 171444
811891 222475
158231 757161
144978 973930
102934 185749
810683 980374
27637 263437
294470 343327
821743 61448
733798 922059
309848 334157
609476 910854
731112 784254
703199 29456
77664 620127
289841 348371
445930 276141
795176 731281
387787 464896
632404 416989
399482 239740
305718 997333
190206 134093
189456 294369
47266 942008
788627 498671
186313 845369
360951 15445
911595 734674
368658 433725
221551 143990
115814 694047
787169 542957
169580 103338
409446 52529
152125 772560
556949 509242
15084 722443
267070 411402
306250 133857
479737 463100
452932 812603
567759 256448
918450 595831
787840 736144
6666 560117
10594 679076
372827 420767
81144 945699
893760 135352
221550 942744
28168 431555
878999 964030
287517 218752
910308 486076
637385 213318
364793 115692
261715 936428
167936 108026
266395 731902
192649 944008
497758 959441
969040 13600
87596 161467
112993 15321
272483 553371
325731 321351
187578 358157
217054 231071
405604 530113
350328 627835
106295 664011
940949 636363
912854 53494
78598 584116
305934 574068
770290 548808
460789 895445
216460 676986
579301 802265
484375 92313
395792 359643
711779 467902
386068 299217
895778 280959
552388 262428
744916 510783
518901 469983
920397 979326
764061 980160
274828 983292
479783 162390
155833 484636
889669 620248
897388 982827
656235 537660
532935 832599
602764 384818
257415 489268
126725 592838
330088 539734
109669 41489
137437 66361
786816 617978
395161 243546
726299 198574
816733 508946
14484 16654
302511 337735
165452 132749
541979 718973
101801 536536
299955 285415
891111 366906
237477 999712
288115 887530
346300 397533
632874 578403
915071 599829
31245 489833
731376 758309
285453 232741
33405 388257
583433 903525
470057 398738
503087 4425
280602 746908
59851 375384
546439 391364
546264 457261
255319 880806
161777 103138
123066 705166
94787 14631
845214 802642
250335 486356
508733 957818
2618 465510
677133 172405
394063 972179
992585 192820
679916 679822
201225 997899
827489 219681
841710 336631
719698 818210
167314 554669
946602 784411
997862 475460
134099 621444
271627 512062
864976 556977
164085 655455
55971 185895
496636 570307
751942 25229
918103 246953
542439 119067
510738 518216
398936 37375
509996 436794
419052 636124
927747 169202
830929 641175
351516 744432
511732 115308
638475 57808
76038 68885
985892 938591
222858 186729
924929 690906
450145 611773
821900 330442
511281 824657
778568 145706
470111 105828
654178 304860
926735 439045
700419 4745
167513 22944
276137 65602
263060 983657
123651 26272
910203 98484
330190 104933
778206 200935
792544 130745
758468 492831
769134 215047
258093 695458
384513 303344
352317 440968
874441 65514
861056 373035
249632 510122
455821 505565
834372 703252
957828 854358
572439 992395
793550 19561
800889 330383
960877 555811
945023 574152
605177 92456
989779 964814
965834 505957
987142 141083
586672 759622
73713 581498
616719 510201
982146 447453
373545 177294
510304 688142
291068 903866
338737 775321
274700 808057
115889 604107
561607 193289
80935 452906
666933 532533
308861 911704
353415 413364
922569 657859
768754 648229
652575 54957
775412 154727
138618 675814
913131 315865
749429 240002
388504 449767
24704 306763
737041 818269
89257 613102
512923 209110
347582 655780
628842 620296
200464 591382
878077 245361
316622 636879
912375 185684
575373 54026
509585 203522
736657 270317
381563 259111
489887 975769
149015 221150
856919 803972
451951 855268
575760 482126
380977 501786
252412 108081
209278 23364
430724 910203
681683 879556
91466 226948
162583 388895
252193 285869
214035 125737
902480 248559
600623 503931
554351 143320
179236 581018
903072 656046
53734 567612
197375 260578
725258 446239
255427 588388
140530 713752
668119 593675
32633 822474
693749 33935
845828 31250
516285 799093
199883 722858
78333 493797
412747 739072
912676 203613
959466 175549
759840 905574
71896 555624
930015 434556
970172 372508
540838 891485
317164 707116
480620 937465
441655 330898
258790 4995
507442 494140
149924 160673
973206 106697
528415 891054
664488 162777
536626 372791
496260 419702
569900 218274
96643 20509
621884 306777
231090 735971
456383 68715
803021 110565
256689 454157
805754 980659
149114 36508
989493 706681
372067 696422
224914 454375
376201 719176
164230 132434
780597 13166
497104 982850
574904 621626
658634 299067
993025 189455
820845 376467
445825 716123
935364 895513
597102 327143
71939 102912
179133 602016
696870 920799
479322 460267
819446 267002
503211 992239
796069 632949
151017 764980
409269 811508
967509 607018
248955 746288
233600 170618
501163 386862
389602 342594
890020 18179
831251 647679
435639 223348
437841 789824
99850 472518
595389 842113
408314 161418
568611 176278
819628 599486
989628 897765
550097 20123
809191 511240
891649 822960
325995 754600
269181 416791
217303 237993
510026 38784
348845 417943
563334 223370
274538 875667
299385 909615
388361 816852
326420 217068
897195 489716
724046 259343
64324 940768
389929 71929
598815 867560
554560 89683
207265 247062
903571 183769
389435 285133
305968 633921
966461 124323
459743 493277
317604 858144
995729 709812
12928 695789
944387 828522
105329 352851
200212 888079
778171 434216
651093 661662
581122 951449
497408 662810
143730 494700
919145 703280
664928 744173
194487 24052
423732 320840
617181 274306
763128 204128
792229 37148
32352 385362
410627 403889
180870 312879
655362 479604
935407 671576
872760 333886
148699 845635
119077 18218
807347 714893
233070 909271
369593 294111
478295 168373
361071 629650
113459 452786
814377 153368
121217 893632
593603 656891
290729 219409
877427 122527
616061 911687
995588 355196
326763 632922
609439 238219
111875 427876
702384 537287
685810 378412
697736 7641
603489 712430
569428 137831
961266 161936
529552 861397
566514 731573
602912 225971
187364 88158
853726 612925
711792 771432
601386 592108
316236 647678
493952 395171
208888 521020
591981 140607
204633 999909
937108 375501
467697 363661
917013 29674
165280 977609
200595 286682
646164 533212
844536 966594
334673 65129
802925 987682
839798 136079
100269 885361
49387 599831
687529 925012
78493 583339
962891 887423
788548 547052
41252 821717
503589 266348
87468 663741
85837 536981
745169 680003
883712 217273
71916 13220
390391 999388
62111 768667
218077 462305
19856 930350
937781 397389
852108 153210
459082 404030
72084 706745
881010 207053
917560 500412
341891 545512
60248 794563
228091 243274
358097 891271
693322 348579
622072 257553
515939 853062
449163 371206
292657 242953
134865 310046
924935 861263
136931 448903
384868 377769
184056 619724
7752 814772
371124 105201
688452 393564
616227 576119
167066 334791
418042 200256
90432 315692
192894 477691
978213 234700
327804 548029
91981 432387
235332 428720
481393 144
717020 380757
233222 240070
231337 51576
1137 728145
896368 304256
328961 568679
354979 614037
980859 499242
916794 956277
457380 756977
147739 136374
193921 788619
664196 130179
621588 40339
89511 500619
520439 173431
339214 263340
520563 352664
995888 239323
247358 39501
886614 338432
32540 607191
553919 999483
424227 428535
434016 217184
977381 937104
836945 6364
268267 553047
927698 318726
558831 845533
934090 841264
212595 627981
976662 920547
530984 675710
718355 148347
322224 312262
958156 71516
112001 702487
400496 638312
128027 895737
821508 735017
717027 785328
648247 457377
110065 244042
407474 497643
680344 336087
161001 404316
165328 849774
744300 240681
464900 937980
146996 601515
749435 349543
292400 629084
441456 598380
302873 688737
439081 884288
29261 889106
500533 13332
899338 323513
361247 805663
167993 826058
473395 31090
728952 389990
715336 792221
611242 724779
68912 671792
599829 553164
782575 419104
662997 85636
822702 533055
51509 664960
481951 198213
76473 652409
560775 495715
776767 670491
514242 836606
505650 712833
572513 259972
762679 996814
144890 744489
255716 201429
78817 723716
431651 228680
707854 393397
298118 721791
83455 597110
323673 955000
707670 86816
590200 713357
828300 866634
582496 911442
896518 124301
81143 185463
245897 751518
831769 901516
509645 834095
98590 106321
595885 145276
156439 264825
693053 990066
102630 540707
69225 98140
672607 606122
98959 291038
618876 245188
605811 340182
994193 376457
951036 566107
171963 652830
100589 726480
375560 107699
691242 671707
918551 841985
981201 586828
832122 36360
564563 474351
109847 218570
155024 809384
817014 638544
557960 628032
106773 26094
716997 427914
881671 865807
357952 117307
960023 502207
970696 73681
284222 441456
541265 403767
132509 25433
43373 136556
560923 520121
223428 564041
239104 306419
301729 949920
448234 919112
596164 258066
364912 196664
663037 608489
54224 930607
975578 845733
678149 541891
697564 189421
498074 785308
244448 264818
163176 851674
646297 854302
976074 24356
415384 161720
35517 460662
971926 515974
777018 977636
583366 275003
343828 418069
965768 899763
105303 478876
899629 650712
14956 680688
456576 515708
857083 313567
88190 613002
361428 69657
133421 859160
485384 664902
61485 969160
291460 797268
84498 516000
410030 885241
633174 335005
997521 982777
505231 602744
115692 779864
696648 247020
473314 879813
223485 159106
644786 892400
412810 874972
327261 761680
519591 366023
878007 856078
720889 899287
834078 264520
804053 651286
274080 901695
908099 856767
388186 205616
140890 760981
55194 904432
151374 635708
100031 831404
823610 88348
278854 48109
377168 632993
872437 449217
28893 216008
772615 462424
170837 438203
698004 939847
97348 218295
830127 134650
959731 171981
370755 11360
118355 801258
822852 975316
633350 745876
706263 521683
104235 327111
942831 465552
614069 157452
13254 68193
3600 802516
640035 382118
736892 813252
853266 754360
279106 913362
273586 591829
569001 159883
787323 697815
762908 572110
531325 363983
21506 359953
902398 984737
596023 924375
97142 529043
550851 166150
687652 162712
43930 294716
314069 488862
730264 815743
86223 108600
644186 365469
473761 361628
196968 696603
842528 223216
910081 941888
751857 300094
417396 871390
521367 119622
913748 222695
683913 421198
292418 396006
792831 95500
991705 480290
103583 131567
735499 93889
514298 25908
310474 243503
959946 768242
519164 82046
971620 118271
701318 403252
529639 246033
667272 173194
682462 308961
742619 504863
569649 87702
438222 434719
874958 414402
590042 845847
616709 395522
175448 172424
962389 68124
578459 338215
553667 978188
989921 348268
208022 141014
395404 615016
828084 643060
958101 274534
523224 359217
79790 906503
710676 766299
288064 493605
526410 562155
322601 567068
318171 30776
215330 511686
682400 368747
234062 304310
60873 418584
377299 822102
432919 23899
130560 435692
672212 43864
366599 270135
194231 449074
38228 400202
128289 956489
17176 387614
125765 966395
526097 300634
882799 601087
355643 330019
713626 635469
980645 24538
133661 855113
4899 232665
43938 714022
631249 151174
767171 765366
898289 916665
473062 313016
34142 677335
730010 854222
48526 547371
873722 839572
656530 859012
492144 461166
938114 883126
49239 716364
424791 619831
37099 552944
16097 134477
87273 979252
171330 483144
950262 795622
37851 117173
836425 75203
720305 685199
264709 870507
847655 650930
465678 263197
857563 75025
508861 982863
816636 780642
691227 831197
565292 502926
318139 649088
720210 221361
142356 712246
372427 954642
136862 793475
241719 162402
141584 755268
456591 893814
105929 198124
745550 400505
850570 590476
193624 907873
156696 273999
23336 828126
78627 78688
807820 137707
488499 476265
789922 636908
422861 530305
128069 266932
292698 389976
124576 890772
585554 205472
893951 963874
267546 947051
445848 463639
539202 24346
162146 773876
824365 970458
411612 938471
408447 80989
348908 157944
300799 509125
255378 835417
70633 433683
243596 673131
478263 872470
995007 683515
591879 71589
619399 753655
380422 736422
977692 116876
344139 140864
946045 663008
721432 779845
666848 944729
610523 182724
783818 465630
715026 617010
18602 715931
225243 148253
123083 860827
780184 757047
901117 605430
923310 695250
896082 166016
751623 33609
2885 113526
451820 420260
162494 892676
32117 236727
835006 787204
612099 910838
238921 112707
876242 565115
876453 971096
697258 597831
794297 797058
753887 522795
390836 850487
296279 181713
391490 79364
418067 977183
326970 781053
222963 542628
398670 958192
103192 925500
812906 662465
395991 64597
399649 361969
827665 76191
788972 307303
967819 919634
220813 674231
684654 417827
473879 380012
167539 389478
972069 199749
908343 567646
853229 530006
428420 511831
969839 765134
452156 691500
163179 92614
150673 331457
853665 680088
851317 563502
385327 694803
713890 409776
477 433996
977558 383536
665448 537102
176671 249826
280676 315284
269724 798086
620483 628870
252969 760360
775149 326770
575767 649070
992376 892964
768862 788432
507998 69518
280314 753259
54268 703415
343390 970151
717894 323569
88914 185805
775921 54461
490359 547968
653198 149061
67385 273700
523416 163514
941873 722657
414728 217266
761154 603471
607082 161638
516410 101971
618800 972688
756364 263113
113141 928205
254508 600408
701340 386766
580665 268702
655829 959934
275925 215949
305247 419540
286438 959722
244830 467179
47037 515679
60876 879299
573217 593860
376877 871494
247135 871073
356005 154484
957517 92605
905107 377098
339555 40341
690266 219088
110104 650324
728455 506673
914038 707631
759724 851093
754951 844321
48120 531365
663458 997421
663928 758085
692998 896145
40772 421327
458398 573852
810156 346900
441833 32184
609658 95247
662044 753798
595258 12423
943131 892082
896532 443415
181662 587729
858845 751661
758582 144267
669049 570966
60841 202747
597036 237945
280737 363263
833615 902845
72929 795133
254479 806040
595455 958823
356795 668845
957232 696506
135591 102150
129811 138794
133118 849436
534617 186511
156326 555475
547996 641917
175349 739824
854696 202700
684190 594527
807880 916429
216225 348515
495023 121737
356547 806410
144683 596252
840059 163341
718341 29303
528334 525537
784238 204193
327275 218644
237961 46941
61528 848917
360516 614008
313007 66426
861424 132777
863291 625426
998623 635197
843915 783132
793047 473176
358727 689222
674321 535903
953637 68795
161567 12351
475141 548529
779346 617188
748888 485442
287187 692785
870354 950443
518870 591599
367215 925420
960071 608658
37800 286584
221385 62657
492305 495257
706005 213651
619151 349173
727362 461438
163795 471445
851089 78095
525819 968716
828946 390656
914648 271190
653843 473300
888610 325825
11149 998711
310164 220280
133271 755132
902606 650488
960857 539184
945452 992490
944601 481263
519597 910616
380441 393928
647939 235832
142143 290032
763982 900196
935427 391426
47536 972824
849882 913072
77414 940513
796279 165951
392827 450274
64951 119748
551928 264688
541305 36239
874279 423949
780231 901039
136778 656659
5531 246918
369050 881345
413459 216112
27904 248753
283297 556262
522718 639070
12552 267159
902719 140972
505985 353724
905608 149561
559607 851317
554636 846395
435659 924366
515908 933911
237424 909850
231909 750505
7246 493356
959278 961252
582218 287393
958456 973256
4211 770799
47921 22705
88987 361178
577082 176470
948762 323967
238024 856202
10844 263834
224360 514163
959106 763784
432547 255975
700738 829468
959172 457039
586257 346155
496047 498662
998309 74047
982122 69574
605992 366735
692986 890952
610452 639055
381507 669864
998770 242948
213917 11392
45458 759600
159493 524038
184255 745655
743230 51143
754395 235265
715755 696727
438800 544778
961848 290522
958224 229079
842543 590487
209654 492363
352566 581688
225132 551759
364261 169754
627724 608215
753954 866725
676784 110422
753051 618525
511393 670010
950093 309950
314715 939105
224669 340156
617236 573855
571369 349499
339552 307206
157076 329071
920581 857732
377837 273244
192558 856510
115163 118838
861622 561086
552340 496922
805791 424426
605662 323625
976077 12898
773383 607457
101702 409119
131710 225679
671949 244016
175401 470509
467531 772215
909856 803551
301103 109902
954457 670578
205991 698833
445648 265413
260955 440446
552458 158893
999549 468514
935464 590352
789178 143976
25868 469412
943727 380895
935414 448480
492997 22087
957324 784901
225186 374372
507146 245516
903500 395082
217534 58804
433307 748327
801785 488782
187169 191210
642120 198784
142965 593269
17098 875985
322340 335231
479689 814271
638696 750901
38596 73052
175570 23933
930312 421906
244837 470571
580906 582340
614434 198275
332016 948782
910041 412014
817306 280706
685431 714193
58926 914
805329 339685
234261 680604
385199 263248
430739 82957
501051 924796
434735 846946
379458 181389
325558 723783
837165 998446
727035 571039
125180 88708
640490 839005
489764 504347
339398 632990
396534 151296
954667 511636
868150 388149
465921 786709
348105 777961
381460 155707
89128 198513
177038 716333
293203 71013
618304 755785
376476 304023
977980 8272
704849 603551
930840 953520
408193 62329
364197 760957
877462 229623
642999 250327
965085 944453
709364 713341
616446 156642
909926 975299
660534 907529
313887 230075
794941 170840
94948 680768
245541 398015
159784 909861
951438 711537
400425 791976
388459 204804
368533 180516
478308 714713
295739 507514
564747 919907
395677 376754
919130 258956
975825 123989
360447 987158
342750 583831
196307 675658
725008 516528
863144 925749
874518 30431
109689 718446
657914 243961
628201 15348
843013 521448
925137 271020
542696 540959
79016 808699
435750 791980
858592 761352
206625 968577
665000 533899
279488 911486
981469 50961
691182 143658
878220 602730
52870 73136
391623 614747
572003 967793
548233 700421
392964 625301
746692 696129
127276 689613
885349 18637
888054 193466
966516 173568
307773 487117
98160 960354
462886 635335
747640 684351
392029 6511
694832 953714
649794 564704
264331 536812
494515 517948
69573 24183
325040 292355
255368 756005
105841 915615
880754 917843
271222 186708
403028 601127
600787 427490
663835 13748
556591 993171
44012 347886
261789 913209
944659 764162
497536 919422
969436 28026
492082 554189
660084 816188
561371 331457
119844 430310
749215 960159
933994 556433
799126 247993
266179 751926
726655 977441
687299 839655
809442 886941
189437 320382
130397 61001
338994 188594
216856 720903
218750 58753
488666 950173
828973 631166
68984 276409
372047 336418
953388 289578
855823 964222
830169 430483
644232 834086
194873 721123
342605 550810
766711 603673
366822 808827
790326 692140
56623 29531
431186 590602
43247 200499
771546 255525
863754 434570
806051 454675
298679 139594
640082 483327
922383 153831
913091 538097
420031 721717
381260 131475
884873 509385
519991 677472
13243 974939
49207 348205
632920 878778
39550 168003
394054 557163
24110 884970
875388 883792
367114 420105
14775 198941
565198 53386
288297 377292
576873 664396
330729 188173
180057 116515
348939 873488
978898 518154
301180 947217
505661 709695
279016 255004
507607 235384
287007 115342
311916 110209
712164 412679
272978 871420
164494 374476
375276 478335
988545 460979
690685 606794
990038 429498
707073 436062
288721 446853
819959 581355
3452 227209
654447 24793
524069 811024
383884 733031
154146 461855
481645 744830
513316 178801
166298 911933
601537 33263
461688 695819
954131 120944
154778 26472
878977 575351
641046 876149
395425 218478
318301 281730
517732 547093
47657 106909
732891 488849
426151 22506
140876 501889
995296 311773
559130 30122
270509 145555
327095 149927
773008 107811
145499 581459
781710 917466
736302 343472
854676 672058
220381 302910
539212 832621
722059 344355
553536 435785
773004 850032
270569 652853
390034 468
13871 460275
40855 776023
762697 254896
230410 544919
742799 254364
318838 642648
530599 404382
613646 675890
125586 226033
21205 317921
507466 465834
716994 176321
439169 617879
962212 492091
931148 558239
612548 765521
822884 133362
697055 24579
624348 893493
442274 612539
543983 495992
734902 526768
968944 928288
848223 800566
738249 399543
712692 773991
396093 663712
880987 987637
137211 574175
42374 338738
428990 849731
925890 125316
561535 266035
89012 535213
913390 304744
669921 232517
554706 36087
943601 563054
771194 754604
758225 71487
931162 203457
253891 773850
856838 986346
616864 391231
701880 44039
678429 299896
665479 985291
883645 647842
533768 493678
259823 147913
855386 829831
581581 728149
254524 262325
268088 614167
689666 941096
750689 516700
925306 879094
244717 774753
617953 123550
321488 209383
682751 349139
956045 128146
903003 828833
970457 796307
535261 960061
124056 777895
897168 351639
540443 503505
273844 878104
313632 810606
225488 259706
734321 682341
700783 219044
546878 608477
876404 182818
18007 73086
742607 550187
441410 109452
366493 344151
732779 272932
206891 19727
946739 737958
167515 812175
774065 968997
320154 116187
467769 229944
881502 252350
157956 685995
485411 927701
789092 58665
490167 628297
988151 156913
105411 308574
502558 151684
63607 427814
803085 824404
620974 297982
738663 377109
471723 526989
10022 846759
181553 596639
875203 173256
318893 886536
7037 192450
534717 793837
713393 241480
290310 854754
897920 930912
632394 992117
975180 247464
79145 426660
451079 517431
416288 698523
642755 520578
354595 205514
681813 417394
340469 2911
844046 575928
391600 688787
659379 517760
216981 751512
221250 419430
553954 896719
256646 63759
877962 584377
701594 27909
227224 829903
576734 950450
445249 4185
626381 693551
543195 110564
355188 925338
451364 529119
93292 735701
691420 465129
670883 456763
938228 960779
262512 468974
159533 788152
340387 836850
332582 877856
452810 383510
522706 321888
216628 691560
193300 662987
253518 722993
21191 727747
625933 360107
289786 689936
929862 866578
656324 387408
840694 424098
827849 80679
405872 117042
846986 327614
773513 784363
993877 454585
960976 472703
713588 177618
96438 828834
690620 74396
539019 544471
436351 742925
720664 411240
437688 747271
93538 549756
904336 842167
530922 363190
185241 569057
879643 140276
34299 535172
531307 433719
422402 174158
153391 874521
775096 874246
206031 511594
663602 851291
608502 765334
144796 266174
600488 247691
536299 905136
783670 417200
476731 578140
547524 173322
563368 666974
524462 517833
343892 841203
76810 832064
674549 504093
232717 618156
345963 754051
877053 246322
227813 21055
259523 270733
608530 903134
765522 344621
993848 778287
980180 551415
17581 910331
39667 915657
558226 41579
397553 155641
505283 288525
719823 623839
156999 616824
955658 372586
413575 581943
779222 291201
663924 386777
300939 868911
780332 16241
971094 760839
692864 186459
404007 623139
643464 319123
228595 442360
453343 778353
171502 617338
347121 102631
283862 255217
505439 366381
554946 86525
856099 951296
31765 616170
334198 367504
877486 852621
445093 291499
306781 831297
882071 742166
155102 354782
385939 563411
661694 849743
472040 273165
176319 226449
798891 646197
759466 612721
303127 877642
224623 686348
32455 853129
919578 369943
275825 179546
900380 810806
580326 519174
989252 608697
610694 791117
469619 478072
591903 303977
123907 522801
640185 118602
689192 339259
340006 21424
79699 489681
992491 459303
762193 27283
574866 473224
386224 997447
600456 82819
900788 90066
140778 281082
727956 668957
996716 254796
830619 289274
814159 922015
784297 381143
742550 960215
35114 404698
33493 394256
504131 643516
463210 981154
651608 888010
912309 534183
520306 137851
856552 636623
407804 371425
856117 515317
435426 290546
224399 308583
147446 211218
307982 726274
127856 452467
181754 468781
829382 694530
285897 211718
63144 226445
445303 216770
428381 948299
287599 840976
932759 983317
674813 114630
285230 593282
457564 645612
447662 521793
675306 859266
565945 994572
772042 739287
603054 525146
984896 334397
631396 700270
205165 325604
17487 56183
764588 343780
202210 825359
854780 149682
627585 508661
200961 554101
962155 218181
592887 105353
455381 402841
492269 665842
242466 772515
567231 886710
90124 224448
654020 798500
208964 788239
438333 282945
104786 817731
561468 415844
673434 84103
482086 917336
653116 934237
612578 961606
683736 281594
886698 642945
797391 477337
352073 318158
812398 729005
523721 121166
35856 362443
257 816218
650470 311249
45742 385305
455035 393341
117605 90112
552478 427779
814566 880340
908095 144412
948038 841650
435138 42670
522165 182158
342945 487981
859052 720612
439760 166077
264401 140752
323550 254600
562880 173355
717806 175022
597856 68474
305842 839265
199372 518230
805912 610806
986432 261272
178024 152580
852877 554179
621724 938786
918227 187988
364743 507409
719694 729390
93176 586261
839670 714
907329 57107
434486 177143
420122 656874
342742 80911
109427 877105
844600 874012
719073 930964
268256 553325
862385 605852
226568 941697
924755 441836
293688 766317
178067 437248
218400 599728
904581 174791
938607 248469
867322 736621
735368 946807
725453 569176
122296 184258
682583 233681
491331 132398
305291 476564
82431 19793
724137 477205
292054 13674
374759 459433
699944 823398
749726 784024
571364 729216
545522 122593
991650 581219
641179 708787
330931 320250
299376 837598
26920 824578
300717 907197
419418 913047
937972 125525
542236 461832
545951 895217
403393 878663
999167 834592
134216 883461
309997 464295
150228 493383
118622 399042
796748 118073
400844 805133
672268 30330
113075 574811
605169 786474
304418 929338
476493 525229
546642 703854
782039 858588
241575 300009
806697 445323
368031 928864
243344 704285
435787 893321
353512 639216
747418 38040
573482 61741
209608 48466
281718 672559
52528 628974
716068 455982
552252 727058
370121 361488
936377 152333
999321 60279
670960 91684
133445 556194
161135 326237
106471 763322
634525 128501
564598 629958
889518 387936
827861 37517
793839 596156
568281 424002
151305 186578
946105 745888
633353 179542
11547 902919
867815 158559
851335 859445
547830 27890
704153 56748
488946 860913
922421 972215
760012 592296
946228 932207
289561 788856
137556 628730
35901 901431
903047 838823
221848 760848
541880 787802
876065 895908
747172 650068
352850 845905
816317 897471
967268 161117
175572 778788
41219 938551
976568 165163
898565 917470
20108 276133
960524 710279
650664 814027
934174 830311
47172 290843
566148 251178
608765 633848
31082 233918
560636 803871
457052 434248
621060 948279
37217 545790
971399 341944
203729 34757
315412 398986
258371 495551
869133 517624
849018 500024
171191 174360
520331 514152
81746 297243
487177 885840
607292 449807
22516 346122
859038 250228
160120 332819
422993 825309
703781 167315
856340 749209
934033 72983
454536 370741
808273 49106
145654 872545
483916 313897
815966 634533
337348 468563
733874 360111
87962 545433
840893 642859
946338 515803
413666 768172
39855 340496
968696 333871
996003 51812
852183 729613
634714 473819
219928 323873
522423 276264
629494 677242
400039 920504
965274 429349
716537 204250
775946 996415
59500 576756
698665 432338
499846 934722
84618 195604
631996 643567
478538 200890
427946 697518
910898 601820
302047 680611
59227 154287
729180 924185
982884 238163
571758 27659
814931 737147
934355 946545
207957 508496
213441 145411
155293 771334
261808 826667
830132 684812
209569 996005
287841 386939
839337 440193
705636 404609
819168 1155
29562 975169
285157 929588
842608 129423
411919 543640
555449 129496
927590 663714
483630 700035
677654 555091
623836 924975
616635 770727
556622 346892
27837 750353
324151 948745
153998 628415
660507 599139
446476 164350
523482 913577
82558 724365
525474 799039
227295 95111
473832 957435
872032 184048
360326 803110
848798 323716
499151 802008
12406 557855
404400 209759
504455 770719
841685 146315
362003 583897
463226 550413
481357 30073
977078 860714
26567 801588
341324 132746
581732 868705
635788 204005
551019 234793
775409 72696
278129 886590
228443 886399
558861 115742
297208 257950
525485 679370
875394 24917
230148 238947
158497 657511
789676 528657
526603 18182
660318 42184
116403 152676
555380 242090
173426 256498
370265 8327
555801 344589
715307 569510
984596 43332
751247 115622
89080 236753
778691 345158
171032 902911
377129 560970
35521 918356
822104 721922
459356 962357
136150 182824
781645 99159
924807 69922
610852 565531
539426 471036
192893 982819
624575 362311
299208 240108
897477 420376
363740 690880
963712 316734
542497 11054
784704 164236
885595 880987
944046 407160
229652 627328
271120 786833
846557 461550
266709 822263
974538 399494
86475 636730
404503 230164
773796 159005
265767 665378
462430 316632
842787 955742
475851 980645
896607 122762
293287 188256
479959 898684
416512 127580
748068 262338
652446 548547
118523 542482
865785 945201
253188 427305
387500 369988
40893 2465
528473 76183
566771 277689
190033 35029
510126 995668
161662 582661
501101 144135
869311 112226
42847 230646
461166 264159
53599 156460
163120 196722
906428 993223
134367 410021
382616 44439
748664 512073
613091 787830
159066 975771
24450 706654
293870 508201
192981 577909
815269 872262
444896 108149
935085 348002
209595 519043
544310 456815
515219 328286
706879 490265
773738 257888
279671 666010
241004 611199
461191 885275
600308 170099
584983 539450
816838 804992
741432 59019
804583 866746
177157 795237
192551 308300
420959 589683
390309 767628
274699 669635
443790 159775
144974 842569
633452 998318
683097 525459
832362 318893
923325 345581
193622 702214
182273 292103
949075 230461
588507 278685
518866 920344
760493 764451
436961 253489
568390 828694
213344 149247
661880 463726
715754 295034
545582 955887
934572 181283
138411 202682
247958 919965
589940 77596
272268 687729
329038 600046
985436 237746
82532 860517
742617 789197
288701 692962
517876 858469
931638 427957
423832 722302
589743 673229
851614 24253
578772 414493
440160 279017
570091 528359
789234 11504
682180 826046
233300 925507
668131 957397
539101 79823
491880 397730
411822 390790
960727 331682
922287 306903
15660 974866
271514 837704
576966 665797
647975 591976
345483 897141
375987 416517
620704 446144
671645 685798
515565 400955
744074 277710
950584 81583
881847 43562
962461 502959
621731 806554
694963 184532
8186 335002
180671 918284
157955 947934
488392 817999
595671 145213
34495 703052
322323 467394
686892 574800
371830 831874
326035 815274
956415 230901
120811 172637
607878 987655
286186 540272
899332 253360
694817 947322
405073 940617
770586 996351
465329 106860
577685 273215
901981 988998
810115 674714
124085 837062
505371 576727
786061 250038
893513 137369
958251 144777
964899 371752
103262 62969
498307 902208
605808 806088
410271 264094
693790 960224
561881 545006
646389 342410
709723 645061
434947 184378
764141 249667
416159 570747
29107 643832
608974 144882
835346 571692
566821 750337
387344 369687
744206 884553
727426 132907
634409 513945
474919 848389
423340 960273
339446 76048
213357 248735
4214 896094
896819 493105
421829 527269
704277 937104
793119 863148
499514 414748
692943 853976
105621 75163
610570 117417
890386 514003
827678 433799
62212 767020
165076 174763
482552 859765
828579 76845
636623 280667
28079 758725
769064 521722
992133 779097
616872 859162
627189 972151
208034 130036
11291 620601
645513 477557
482267 636928
834776 399950
275490 816360
901047 304424
917165 403659
111679 159051
898082 880939
960291 750634
67697 452583
432432 427823
40462 339772
514516 703259
886461 103349
89687 823565
164721 985627
51797 217829
264014 859724
705275 649012
138391 513971
641697 317292
274601 804621
285885 103
375347 479589
752522 564255
112313 596245
213393 611478
799166 259159
517693 199779
930877 605886
971154 700264
202695 397618
682397 474101
859124 278595
268705 231293
719218 461787
532685 337436
