5000
14467 173263
585317 405561
364072 386583
345950 834407
66149 507503
854432 287633
300380 38271
101037 449736
885921 143730
492968 794226
516870 926841
841069 330895
659641 346496
192351 447549
810112 61505
422681 262073
152949 55886
323785 763537
542216 923637
676116 718295
588489 983436
665315 359056
119962 235585
866939 960390
163733 547507
996483 440886
696048 796281
37686 767162
717443 623477
46053 132489
82377 746722
673805 830074
532763 926690
767471 272373
571887 248829
630867 393177
205006 109285
134147 673055
641030 746561
527803 614704
887698 730716
242685 907021
837013 220310
573255 476295
305666 666951
104998 654105
528620 55730
521102 174946
720506 905578
246748 204182
907394 45660
23463 49210
436735 873523
443787 852840
354287 222090
107611 498308
921069 594235
637831 734928
72898 715880
907687 790800
401464 270072
175182 696684
24866 451878
91268 165793
574954 591848
9592 13492
210511 147056
38417 372887
491777 280412
219736 248238
46563 329794
74167 745645
986313 231382
921210 232559
987822 324675
941336 269855
328288 965728
839173 853338
593684 667282
651149 748762
445366 893634
996227 21627
356701 881170
756318 298260
782699 341016
264374 9834
119252 951192
272446 338435
492909 464996
483164 368440
793973 385451
543155 24760
768147 729557
292800 327384
920173 314854
412995 374172
944909 716892
836052 373009
885843 794409
115913 223456
687802 391405
828834 146405
418514 314626
673157 234934
927151 420593
117134 265457
513730 977385
113301 228104
764092 353162
678438 860745
843045 820895
594600 92212
384610 375075
329012 679738
688005 695394
268334 554231
828677 932288
909293 967631
977822 611787
124140 598828
401385 986065
55362 147069
189528 720353
798390 215865
426078 254212
125142 32159
425581 860816
216277 599053
841442 942845
271734 64386
475610 913353
893399 197315
108348 788469
11327 557232
904737 306639
49658 3602
992580 862626
207468 93078
35739 332854
503344 303177
956373 12216
950254 812373
758837 887540
240147 402464
141690 552831
595965 994994
997019 445003
837721 992134
957034 104341
599933 359247
310424 26901
908974 591271
977457 542992
249945 455370
146676 25906
156836 334057
867682 423481
296309 169799
441873 138095
166461 912853
361446 595265
492845 297700
865847 384701
18971 282038
773678 363973
299207 744120
919439 998085
585766 358733
358433 17987
24839 78974
939878 555802
833426 517573
915997 584777
324454 930419
972859 156398
350973 976405
744911 547478
465591 919736
996035 151147
777944 282369
849731 270429
687104 930557
515820 555785
989379 917541
661526 979453
26807 795009
134435 517405
224021 814068
545979 947373
91498 978737
376827 646149
625758 774380
893089 171481
403860 678100
485560 816276
128865 859922
499607 197747
151268 358995
156322 577427
792999 621792
537240 531840
757058 490300
665611 439548
123117 625149
505790 129163
163964 747391
203238 823974
164254 714132
320178 94993
919516 137092
827505 654864
706758 608338
966649 64781
501640 341289
932581 191024
695786 729500
235115 127237
522637 267267
717064 156957
705458 546981
382290 737973
103581 406062
400163 29250
118696 505224
234171 593698
677776 713640
835698 143595
188056 180838
857829 889685
423447 577518
424440 80036
903580 458826
789601 507025
367623 232466
169202 36521
229395 890107
58422 886934
724019 568312
654743 460049
677083 844856
734181 543094
261760 587459
700022 699247
297466 103654
7008 31123
688138 600482
283114 99607
523325 758129
679375 240117
487917 680209
244748 13512
472934 473091
283797 822554
167339 50288
940065 18002
278356 22759
493527 772162
926626 355297
702541 960314
178538 711465
380878 444075
440394 888382
557103 334074
193907 351144
466616 106387
983916 517568
854040 732267
124173 4498
226543 239655
6417 473222
240745 23410
69433 114342
245290 97825
502836 181877
761417 135100
170354 698385
762685 123673
867310 463844
384164 212505
844418 822746
478691 508908
948736 27430
913870 23121
784847 769113
587814 684971
414953 663954
921316 713773
688989 67182
94608 996710
376581 397997
279497 992535
697346 489268
760565 3641
712454 259759
97674 724244
342769 569356
359726 932355
502359 976107
948193 9886
694020 88027
207774 479892
582383 185318
698782 5497
673 906761
717901 186366
537178 334511
162711 688645
372887 228538
523821 690302
615526 689229
691950 453801
646434 531882
586784 708120
62349 131048
843151 864499
165331 642143
596081 41229
650823 906063
15494 372849
476798 495683
42920 386799
707534 21609
321315 355146
251910 354812
590005 151732
944979 747223
22626 611312
596059 891438
180568 912206
475035 318847
516827 282583
310900 904757
179078 984653
821606 432351
905070 882640
896706 696241
967079 505308
381238 861154
389811 214717
637697 309529
344394 587047
732408 275375
443409 53723
645450 173239
778770 956786
717206 244203
330765 712716
184090 702133
313147 725420
794078 690977
406382 495470
68990 958222
50168 95020
881518 428584
6440 904394
700931 262958
101643 53174
620495 837975
646624 684508
371317 644470
143274 391809
286155 943698
376466 398861
645085 989783
831010 282123
573556 872346
473381 985063
335723 307021
81881 616991
616777 719178
710247 140115
855958 53885
808239 83301
11893 660547
120761 541414
805531 973065
626629 984415
893150 844935
678529 836894
672973 664176
297882 978838
36659 113118
300271 207421
340150 108087
195950 829375
500500 525930
892944 232695
294576 930433
523429 762649
49450 71393
209385 216182
430019 366905
135414 735920
921921 135827
613195 509187
234615 422749
764775 159186
225510 310029
941618 714285
807456 37831
716092 462990
791808 191161
881204 556947
693526 501766
256017 903989
385273 220180
846044 657212
611584 256974
504441 692852
851360 536147
264331 60564
610236 483521
810230 409432
31665 191604
327376 876751
185786 807573
407122 331880
244983 851024
269762 844238
350858 537867
131652 961777
233140 272138
741064 985977
32229 580646
162676 931222
16498 142103
9231 243955
514102 381771
147925 32403
406641 131788
388928 235975
815115 114747
474250 22935
82483 117031
961367 679455
7503 717815
824909 27401
378360 293695
991544 589789
671434 871986
640099 118029
148845 328279
585600 211483
640354 639054
988555 800304
392972 808070
757036 304322
429655 569490
519893 426311
67000 840001
579376 331282
14074 733593
40991 59168
969352 337678
182647 491220
426789 377390
859042 336568
997095 572328
667069 859263
499215 563263
883933 172962
831110 585404
252586 711200
862436 465473
168696 786576
965718 820504
856204 782287
458409 388504
216942 186001
163830 352524
817727 902985
142259 419677
758741 969859
291879 862745
99242 699861
294479 592849
158628 522453
635275 38309
332819 107385
803056 336971
984280 90832
646125 549337
818590 120055
786999 273293
736541 281313
715881 152912
491303 230706
652377 708322
1075 504759
737479 984169
644885 514684
146789 58546
717840 102155
774167 988928
153863 353285
748830 633987
653565 634888
351726 371525
165279 60997
875381 551790
416095 838147
406556 235764
844747 956133
354718 859515
388309 166401
936909 739671
182659 701996
59480 841787
271459 861764
307046 412237
858456 539329
933502 535981
125822 540383
921925 439517
310606 772594
565551 647534
561499 337137
325047 207185
951472 929207
824280 474938
621208 52916
953295 762530
21962 286046
371429 261422
776378 97469
946503 957011
796486 453259
22094 742538
367685 935827
351453 459657
450090 391259
597082 773676
963651 182264
411435 100094
624557 566872
750789 492485
695754 801314
183635 734094
339417 782444
587861 58745
7149 635541
580612 480189
670008 963327
281092 205299
603745 166208
603459 876293
939816 111582
305559 250200
74338 602220
604895 54207
336180 327890
492766 74778
875354 984130
819484 93139
114816 422467
588696 925498
925270 688603
996110 961395
966450 229113
181565 404884
178589 484505
910743 713788
952969 68978
4854 422031
835432 466828
509486 688104
139851 296364
651408 121389
717943 3389
796212 8552
904120 408184
210127 370916
856456 872668
74509 867492
257358 469925
889400 730565
214209 82366
608699 63327
284769 508282
435964 954489
992379 458733
245524 865040
758003 65567
694310 771561
291031 389559
807375 351661
888975 735737
326150 434337
694174 750418
453451 747720
222333 159144
203986 124512
783621 541518
78349 941509
451159 60630
888852 531223
833502 540396
284921 940049
561314 897716
981108 973609
16953 630642
412148 128553
615540 379780
745118 490835
563095 569851
10127 349381
133452 1132
80108 307453
157412 206669
288665 955882
179671 528560
925824 788992
506071 333682
240579 979149
248944 873359
406893 939678
291763 167430
934557 867903
160940 840108
303648 947669
826513 779509
26046 606721
442974 139418
864749 186805
419652 893812
530745 948655
847209 323145
242453 403579
181253 555108
970349 912069
188837 925040
940252 529411
69581 352333
309921 208581
141187 924535
921530 777774
885867 518384
515209 82746
278804 303564
374950 645871
629094 471402
846948 606625
243435 239288
459804 922510
40512 403817
82222 653808
256761 109569
428286 703883
737537 868395
359509 844853
448245 862221
63309 528353
996143 856591
980195 642412
585395 289497
908553 754510
350980 567010
215784 454349
350114 43580
513485 241078
69521 458063
638447 734071
59886 861834
652612 672740
93861 539023
691826 979600
668521 693051
201465 791349
712796 324842
291564 891074
549224 528412
64315 325422
707450 138513
149436 417698
708470 199903
918200 779989
943121 597215
413342 354745
471017 313956
249408 309872
23690 739254
600180 207798
943657 499869
373777 914592
558689 241953
772836 642908
509336 769491
54202 622234
768082 94602
989632 35066
384771 918198
293226 338949
148443 925530
722464 929017
91856 367101
915586 130360
28908 913237
956419 82978
430689 701480
793255 429427
349468 996957
261130 787005
985530 863566
755151 352764
20461 164514
679607 201572
690428 197407
996164 170643
341196 772806
179179 545460
616536 352116
267851 385820
360553 810508
681599 956124
535010 119575
475417 418194
147673 43874
502656 41580
527531 507755
651250 345666
703498 859365
743813 779698
692136 48219
51115 527992
364541 428976
575330 370990
461642 595049
87083 460856
488586 761224
758769 528438
696251 299516
339929 244051
330987 570789
551447 98677
963389 264234
115407 768444
812386 192071
905123 487335
727361 51989
618122 219576
419450 736775
429398 361224
701968 677658
228236 878270
337908 417028
573978 357331
279663 123708
890065 120446
488334 162323
959121 671286
738748 674896
538143 674990
669849 760911
963534 554603
508108 543608
252348 908007
545073 90778
163885 458660
113608 347696
397760 416083
497425 998527
230270 907194
421130 585673
903964 884923
895882 982547
146716 946707
391388 351701
897081 606014
297863 242923
419889 761012
484893 386144
769780 886583
564349 987936
415276 448973
449966 38269
264028 900487
344519 672502
50531 365913
484963 96912
253775 789199
911494 162000
14547 462008
280837 253276
988615 867855
452885 621780
619189 485815
396746 251174
140815 193254
98629 275203
282628 374510
311444 16630
577978 469287
180701 65728
935025 430318
880291 462165
40879 759654
667671 386149
613165 387039
276130 221390
917801 826804
525122 409889
550609 924528
770592 765242
752880 993791
59018 929199
187394 446641
262168 602033
300531 996004
978300 780379
463825 964788
644544 648540
651944 892859
201520 266416
502512 961882
803478 281021
13145 923170
303890 104353
152898 49529
315239 247490
898631 175674
242850 568191
236232 584006
739057 806805
165179 309419
772892 670267
784418 984205
197746 482663
311842 760773
76082 365876
786849 990642
439480 427919
158152 449615
947287 263835
321579 411847
517791 568318
479196 463570
957544 691498
342582 556788
158985 975550
728870 54732
734632 773305
569115 755251
108903 441693
695221 978697
543681 618034
526281 683003
618995 820845
833154 999851
172956 651574
472097 507421
974710 105254
411426 636406
760965 540524
515410 229900
196920 80967
641129 255535
614383 702385
499576 869634
102409 734205
47401 752538
796036 478988
849180 509805
427217 93960
176236 269944
744524 149544
779785 458142
640736 719315
308387 80439
337137 665538
555304 1432
142828 883315
442579 150463
822830 949608
919732 501992
262364 344977
517608 404408
867009 694209
148228 628032
143510 30024
664348 337736
444897 449320
699562 405030
481788 359445
185754 600179
2990 291189
145558 538118
554331 500433
689476 420627
536404 85653
465906 131059
366715 149166
674887 255951
519410 953456
776117 462239
31120 369478
14763 611881
202972 264725
744084 412429
721696 731462
326140 896135
703172 695089
443030 598551
14584 484979
229686 227207
193334 995823
169470 985529
800884 863282
72622 408910
209621 292365
957115 126927
711428 795804
659575 462886
782762 545176
452353 705975
375419 365772
690887 905091
381227 213405
958082 730224
318012 382257
874318 906964
1975 890486
908041 253343
886930 122421
414065 472213
859311 504789
235091 184248
753044 401899
823043 661411
774696 860281
968721 667331
374193 183339
733313 319156
10519 95477
547132 559647
6940 888315
940078 118109
630009 81883
334267 417485
195672 290824
122239 19090
553357 551892
791286 75555
2717 932533
872110 726117
418058 451112
444541 474462
353246 469934
670686 431503
474112 724797
429742 869785
533534 771019
61204 701175
642843 773539
707941 145706
643308 760492
265544 827091
933847 845105
602061 440361
230712 303510
583122 620546
712025 378989
90552 850533
916560 899320
865160 138537
492558 804499
242027 630696
893106 873052
914561 804793
479749 44664
421973 583116
484780 65464
286241 250162
656504 921516
778646 58094
808608 893670
431035 791890
463073 980704
595569 124721
668928 256318
196693 898698
650536 516707
284820 838040
843435 708199
635681 979490
628364 885851
680453 85774
653636 615463
485908 925378
651713 164965
866640 311861
905668 327796
843002 425970
496703 573741
229974 868513
785478 61029
694305 820710
698322 810168
137616 524103
636736 157688
736032 197544
896524 527977
435456 719886
968552 334245
618916 201825
85614 596007
590139 81793
267134 958814
585050 440883
679689 703023
12706 56326
242123 439619
854143 121105
945767 773034
482386 878057
499416 222564
697035 148051
924436 685318
991905 704911
179250 574837
842785 973426
135003 999087
991586 302425
297928 945954
527132 97662
182139 364536
605119 862421
718542 269220
20770 209043
725701 317305
478797 332130
78398 817613
587677 177553
14052 92088
680510 140610
523594 125578
791170 579728
929744 646572
456956 149828
234875 26527
999552 203470
588876 451918
713669 827033
949349 651099
754 343429
510859 71600
345238 459277
611552 41371
494018 908112
401036 342345
393242 599953
378767 465233
657044 295016
809700 597440
1834 873233
413059 542992
362702 541709
580306 604344
679611 79699
951349 992447
554010 128277
712328 570450
330930 997977
689795 271310
30702 965830
940550 456394
690746 541954
401424 988279
542465 661029
711789 177824
246637 566280
50563 837811
292097 348381
40446 945893
977821 634065
545514 782907
900451 174958
183359 835179
267846 39754
393284 863778
368761 889152
963554 755006
955849 632028
23833 108274
526632 196364
726596 428302
342173 153696
963581 608169
298973 103777
738686 148826
911168 857477
696835 925145
27000 941459
960258 819114
701108 402746
26335 439086
358471 444756
841625 796233
397487 89709
574654 973497
803672 927362
13599 208794
16575 236790
129439 260916
198697 371287
152427 336952
770052 399304
653541 942685
462861 418797
958220 644623
52446 239688
997458 178734
263443 512720
465967 477789
632618 550760
629112 879317
382609 686476
589794 906675
440005 910348
764938 307176
809045 45570
79727 243150
772309 926582
366751 569869
628259 915968
971705 201801
480910 350855
206404 217165
740257 600045
761464 144068
873878 471536
999960 615807
140003 70416
807045 101174
620566 130795
197981 693483
841450 969560
510012 63470
267746 510119
247829 678935
705874 844666
642020 481531
378168 569710
904523 115792
103220 921008
648163 691384
557621 102357
729376 247064
430095 614450
210958 635339
507177 114558
124154 58192
142491 749507
55304 836000
703739 579460
694996 353716
971939 247366
752184 991970
118829 630870
450977 24813
906410 790022
995170 73433
292697 276379
831518 707859
690655 869590
821048 523333
693860 558449
194750 916272
191172 590869
983430 744679
392565 12025
751046 342721
846539 120732
258499 386806
572 963373
107695 253713
333156 429995
23352 307598
282744 981398
752751 286461
371950 259719
489839 567876
811858 809125
531225 588554
996960 414880
47720 256056
684288 936366
36355 271355
692636 52773
344919 459750
651192 64133
577496 492094
314377 294250
922131 634817
300362 893912
856884 772713
606015 843794
592331 863490
869652 347555
180336 580540
608258 503135
86834 139543
15068 42842
452538 281148
561905 674725
315778 292802
81605 463621
186751 662502
285562 29807
488114 282047
328396 188084
127673 734716
679063 124116
815903 64995
345329 667654
777755 69479
999926 73321
372229 257946
722189 149446
830122 126197
247769 557703
111442 901154
473982 741285
797773 700549
832917 985585
811017 380575
329145 162124
103132 838309
820149 783066
939125 825778
355306 267746
446555 343389
571445 835048
539444 206841
308409 605156
534201 789770
421328 526662
695003 533957
821979 690533
187799 287582
345168 523339
541113 380675
216452 199311
374659 533929
826402 128967
798802 322926
70392 969377
819410 23064
137276 222802
412613 771384
76431 795407
475625 52627
967593 876826
297725 894806
435404 464911
845273 543348
606242 281332
417421 57030
422428 919618
339209 746067
790405 84962
634932 365389
194281 270070
605438 308267
966440 719896
876235 354296
989336 408519
661243 483255
907265 985425
997764 764380
248844 788862
206375 727360
188851 455555
521864 955233
205333 51966
187530 354038
717732 305410
193386 78964
176275 528496
383418 148888
299636 171877
158965 531416
530643 324725
837273 924950
942930 43509
819672 482801
604747 812252
855054 810802
404478 868505
18662 964322
174944 237840
141330 448548
188920 978121
952865 240496
262813 176646
981387 753103
410442 941346
402092 486621
591120 709922
847938 248427
926599 296352
341524 38070
284722 420674
154976 156440
454163 595069
253530 608411
286827 613845
76958 322767
258906 455637
969966 685772
159608 838723
974626 839939
205126 266517
769396 99304
142660 375655
217578 584960
171808 755220
8296 303083
447228 183816
965654 799914
54968 55187
7547 57741
205255 97751
8649 536832
844767 481338
83229 551422
379018 66633
792721 389133
868936 27825
342768 464497
14083 413254
880474 312724
797998 406016
940386 683525
790209 817671
615400 820759
635078 543464
585935 552661
39223 797956
69333 890646
50925 740906
96955 604823
370732 89655
45809 132228
180411 158261
506663 264495
114721 940324
511322 598538
735040 896197
808081 338472
779780 805321
928553 809626
248559 995268
747102 263143
743550 430076
963000 675512
7964 590013
313748 89725
964362 2196
658749 653340
606007 586055
312495 120919
170185 822440
779843 157160
717579 110206
321884 917905
351236 819772
785823 875234
502515 526100
791236 840721
468841 794204
605659 301211
746009 57794
190469 886145
454763 430665
57567 556979
396257 983978
456824 506923
609458 737208
929943 334629
246740 32773
142824 517757
902595 461490
161691 783609
547493 321686
502907 331941
883784 61827
183519 806181
163906 697506
80084 293410
530769 536518
3330 69303
544354 30894
701836 277124
645344 715096
525637 682031
443504 263535
608607 858082
430108 556137
61792 170134
522106 61913
88657 381240
121994 852260
294518 757195
614984 381392
764835 848472
719311 595062
90619 169170
699837 874785
554840 817601
210762 54162
200267 360528
481361 623283
767315 931079
761149 360834
76187 153286
681245 933020
252874 537692
623975 369532
881632 571830
316555 692020
145595 908063
425554 654772
567382 268324
967575 197005
834395 622462
76459 697191
709144 77534
420729 211664
640870 714822
814310 553688
476372 605702
530891 319955
722043 450635
200822 86490
720153 950267
543415 845708
150894 581631
871757 534923
873212 339970
244598 332947
20991 190199
525423 163933
380983 187411
464945 317482
521496 292269
792618 170177
999773 954132
473890 7162
583171 520632
800200 644319
498323 665000
361290 899385
629543 635753
161688 941633
565404 774122
359988 373092
136645 758982
34677 297844
147377 567435
75526 699377
767042 566857
190348 797747
985169 363172
857246 768964
450099 778999
173757 542716
454523 102125
537708 461713
94035 285682
776922 941262
564022 509138
193230 618773
592170 169523
950806 127054
272214 163775
675359 312558
966987 741097
23843 31429
349323 211316
854567 900057
105341 207979
860904 305685
408487 996477
884909 578410
902903 470755
569228 105163
933429 784068
890028 757362
707692 414198
635406 345213
915039 396881
458629 816860
977777 374511
550572 710896
443305 564251
908216 53377
312995 697315
439295 100699
737029 900252
39959 62366
820001 119194
277374 213691
768308 368730
881137 645069
882127 298222
579120 263098
294134 181942
896978 261751
817643 360956
349817 63974
50732 150532
885569 955336
645542 869291
784846 910370
508063 550720
896253 453561
676169 474069
244073 561923
841304 472869
676667 526597
58750 291784
589641 245111
801646 758064
72339 896738
44317 671388
490782 230341
251914 595752
74629 852950
199536 416894
395328 961842
299317 152587
574586 537211
301903 867868
385808 287216
64317 408703
2788 769696
925718 935368
937279 510578
463568 202193
594468 34493
686550 171970
445528 308160
367605 664340
117917 159870
672012 408772
979020 521321
409657 479520
99910 490710
807160 29861
446390 754495
374686 638863
126573 167837
425368 967525
670589 995570
793531 667382
561461 53431
198461 110561
840606 807582
203035 216101
824085 294752
691541 707096
896378 20787
194914 269404
285346 206265
811233 301882
866192 276769
937868 367562
625940 263048
273417 634672
915073 261037
71130 582977
681009 12816
187687 864139
957694 534985
466328 325400
515924 539435
893919 910316
10198 225862
410754 243766
985881 952979
78468 84868
557634 449036
495978 644893
262327 118010
674027 585125
544185 628241
845845 715991
827793 807803
530747 102047
929786 685992
598316 539113
338016 945459
284219 407380
893386 19383
664626 608901
561086 360768
505064 892321
345734 138602
362857 65679
159164 195797
548180 860561
144762 460592
128610 678997
947369 778502
429853 906787
942744 134315
243371 833468
115867 629188
238044 983348
694032 749664
926580 488290
14551 634650
764103 782825
22675 722455
998051 486540
742818 272816
743825 820008
244345 234095
343299 555104
499232 854198
388313 377704
165834 213422
536550 340212
588545 653848
30683 482471
458207 893276
147465 497277
493503 756413
128483 842312
365749 774378
4777 842910
167234 169484
578766 230815
549472 375990
984697 876909
654661 899228
424340 882012
897622 431587
894502 591305
557608 114265
260891 370725
246549 557965
738425 693
634429 161585
956520 743800
963827 20190
390871 711962
876801 900185
786702 876262
176237 400730
263735 493017
158604 995034
674821 589757
330382 806114
930279 861048
927877 156884
982023 929841
567688 480472
465955 88807
913413 436104
507184 340786
153776 388725
557169 138403
241140 285886
624811 179461
333690 918252
259496 761702
120283 675102
667383 405489
924900 426843
53540 352768
747380 8515
740006 749291
208379 439646
191360 890689
220095 487497
387790 529510
903116 911686
51136 203090
741029 577326
392392 294543
583822 459765
819372 729846
305354 912203
242645 680475
124986 535764
888804 765422
468758 52256
254465 239120
99191 444179
744706 664102
969667 874897
340208 730429
436059 224474
464153 866180
207553 460569
401894 685214
905642 327795
290061 810894
909683 694417
594405 215767
701690 644128
328414 425653
649453 50211
840869 252449
554063 172341
654185 756306
711407 509718
185032 29347
800990 744323
76092 876438
19372 443853
866271 302513
547175 189992
553944 179448
49512 147332
332640 277762
947664 183429
848098 182894
756825 242348
323565 786326
302772 589825
994276 90834
50053 295679
706286 854836
786617 539470
950970 728893
141928 822199
285405 353995
491870 772474
347543 863608
255879 608670
136781 288998
613160 957362
410929 619298
488691 644328
493689 625959
991826 447543
50228 427325
435721 242611
179291 977565
867429 464177
551983 945719
82700 787616
479312 608431
210699 851273
645389 80015
879562 636352
350238 286645
302445 677015
927455 111786
354688 642882
237669 186219
583825 213366
591543 226337
893513 960743
273873 97836
567221 468019
116416 400370
880384 626643
847778 459108
703951 298561
301108 751622
907768 435443
781698 934788
602888 560526
762469 522906
705171 451777
85573 163229
357209 419217
61902 333681
847615 569295
195420 605661
49055 771805
700054 417537
965677 639319
29918 328288
941889 937480
383782 201445
238610 111040
527411 56077
18972 971681
293576 330290
644971 755104
381743 194373
555624 660401
326992 55024
758128 409676
647679 22508
405273 548329
869086 307802
344998 513905
231328 263543
736817 671349
354314 303785
244473 635109
194112 420920
575617 457504
336665 653675
888012 85816
924635 116666
409550 588261
977851 692203
953295 619796
34297 789910
980569 732745
949039 250656
731419 998826
667755 882208
941606 579133
842347 930062
833895 580775
588821 132618
860467 217656
61057 604255
123049 651772
244267 22331
838165 402167
182226 213740
759429 270365
723454 862093
857763 691131
244513 376700
830016 922272
764537 482343
105283 919606
757493 756586
955654 225489
55714 589483
590602 216169
31852 263235
621180 822686
465829 855086
725912 912796
6718 727730
944940 450698
149233 860117
417317 62652
346365 557998
161641 930825
260731 888700
29737 653751
476129 502889
2122 717142
794667 472487
735784 234658
878841 931533
477894 756752
792751 931718
101995 238085
616451 569142
416247 1892
593857 971748
387846 407778
151591 202557
622330 675396
527855 427731
390959 427508
571227 159372
806283 798672
465508 115020
247522 656630
802335 644766
787095 568652
207696 217396
519541 831474
835529 154277
860471 358203
579160 394093
651435 426789
905587 474407
902267 256927
483318 153166
101387 124083
421411 280991
796524 248336
443165 30230
204110 968028
131162 910878
655132 801384
390899 443177
155174 375958
519504 384914
897484 260299
351862 50285
256927 732223
752205 439742
422813 878459
119546 369605
902141 797644
197580 442216
165025 548542
217256 892067
200636 338723
944347 878152
487135 840236
42240 984434
819414 776751
658853 293596
497607 759482
32051 341324
544914 633334
987631 852818
709339 737228
191092 553861
784411 385934
412022 43793
266910 686157
34066 897145
301586 370491
107830 324327
305341 685414
295712 136462
729772 712381
360818 619506
694579 338333
277324 181313
705217 83112
392796 231642
515701 754141
432471 948349
136369 906876
808271 231364
267263 694228
856091 198225
21901 214228
280855 816755
988649 513784
538778 256800
46621 148935
9671 951223
678306 717904
5932 677165
756387 736530
999709 169586
161663 355239
178032 257162
68838 53905
658441 145720
400304 55230
453679 831209
107531 738828
817584 420463
50565 904695
62326 822001
928995 528882
623031 140783
147617 131954
414237 835282
713591 814937
291703 268960
123927 519218
866097 312580
604218 444071
429529 899114
970650 281563
209418 336165
920413 65712
18450 435667
862892 33043
3186 81715
623821 489331
916301 65323
233258 308179
399436 296373
602024 64694
448373 534826
972452 629197
178739 38819
350654 49431
43920 410031
239110 398702
888128 983055
192425 439954
744645 420010
835035 308311
303857 625753
336998 3116
547779 881832
121152 741527
67995 887469
394010 465575
403082 962999
105090 358862
351621 205684
135241 603123
696929 612589
120263 421788
267895 493416
572545 232943
43960 357692
40188 853548
962745 139247
699943 140725
992673 467108
639123 894936
268417 160058
108160 170481
468988 564996
994565 789632
439755 599816
285041 117909
950556 754628
407807 321012
799378 479306
535757 403329
59176 326564
883739 665291
698834 816491
459782 957676
695340 839499
200192 896501
810171 743358
862679 178304
42928 819444
997847 822303
339292 544842
693380 908274
649105 770911
35069 502148
913979 444122
671449 300341
961026 657363
94922 769833
942885 464648
725386 79060
554902 39078
147055 67399
814188 955600
5110 2112
589221 912200
629289 544400
78754 493559
854029 724357
677146 244319
4620 281051
978146 207529
392652 475727
32775 123175
150066 197162
432748 262802
499367 211513
371299 107522
157107 354918
891950 82657
138448 17142
981289 696140
235782 541719
180243 759234
299274 230071
108434 445463
909455 915858
122414 449218
465193 306336
79472 575346
212393 988659
504346 694907
967836 631004
653770 660536
980873 916770
881923 98828
835055 114220
790351 370668
699445 637197
520619 303921
826524 939303
330410 756489
619675 36066
59968 104416
845728 666738
917429 686983
932303 249063
901262 312909
96619 481953
54389 648703
180195 895700
822570 866856
16901 792288
416067 664249
232658 291380
500434 48222
700398 542413
934298 700810
995410 913539
554193 210671
58976 194206
498231 857046
136455 249090
46930 105190
144204 69051
545322 993471
556523 453671
424119 876768
693219 954587
808527 158373
49415 271508
918903 355857
862378 989266
377933 614058
829996 742497
958883 548055
53938 681559
485732 130126
708359 522319
959299 906493
737221 705120
509835 922960
963197 497547
655463 172582
21451 618968
926655 75658
951099 412499
880601 452133
503978 761693
237877 159366
794574 894122
837432 113481
352965 895114
606310 801882
866943 710776
951515 679496
139920 43317
344474 575841
427134 441660
37432 286923
996638 166870
477518 724162
876838 565974
402325 891206
99301 458074
943447 185163
833091 826890
144599 7456
58824 317062
456672 762015
339741 11531
662551 134707
618444 753127
708173 318388
902523 816570
375008 148829
70893 538113
280343 197863
345695 353069
827769 605599
963403 499638
616347 694413
384663 73122
226382 325435
545167 901840
464090 395692
109151 74943
675594 138557
133617 713564
430904 115949
624769 260014
958382 85845
645288 292627
195240 578565
702606 901797
988911 279802
319693 884276
496621 536872
350740 390323
236394 25893
788283 799599
183971 957053
173588 456573
183124 492941
337978 787014
491961 542304
224272 516772
293074 587753
858305 908819
250860 20112
80701 675901
636966 804427
17395 237380
264858 551295
596234 646029
515422 983286
704850 656429
548141 777162
185226 831405
639489 122741
972068 456917
817570 937772
735448 342793
105417 46235
206770 612287
460202 46009
555263 330871
84931 700987
606280 632521
513868 398767
466804 715071
644545 805002
490196 897212
283322 7470
166312 809544
231013 847053
502215 612571
526208 183341
277249 675122
263425 454701
161843 802642
544411 947844
80222 917068
998351 678205
175571 170350
660446 407160
319761 736282
564955 295714
99894 68177
655649 746706
839885 988671
984726 406843
602286 300645
484155 184358
55118 152295
788590 823048
674984 437273
986440 105660
689107 207271
206155 377016
501916 436917
846260 455136
94467 338967
506230 450965
213481 242832
945202 122120
239920 753875
858329 338421
991124 881871
296963 448348
29569 911401
152008 225714
591008 660410
732476 917789
373103 606016
121749 657206
943868 486267
446777 689184
375686 524598
764642 236963
318045 730243
937795 189995
282905 644879
28574 51634
958261 111101
733437 467458
579519 878297
383615 137627
486438 573589
437661 643251
228719 88874
225406 412184
238690 340278
249342 676824
540477 689881
771843 713625
188160 451945
804909 473341
662156 815059
695393 40994
70516 334427
534091 654770
542160 863461
371589 684164
116182 418133
366667 787585
901548 962317
710957 809999
789485 398109
950849 643402
515903 176712
612933 486473
143008 223181
516723 748799
948048 44538
783172 936717
734250 472046
446136 800029
331777 264715
754668 802708
651161 862482
294107 522173
46253 640429
696167 46764
631557 309675
283341 930596
862935 179095
642529 233079
804943 816879
304365 916903
902713 803559
764069 957186
823543 793888
981457 705900
275356 230257
2663 936523
241582 425453
189007 86938
907998 906007
401445 555328
703040 833872
282120 262243
815591 723185
175332 679450
131268 457610
219716 53205
171076 448838
131794 632594
25569 995776
974191 142402
106130 860492
747736 919681
267090 803905
832309 11961
999318 330659
229780 997672
501125 914398
332737 894333
852094 746531
767926 332019
576102 664983
50252 129230
729888 552194
891896 19808
920704 670930
163049 639526
148666 746151
81686 528701
301915 829986
77232 154365
132539 616031
68490 361343
331223 692395
931574 750546
662810 879398
240403 133259
883282 785068
102933 73603
806186 83950
494552 511545
420219 597928
977954 133954
89801 57846
146318 983264
279273 450144
684847 201051
245198 220442
100434 77225
488788 863382
88881 795487
308014 673663
40076 422570
485085 328512
210688 472496
344396 633346
398242 310714
703661 309907
376379 343565
678990 857595
90832 900125
310563 342078
95667 348907
50890 765005
748760 756027
607215 705559
325005 439254
488411 112659
17353 958603
539336 995401
78116 371705
900256 239401
291199 227880
632603 357836
689514 539414
653541 933870
939756 962017
775322 721854
414152 23990
786263 472458
827720 154565
402624 752039
179748 443239
507722 325881
322318 177770
824595 826781
765036 122145
562006 576083
339528 264953
241710 334674
652452 777367
617443 24564
926234 79961
562950 947256
753977 475540
129190 926312
757947 217780
690781 318463
802061 443088
820023 214301
193971 721318
394825 425508
664812 752465
226212 72735
70752 894775
144716 725516
608652 457418
939349 714033
123232 493452
484899 866364
663695 986354
409391 430252
334283 25643
800377 709039
39542 463813
189688 699849
10926 828453
911026 585039
264512 217149
930390 457603
934107 216740
987216 465610
921658 693865
626193 568784
926955 654889
676361 70859
347471 775415
283422 565354
769958 225747
274590 210954
164482 937440
213 729685
196020 875951
642493 504232
82438 475292
124840 476300
516724 866991
595768 300945
113809 527854
339567 646974
15653 507628
502080 426429
944688 55301
863749 893347
379323 443973
35807 209973
65710 646072
197657 847735
725720 532746
271326 959837
295761 746095
723762 658964
760607 571335
985788 341345
830072 334477
253363 72121
725986 234929
803619 547709
416711 313676
809314 991699
55602 410418
326781 42595
545947 525038
373931 358509
342356 384510
653681 624362
768697 767858
504532 166592
763104 863652
695433 822101
495430 93336
436220 754039
569216 570307
831779 506692
9594 784021
507168 188499
2313 618952
279164 226155
533269 463321
15298 600526
353138 57664
99809 731301
557230 231188
546834 361463
543755 955932
925710 71523
351624 874074
524899 421744
941770 653572
530223 472546
920193 894674
1697 596605
962972 634784
525053 86333
20932 821530
246278 366372
814594 284168
649816 713761
494645 901633
886100 235394
174060 377444
213788 653114
687529 789233
136739 344688
691166 521836
487333 505290
71883 678754
294039 95773
266702 536656
500399 88946
81655 850209
412002 268031
751961 793139
534325 444490
20346 617869
581980 865501
534994 332672
870053 452358
422748 739152
913772 257670
630495 29239
122239 233479
624592 477750
968866 103026
111794 780611
66226 345635
338962 953043
667018 162316
393470 422723
498169 175387
547924 291767
854648 65601
869711 82793
408514 276722
432687 203641
972247 210354
115092 861861
586454 313917
727266 837507
593717 614827
520445 795739
704129 174615
42828 484537
66837 465670
25551 553708
56213 981054
437168 566926
451780 784319
324925 235946
697574 484915
150205 751571
417536 119038
459856 753094
387706 202157
107110 307959
922128 590420
189078 45357
858552 379867
85455 461862
283751 463038
353385 70056
111134 734839
752997 674903
57902 881817
204693 218775
281032 719801
783066 979018
816742 804208
344478 496678
941839 916042
574468 552382
688845 855432
471834 125947
817531 928804
200547 911226
946657 270862
715737 434966
947393 388708
542493 861396
895786 918071
715049 343909
490391 217834
934422 944435
7446 504915
85037 254600
756537 490761
32399 653789
194428 440520
924012 17605
35327 247466
203784 412524
526349 12820
321065 629138
704540 665322
969987 488742
599560 547574
480309 513062
745364 676431
396844 749628
831133 235668
115055 705305
363742 150125
736016 981484
424684 354448
343587 518989
235647 373658
539478 877451
780062 84622
599129 267355
682324 753264
409956 282318
182496 668136
957969 209735
922719 460866
687237 749228
919676 488751
836497 898256
859963 691628
635124 314416
250045 134765
876172 7877
947181 558832
450811 804296
179075 44801
494974 985349
359035 807302
264284 104939
488216 94177
60313 394128
188776 877885
981809 916237
322318 34219
750168 588401
185501 607032
183691 887334
992779 498021
26250 30036
898272 284233
450192 103432
657709 424288
332114 837011
629248 970561
896638 201982
657296 205945
355313 587928
242189 43655
669056 321913
868650 331244
144079 189550
414868 750950
677725 349205
901807 571987
289955 196372
314591 758262
303931 903435
117383 963589
114173 99116
886618 514468
175230 487613
302296 799793
121692 705325
497679 618187
581311 840870
209028 65731
597210 555072
554160 929419
583133 935814
661209 773160
951890 276644
148623 784287
378703 958606
48348 905398
693501 805949
140148 175011
547323 861076
370759 392156
39340 485121
613212 38309
330515 521571
329692 965002
887084 596401
181813 624248
6702 415786
780952 812001
622808 169384
887862 272981
727110 69570
179628 280783
82384 110680
89892 599693
787516 508889
894552 994539
378730 252259
98398 470587
895272 966408
699201 718063
31727 41955
651810 286670
88016 187965
458880 666018
319060 934225
728480 385830
221919 209253
380809 545535
591055 321569
425617 174097
995558 485477
687698 777514
12564 33709
91564 93186
867245 752417
176008 844253
697010 951330
956209 434908
45080 422002
66862 549056
616775 600203
580797 10895
609350 525239
691355 448580
733562 746848
392666 240475
571292 18563
11931 10164
242823 368785
677254 493952
143193 94598
89242 173455
444251 903134
701608 703647
32100 469163
903222 293882
297123 448729
588336 814774
377875 290621
510896 88812
352263 822456
405729 339649
938505 974957
158161 763218
373357 993745
901796 845878
486549 718722
13947 580961
706644 261634
308912 645863
114613 102468
5469 521335
474745 642830
63459 726930
633666 610484
605383 689376
305983 760057
179931 909631
228312 119533
95090 117061
108554 378321
740757 295183
175504 795090
720085 539752
253257 969280
883004 105164
715983 227358
585223 415164
709677 268536
685659 564673
547568 5847
82495 402553
846048 704534
820496 965249
545486 792175
350766 975843
672455 666614
593071 985280
582980 390399
35626 337349
683812 755736
248896 227514
566196 710116
976875 503249
164038 408763
501440 677675
943556 280
693357 92179
623455 16259
40634 706022
108184 385726
901691 46559
495415 826787
267293 385345
741165 326822
739660 727859
810913 638865
397145 349455
792411 750919
700624 655424
999616 870159
214575 634781
378493 88358
117603 29475
593982 78871
802166 954121
168569 498327
368089 680654
78262 58644
920078 79946
790664 263220
879890 418255
30583 773988
642709 660842
896200 215237
761560 826253
849392 412964
551410 450222
702523 634243
821398 219172
855312 125174
304656 261763
637964 711498
832119 356514
390001 587819
160157 586183
314820 902581
874071 748681
971826 765460
80530 227453
477062 286928
568401 343381
326184 395434
560947 197949
325311 510905
885373 851154
186004 231636
853839 15098
64434 550280
704858 642165
499873 130316
455952 887937
124401 603189
680723 986901
444794 240765
745969 655065
929517 727206
460632 242364
944206 559431
652459 920879
233279 170914
10758 968425
183113 111199
153607 58453
603526 151637
921326 246706
296377 457518
999879 981736
876828 547804
267963 496012
10975 314976
751592 441948
472697 617377
587538 694849
813268 789175
770696 352002
40556 336342
176267 594900
605418 66789
995537 924453
237498 414781
100974 857019
327536 298878
201587 774122
779748 661514
714615 734014
91342 37990
393581 570957
952607 707646
436568 345831
609402 252264
402943 431744
966029 31409
48411 54872
3503 634193
528704 335529
924432 967508
655699 477012
327821 642152
411313 732129
163171 860263
134127 562815
613560 770706
250688 718371
301914 883673
814962 383918
21372 675303
744431 47941
842350 985927
101688 774770
872965 127593
236665 320690
636347 583582
353372 90058
322311 29815
365871 941146
418036 640330
707726 824934
964821 933053
318273 572869
748138 347097
381258 91227
604704 332834
253369 873396
185564 414790
650631 239074
644375 582471
816206 117598
724604 183012
434998 999217
772309 284452
548735 420667
32010 47522
282558 968763
450269 522975
702679 155197
885809 389067
860091 754551
814581 305334
264930 754389
764454 221565
91956 743763
65786 491199
100494 498463
848886 25331
65346 706505
401212 54254
693954 812227
805597 509011
682070 864906
445108 684599
12159 763026
263194 326442
369569 173158
918802 487917
201013 232343
75118 903909
118224 271520
481232 641062
214704 611234
231684 134503
166697 987099
938055 805816
18813 238242
797786 202175
171538 131370
687212 422750
477837 674144
637748 35736
599945 860626
22000 270328
273547 416903
679991 276540
380458 362509
708940 60142
786891 877400
753754 135823
194658 150947
117901 791929
827096 764952
218654 577110
581125 792273
421700 2080
512718 50761
512321 785916
608185 265398
278194 463601
555010 99660
855744 469698
657241 426064
562527 880892
844529 143953
138566 53397
717434 662943
647606 880804
852990 829616
541251 452426
260389 962099
105470 785705
843943 330514
554947 105180
843375 366569
422279 431825
279881 129707
238717 159655
893499 897364
473892 793791
232593 306823
536906 540894
683649 212069
791331 465798
534319 944567
583319 180748
898817 101485
101743 948819
185949 646976
496524 361773
154311 395351
73302 476351
933577 499854
766755 332508
189939 299103
230199 833958
838107 995785
594769 199355
98422 49406
658137 64448
986671 22007
811278 377137
419823 542011
69850 872175
404070 504943
22422 720786
367953 302660
958700 378750
872206 548706
287415 129565
356163 395797
713289 89684
902485 552741
300099 523539
769152 464193
314423 797068
25870 424825
818160 516978
575264 934700
528917 757850
138428 669583
525212 790833
701850 817463
877725 104118
471832 687474
382274 284040
562031 755226
448829 989036
234308 520611
628430 425062
231684 452620
27147 670633
768231 210090
668104 130235
143358 585305
251019 221397
785940 863537
877904 923116
564545 795041
327644 657771
666537 517208
501184 493225
343037 850290
586828 688580
222730 976376
609230 553872
353619 80816
455521 350432
663412 600480
823069 167176
640290 578312
290731 240473
220446 390694
540611 775566
10342 800834
435391 23502
715673 996892
474274 257321
627465 156864
22878 83405
322449 623162
393143 872300
453485 937740
267751 695605
122275 632873
340825 244892
160933 552646
779646 769990
92590 204167
822634 925133
75887 74778
317820 903530
823240 717459
957601 954700
530996 987974
596634 821600
29497 947496
564129 211766
637068 888052
345029 375444
618307 474236
878371 566327
546111 116487
604771 864683
194017 691815
724695 646099
121520 803933
133584 757738
495417 579808
902223 626184
479092 864756
645357 193622
360648 525277
642203 838807
603497 261233
615155 221000
494033 718638
344061 130836
291125 230992
72687 170714
819409 42220
710247 132076
813063 999820
356511 96218
979121 245682
62832 324616
118169 134048
433744 750184
379396 647821
177834 391373
691455 665661
190548 867565
813763 842967
658869 574121
4168 212816
304299 933879
19780 773553
125343 569998
445789 26
886913 537862
449538 647103
358725 995117
67823 220583
154304 854327
321184 697546
180247 553052
748367 511703
844674 699472
998537 157324
567251 740297
448971 450630
28675 961677
734184 753183
625488 384430
991730 220727
861888 95826
277607 18286
327139 885661
899702 722803
225421 349315
723350 627555
266852 520488
563062 26565
652725 706416
473834 822021
81722 867480
373105 557668
43819 198264
195290 618414
60292 484710
943746 338100
497640 219420
861014 189095
868520 231223
171467 426889
307827 174566
262853 970223
603715 454431
768404 948082
547982 22873
207190 838554
949807 566036
159496 200562
571394 943319
451534 439777
602934 824808
645899 318875
450516 668519
812725 554102
309135 39098
112617 377955
333372 906409
189867 66543
240714 365093
479154 9224
766053 500004
43069 551821
914727 324115
401017 194282
792646 329280
462474 700304
350729 878291
868749 12290
733198 13911
829634 658575
105665 822967
403482 675220
463858 65594
72879 722015
576411 457356
408232 996914
985154 437771
168323 857535
79573 157211
523051 696913
756794 124832
518812 863119
281306 971959
65833 75274
192017 372586
584904 847094
37144 887243
555471 273428
46244 123570
45341 199395
483393 618283
278458 404608
882799 264818
183314 731651
186581 818416
272304 511084
494112 170194
931439 476543
370186 120247
125377 245273
486807 390455
312938 970180
83032 79371
172709 146719
459180 482640
324710 921309
930769 108710
603712 27515
271442 753133
525405 496629
610502 274722
578699 806798
523073 7700
27818 716246
452919 846689
3250 649172
471725 400386
325431 845055
80884 495790
318809 560851
389304 686682
229741 369597
273531 843751
414962 754731
276258 965911
769224 623825
541239 406271
949914 413111
991475 614957
607328 444472
955325 675407
814568 691021
155261 546930
762297 978536
85447 631270
921454 881899
123496 750437
102186 529841
195202 934604
955316 696946
707135 415926
64073 607766
237048 430931
175958 838535
652819 541879
842409 645994
326196 823891
15272 396768
301115 465509
264553 926715
919961 862548
428690 694198
874667 134632
263267 780857
719133 929471
915427 147370
300808 180712
174387 694251
365037 94584
688967 754202
406750 793745
306833 595787
512490 240865
542674 704427
857993 527267
795533 968098
285061 593387
291912 899066
296824 393489
126495 504765
711096 354223
821894 908649
744571 813061
265505 941928
385345 715376
805005 705977
698850 965004
250371 658243
884984 157444
17986 643712
789751 805952
234603 568479
755736 194024
868249 150484
940169 57761
495616 486043
723023 47487
940362 908096
776066 737926
929577 722742
467041 90395
148170 674963
688474 727271
596737 233981
669481 402812
67748 734014
912432 119627
602959 534273
748884 99772
57536 63031
262144 85974
798913 599256
970623 236232
406521 936042
810203 806510
808578 394500
813280 461895
575607 415628
794321 705262
283836 1987
507954 138540
132102 714329
897931 171342
423763 537740
668535 341156
953752 595512
435095 435906
821715 180945
212501 629170
241373 431747
571420 904225
228086 668772
260935 377320
990312 925957
99700 304300
606142 442220
951493 905758
476441 724994
841651 229172
55881 556810
674773 808296
959088 857804
543268 22573
41221 796882
70563 556325
677170 227658
120736 72686
824879 796571
10032 724098
703693 790142
126621 42079
646082 324750
490542 438954
23996 938937
427890 581455
970289 176879
647582 661179
597374 255949
654660 428089
749065 513259
454070 383120
811934 448714
836226 719728
608666 515761
426590 413538
727797 811264
44561 451659
417591 149697
29382 978809
859987 74871
876754 958209
607522 964682
125177 56829
177713 985953
97916 736680
795665 950543
209030 429634
397897 729755
909308 509720
597222 511971
523072 607323
927475 698329
333492 615169
637972 754731
495130 603532
698276 600573
380240 141406
126873 942861
219388 42732
353796 683502
444101 728795
158341 645195
756802 759203
491139 808375
90816 314690
903090 799004
117740 414643
123275 927375
299789 426674
261814 322396
367667 32109
595902 450706
460029 715377
326767 471497
715280 556782
758913 21175
166278 60705
749556 949128
26568 702205
812757 547849
709523 897788
700103 883704
765472 953343
556610 203015
218984 166717
377038 782295
185979 377516
244122 778543
65067 159527
367167 40980
455876 612071
139481 210744
955252 399232
640655 538954
290319 734650
911267 889003
109633 880293
181264 605185
610552 773446
469115 301205
751017 490346
644209 645691
657050 416663
354117 944379
482326 185586
357960 99817
978133 761908
182858 154475
708455 79051
405048 459219
289038 567476
831118 836999
828696 674122
18533 390403
395082 513786
888520 678880
470504 996631
981941 530707
382275 496108
16208 833851
50315 744384
393881 429495
62576 713074
299795 806934
623387 429235
404663 559631
580971 844394
699915 984873
914165 46384
332383 84942
501377 458812
712097 255056
71173 716463
467774 668695
79066 416420
173979 987388
399195 382601
756847 768382
166970 741402
803125 619832
713224 454450
433827 255715
500411 695443
917909 863437
166722 110516
723755 515997
874816 497820
10623 299435
770917 63654
846608 675331
384431 698181
918988 923722
84508 272301
710192 22279
161830 496273
680478 919987
812088 683513
226793 925144
382344 387417
542569 462136
336322 613690
552763 484244
473418 858741
278611 758511
680344 611922
59530 247412
308357 199251
501302 222608
626325 782454
290625 496580
291908 362087
762291 280608
913396 636325
85225 575274
855392 168943
565995 830227
582593 538998
747726 740073
996387 465889
553375 106181
423262 70754
385698 12208
821524 62646
627418 62841
25985 642000
105325 59640
153890 888131
265443 101135
856462 582301
952307 833816
159581 867690
135664 939799
900542 960649
880735 440253
957011 73962
707867 586564
631234 428123
657775 760651
77695 273640
457168 375504
442733 725260
629172 403131
82894 969508
118335 791803
810975 443682
877570 265127
98135 777200
92949 951559
186509 438453
837461 572089
122913 346016
106728 493688
336750 852708
2623 497881
374630 405642
185846 518628
4486 711090
128580 368075
853532 536414
986543 311234
542624 599469
682679 488816
373559 648393
916651 89561
597101 967773
913938 247583
397188 5405
946125 518591
735514 950345
594368 770206
962939 956842
560882 738127
461378 748621
860771 811798
177192 930122
976820 151488
111776 236651
491714 348634
470580 615262
850480 294913
268203 985653
232725 525962
758240 567446
466206 476718
122896 678575
934483 18129
345927 800469
656470 914558
736873 724033
733646 384833
996144 365650
887107 633387
280689 554114
415622 80438
21927 49285
989536 528067
770458 414636
658030 869697
264415 827185
282961 157170
282701 144431
99891 3158
243361 492869
497073 610094
433985 583985
532818 126081
672357 324053
598989 156100
937313 478870
982519 484463
301124 667523
415926 906588
942430 352396
160765 396506
779837 716527
967420 177707
117369 145270
985682 377174
814350 843796
347617 459071
227029 421281
180655 499701
579418 990270
556484 584736
853962 343546
266902 447354
805821 874871
547288 513072
224250 909451
585015 395049
602257 781888
223836 570877
291056 826853
716582 861036
244665 671768
669560 830422
968438 485904
639429 483864
270110 641695
724221 79099
496192 825668
159822 473225
670645 167842
174171 757871
161420 914869
12949 406723
59024 338089
638693 245791
65912 516232
213115 745164
326984 837563
740080 414211
944035 775165
762077 988966
508706 502857
304555 815408
845524 688297
130473 838932
365874 299707
791574 1713
400819 302459
698427 322256
295702 515032
188376 289617
951633 482776
509362 381938
777270 757159
227729 4210
676357 211029
593552 768856
137250 330326
311570 854118
278926 245350
216217 106940
679162 521243
833816 6204
334314 544675
171882 612206
487946 401252
438753 509714
268205 947311
512358 201433
943724 223067
822994 19419
917645 377569
576793 747973
719966 134267
703268 726474
709404 164594
296659 915073
597299 241541
651457 598220
563286 814503
203643 491455
956093 912053
448705 784035
497692 76088
467841 4468
77775 659345
311687 945499
802637 505340
738695 137615
872045 560332
349891 916477
852381 14333
741425 139439
461099 49941
788759 294344
715907 38402
858557 106694
459769 845758
834587 260836
574320 84977
141996 986197
836467 119570
398499 321730
821414 173222
235439 105019
269253 61779
437373 285473
575416 787936
718117 550783
471991 142608
636457 741268
146079 199223
310553 160304
948407 463707
637946 540628
476188 805070
777869 918850
204196 357950
802250 521331
104734 997059
897227 674080
416308 123968
241054 521329
250268 577386
710034 806904
123496 807059
317257 637916
180050 730574
39423 365876
162136 46025
430777 753742
266557 407230
378898 117759
694206 784038
50023 607568
583094 771781
337085 644146
579547 710654
176428 332476
945211 460555
353969 690686
710618 889883
599379 387267
365231 584579
464612 896537
468714 71592
770875 269017
227551 642987
926370 704339
898005 2031
265980 985284
410797 231486
885482 197334
564845 748493
779780 235327
401620 569086
95039 511053
162032 839956
221690 236892
709694 717873
435427 613338
45247 430103
601969 682845
382610 310655
894488 163492
108187 514200
718190 200889
284384 945195
266206 694512
846205 193060
519254 881035
919034 194623
646102 575406
620007 204483
224674 104799
177509 551766
60434 673435
908202 75958
382146 331634
741886 350352
661578 28811
607101 52380
114001 594380
42068 760565
507894 527965
586968 880350
903683 97976
876082 299905
663168 528117
785962 100723
229085 770274
789663 572536
136396 431995
493676 332839
393355 540454
553938 284472
787429 330695
154654 608403
508781 195370
216506 31131
951848 744334
132996 634618
175769 343213
945254 740430
983134 764085
880577 101248
507788 181473
706519 942915
520534 144994
974243 632695
875448 828169
522131 804443
204523 386368
980335 54805
884897 80847
322095 393557
680421 462684
512962 657490
587570 997316
29016 915022
249848 938684
35247 776393
393925 4239
107249 315620
39379 783926
654068 95941
630741 854199
972939 251510
693426 799178
791056 668839
404304 103569
546991 683692
444418 991295
37198 354093
792814 764358
503989 446143
926286 231328
484006 944205
387223 629574
532100 476645
731626 519301
623485 248708
941939 645200
688757 694533
750546 615251
744072 107966
696460 261660
994968 645467
59649 647453
447503 93156
976390 638261
964097 674821
938775 956289
650470 176708
726263 734146
577227 658751
851853 996981
431661 361672
734007 653450
614641 543956
389299 688087
466378 180788
884738 787989
366685 100188
746939 871390
618418 920199
79850 276940
585519 741988
619122 724339
529122 422670
538522 640264
62694 831946
7900 527343
943074 575918
804984 876628
155192 998836
660815 635608
905579 369508
781681 260328
874911 260551
245938 331318
476587 748068
190098 807016
732434 791087
584029 260690
266432 497640
951201 579298
434267 12855
314962 628432
890215 791458
73024 361601
831461 863941
322467 428475
801967 12408
993695 604897
326561 333910
316357 267361
463985 490515
95195 37121
826796 669877
965706 283286
355764 814556
342852 228647
168249 327873
33932 580833
12533 587283
68454 292005
674547 152408
235193 147533
716400 597098
307986 804441
586078 639126
186630 107746
123897 770711
11193 581662
807145 863716
986341 953616
592200 339313
973523 146684
842757 115966
957721 734024
349755 786898
987989 773467
311980 814555
929506 12557
988328 767418
229699 918494
27477 200499
691167 474327
129922 821360
677048 507751
841374 200419
274056 353184
667523 450226
145609 982891
18437 781567
534169 976760
536034 473251
710523 942015
682953 558687
949190 236710
336775 931317
921652 478274
796080 914781
952103 297959
414126 65645
141115 690025
518127 628691
727154 846405
267314 159840
139017 660806
173274 766614
889432 759470
803084 538004
484101 88253
32715 372653
89217 617869
642468 948239
240701 965322
557058 436266
706327 560175
423473 678377
993903 615821
786944 19613
107284 417553
10458 815215
866356 322485
929683 838596
339470 163560
894295 688225
174489 363522
587411 808552
346766 919539
414274 191292
289087 606317
637292 60720
628236 486147
163114 574466
395885 868294
273618 742146
438775 38689
864780 962309
942767 968598
883000 314601
360482 191751
723350 797084
617961 834835
248910 275325
148469 249018
778241 578973
915089 330526
174617 211280
528492 938563
239015 90821
949454 227760
256330 14451
696018 790017
363156 273607
226294 760374
464383 642478
394666 353106
194792 890510
177294 572930
307139 113400
322596 268021
336171 434338
605072 598993
811987 785007
601230 645825
372493 323845
536935 277652
996537 498198
508362 335769
267890 76664
848302 469896
813743 84590
721932 577348
791450 934003
803087 305842
253161 437608
345973 985263
612440 11301
7688 496510
569512 151912
942818 578106
118911 983410
562425 275276
317979 801578
96981 199347
703166 417881
232232 859867
491236 323044
239737 232374
966269 81082
182717 161577
57965 209155
790469 981841
467038 813710
710233 110972
486096 624389
300826 597903
771641 115939
344671 942784
968445 440695
62326 999959
880845 819319
661407 45117
718185 449594
849278 247512
247708 25943
201886 263535
825716 283538
740024 865496
816325 204201
988253 737706
96479 669332
289503 724583
89346 755447
387252 191885
414257 191873
33270 169466
326204 434745
930753 152335
976103 751610
549811 912921
485016 618047
942130 449900
659080 928273
256818 505428
529738 343566
962357 790456
410225 395605
527032 986440
792941 498628
129515 196858
688587 648450
410254 481765
120194 711606
732260 977581
310862 592185
32510 387591
575401 333708
683052 872567
931317 794805
756845 471989
582591 813994
227370 348352
884235 885372
269572 517208
8357 189004
814533 385290
311312 181894
882266 49919
532527 285015
746382 999754
554660 68576
888019 288213
976837 356992
983917 556125
934214 635699
74525 282209
37988 345045
216808 250961
945842 549084
338794 742161
42765 316489
210194 348203
348770 150569
132156 619819
419445 203221
938766 721469
9310 21764
706317 615186
165608 398224
984255 553213
662125 481343
787356 904067
764415 87737
696581 611915
755781 231546
462188 796474
918242 521690
302911 462508
653627 717089
621961 763151
264219 263231
312100 538797
514670 50489
199352 156036
304108 334303
208174 89059
811046 248310
714968 674633
420975 418838
258626 653870
554838 265072
604822 34419
439716 386630
631882 598358
353199 996879
613524 567165
803337 890874
725195 123764
408260 673613
881162 92325
264005 119452
410306 165774
932729 954812
732820 167807
776408 37273
662505 201962
802758 208611
859316 347398
536844 14780
591232 712460
506755 663168
908569 194562
144964 851133
840703 509094
593303 305462
971063 450044
545066 864675
739220 125211
228634 694500
473562 421252
160148 200088
549659 591689
914279 737754
710628 566032
392153 96546
500693 575239
165105 204083
224719 991370
960392 280091
971186 295493
817358 931682
853071 750497
181014 310100
159229 690151
711337 394582
323402 974925
384557 735519
516632 955101
595953 5142
773551 366902
174101 904441
377375 562688
943972 718202
148350 698494
483362 631413
884170 347191
599990 81342
196190 855520
971724 768679
640437 910507
733245 481210
426704 965969
300870 708538
667017 866400
707577 456947
843773 610952
790288 625360
24436 609649
603459 489282
800714 339352
500359 710237
344137 141768
734825 887140
382984 174293
604207 743939
98832 716595
172556 815240
308108 813635
340489 872109
816679 363695
938992 681056
97473 670587
273391 75292
118735 675297
251105 630293
860239 455612
758685 123825
251378 432751
627086 50036
256441 699331
797319 880153
569163 334337
96946 946950
879676 983804
788949 499257
380478 491642
770195 448415
322471 483705
386534 775175
38960 573319
477734 805964
535976 124825
458914 117562
496974 182982
346514 430308
132058 500181
478260 996504
333259 899047
477027 185451
110109 901879
950522 424925
17129 162753
85137 716085
678087 103614
912842 926051
844478 165608
76927 799543
65396 232631
646119 376763
68795 903978
335427 372480
348106 115192
601804 810348
755693 665623
835715 77596
142084 251823
612888 157640
230812 679070
656035 647325
584911 467565
986890 977200
877465 556662
49840 752637
677621 315638
757403 621416
128188 27321
366833 55683
316700 989355
427458 322374
58834 970454
637579 533368
148089 824849
102056 761477
547880 771961
124480 788041
754800 32228
471022 590524
746748 67675
189781 246081
654060 405129
567006 257064
508579 718138
296079 227127
574540 764438
588134 977014
209541 525380
726006 536268
20828 617962
291817 541457
809877 628345
485563 498086
307046 702432
935778 663017
694101 957703
466609 907757
410596 45241
111820 341886
111262 957590
529171 386132
348221 809531
471723 501100
806940 626219
816037 443272
603182 578854
936001 915241
298855 500572
232716 318969
513146 187196
544871 534306
131219 784748
12382 991170
747064 668876
866038 996212
200403 504441
352338 923207
494555 249168
776624 769711
510936 936858
29665 162804
694120 392751
679258 704309
693505 788083
195331 524173
520139 448804
906634 830147
642260 820576
437513 198826
449581 352750
165731 116304
703391 429338
566719 316232
242152 24243
560435 142210
51131 99407
953211 700987
577537 226442
933255 865138
373472 977545
772925 313254
735819 623609
775336 552192
188632 846890
922263 110063
906877 886852
395267 671526
600198 890423
916252 551810
427414 36758
103558 355461
341412 349623
835689 74251
602687 384537
519127 694551
677409 352236
662572 928693
535608 244892
230063 13030
124610 170518
268086 504997
687608 269279
44432 937833
851247 695282
919394 511819
210552 438819
129436 466666
581169 77773
978699 239924
40262 153239
1255 983610
485581 720849
791399 171071
952673 70896
274759 955758
270134 986883
222772 396194
859590 572604
251556 403533
185465 887169
667040 410050
556083 457541
415868 643081
70665 251547
965498 154803
637156 445446
850300 280332
799969 744378
270361 238490
514158 247287
650564 946719
34849 498229
927389 266039
219879 680431
280009 67992
347148 955483
663113 172923
798638 450738
935023 53318
784102 884727
381083 446879
913085 374509
435892 67392
580488 697718
571122 430767
741874 447305
409423 337816
768489 805946
428322 348623
106124 455723
938392 746530
189367 458596
959011 853946
726522 128258
650637 696228
634201 351574
764155 868224
483301 509845
850427 263355
88335 629350
447399 422071
746687 233058
58573 965836
689412 524693
538316 779721
473708 246940
538284 887915
63727 877951
369305 668510
469072 26575
507087 117470
974022 312594
913075 146244
443642 467206
795146 891861
575734 223813
467885 920248
113908 566634
120454 3618
558570 649009
14755 672826
265042 109388
430757 592713
390936 411018
481382 243982
583627 195402
166989 902497
994035 983376
530041 59325
332852 389163
487030 324494
865537 716282
853483 326050
772724 818707
35161 368704
409528 657485
655176 532705
590079 430894
162857 923916
669433 66907
618933 408881
70136 163218
884674 254405
182683 963344
13887 698533
403221 157214
833245 12439
953189 942046
627026 468910
147761 784361
599504 833645
381999 262554
233846 206929
976190 614891
334830 333606
108376 393275
440876 934995
826862 609161
179025 746845
29088 854138
101896 524908
413341 599847
35575 643627
611310 827105
660779 582943
837944 946423
568978 603969
96341 739453
198555 467997
818755 765719
320615 346907
392810 697541
317033 499648
208847 817906
326836 956024
866348 805325
125045 94147
40126 977717
435543 394033
421135 324469
982352 158707
711940 730064
821928 725958
224578 255459
36910 878224
759682 713554
766145 700532
709616 17632
97526 469748
174772 822933
735284 304824
814772 347589
612841 78057
953556 911128
521628 580318
732926 10910
418332 595572
378260 559286
692332 300567
704898 270378
240954 989728
958881 477152
407262 743660
425251 698449
848021 278140
515500 703124
373872 468831
697759 971039
478593 100965
276864 348498
710904 49760
171196 195310
770668 700318
110786 898794
753376 767232
319051 905419
648281 897621
56830 269475
689229 296192
352310 338015
99929 70012
725310 313876
32085 609929
526004 334196
879898 863294
909052 405942
313827 9081
548293 724521
118595 355571
562110 711789
216030 238781
678450 414952
596884 289757
27783 474784
215989 46683
580835 605697
160813 226404
167296 543984
344174 922433
565790 273642
947126 19761
833671 843445
499278 540645
628806 376309
797975 364174
988391 101333
819944 620229
969727 433152
930056 638264
304820 589910
136037 479642
989091 306154
456935 977418
978459 262888
521769 644869
115995 724557
974228 733170
628905 145223
66648 910201
530160 340254
598919 824540
572265 506234
378233 854999
536819 239559
531478 480643
970035 790351
135966 857083
61948 85493
785310 910697
940785 672613
958158 955668
470565 67624
384261 32155
660309 276290
765002 79692
706155 105261
501486 420311
462714 468378
74421 482058
165718 826549
538761 806352
707999 858677
543303 110877
976384 799320
893695 692508
771014 146016
611855 839904
846855 582661
738254 931016
430589 512205
327767 801848
439736 778648
687919 941586
981559 397685
683377 249313
32694 650516
6318 799261
295400 742984
376523 996232
562269 304894
960988 262500
385386 577866
783701 126914
631661 802298
879914 890899
432308 18929
185729 377572
309769 59829
177222 273306
202039 508307
665020 701685
936188 342585
113831 950862
654713 250994
607022 111008
531429 236153
319959 882901
993761 429495
11597 324926
380792 735812
610758 24377
482344 811096
210753 101310
422880 989341
793756 109072
891075 96770
434074 975596
937551 689532
339387 310363
985086 820531
849618 749583
317232 761991
25531 236176
386259 633021
227788 237544
610701 909772
6096 63921
915810 413396
991848 864957
335583 445842
396232 715657
608486 473777
818666 969482
309624 543637
679665 145005
8524 564601
163360 574081
333550 887446
402963 40841
57633 796504
308131 242986
685088 76185
665291 412237
641098 226869
952364 860198
322145 467543
347221 57376
679514 91484
341537 953543
497823 370156
578782 926225
780974 8062
246874 687748
355474 738986
562155 237066
355132 291079
528509 551850
747781 582315
408847 513667
839944 727560
189667 697696
575982 336703
123117 891195
99263 794419
201663 482129
86046 154350
485736 855191
812237 389290
718580 524380
6778 238260
402977 482354
912473 97339
820291 857112
2987 854655
646047 535445
821344 325875
983325 335926
581632 509360
28908 477887
455882 117448
793350 356717
199734 926439
849294 916400
232211 28109
658150 585622
938353 191928
200322 394440
25415 778238
17096 86792
484530 350218
255344 790012
587238 451002
980046 315308
610450 450777
169636 755421
325038 358168
827069 304995
465281 505471
949506 900774
738046 412468
827643 37280
507034 613601
95273 399335
207079 788414
375250 234269
193553 261616
90274 1601
720427 500531
183416 660913
209593 658644
294428 539664
71050 447961
995630 151175
637339 272000
638697 447547
312408 750731
731677 786574
600404 568693
960389 612504
64216 14860
272467 879229
859360 568789
144421 36989
464478 993045
167162 548378
489776 917966
748325 554215
711057 219023
781528 457281
804787 533812
18316 558668
388424 8430
593381 6619
659070 966966
903746 603476
628914 496010
71415 166938
302333 376130
668752 401136
481185 377016
296557 753877
514460 850630
245123 826182
114407 522318
559227 316040
871381 108672
215324 949868
939275 856262
686554 442057
789166 238655
569829 158302
631366 784615
748677 165289
583109 723830
605663 442893
102958 675406
325719 314383
398708 899383
263217 835604
440508 748372
587029 48498
495808 136479
215777 985072
754442 310176
748056 970680
674661 236833
937787 217116
536377 384687
443058 604461
230060 432393
676310 833117
664300 608239
127581 377286
373671 420045
339424 904110
717374 837302
156816 178396
911002 882226
707418 851054
932261 365549
586783 3411
162081 230880
212109 471599
581842 391272
67778 901403
43223 697344
982375 956201
139228 327935
785154 721410
762291 948169
961994 383166
205380 992411
518932 437449
671687 772443
666343 472611
60585 113872
972305 815769
167478 860367
788678 663620
127904 75550
514951 992677
525060 200042
276995 685102
879594 822285
478662 943221
543306 901539
634950 375373
998550 29204
185393 321948
604457 902050
615891 942961
20510 764477
101034 784825
435611 56393
795531 873651
753930 74655
175334 358041
563323 553194
911616 973762
861387 557429
384905 907209
280520 437911
104044 539529
964682 801291
602512 588048
808351 979781
75674 462219
875204 379178
806501 616690
258406 498297
379945 593624
891633 950625
85258 71049
91771 712883
85836 915899
79172 664388
268036 595985
946123 903446
81102 781270
878121 74531
384649 760868
576775 917951
351245 769327
366553 941957
207061 417977
457954 257463
608027 466870
398660 591137
873061 850599
973890 132054
264031 201651
408264 139335
474331 533941
771363 442876
125652 324719
452454 269840
631942 609649
451968 968339
492406 12383
750594 6200
114026 395046
920308 856715
342125 79665
351327 73791
73687 339159
237301 875974
454926 833739
14935 534054
356539 417539
382611 148476
44969 944343
387219 540346
163009 461507
803456 506350
283480 926329
248230 90127
829993 566057
404144 464403
583456 939617
437779 977833
560759 376358
669946 526027
219274 436641
550829 383293
680 379587
97425 587204
932901 99561
838753 938999
376588 364154
119307 774316
739194 246189
242357 16132
751406 813651
907153 728314
648759 63304
551568 548310
865013 490440
766785 344800
762378 115034
110920 558769
769820 468963
559387 57005
557681 883044
600548 989896
642304 679822
169454 308795
296497 854862
771887 526588
227788 907814
458337 632574
510648 451974
63369 628381
560440 979038
624825 419030
361109 666349
853257 704152
19679 409103
541621 978971
875519 592375
614406 557546
944976 720984
547074 521666
279721 500845
221619 817832
992246 658003
144345 764332
47814 173839
29066 673864
107027 368566
219403 788957
957507 54230
171072 45522
665481 785427
384669 343885
937526 321429
739694 74234
517215 157890
321445 610485
544333 770025
8715 956479
800251 417123
313206 442962
