5000
952071 879972
751789 790683
863514 509547
528462 664797
251332 259153
672606 751556
318319 417111
761847 629675
931377 474295
32569 238594
197767 632302
415284 511342
891984 107498
28563 816695
123396 731394
897657 342916
78897 678383
135923 46737
254517 158029
961327 920091
932610 265686
372994 657742
705862 283152
337772 278216
295633 21979
565671 866079
356141 849302
427156 277266
932896 719771
401957 845842
84605 921299
449413 808405
137321 390818
591221 224775
865764 415596
809703 476196
449446 773781
669352 560637
12096 118589
934877 309905
360508 746342
429250 530222
360084 712327
615997 976207
97852 588521
829173 795742
917963 278096
835072 653255
949110 534411
647262 552003
150954 512247
997003 45768
828055 672628
826299 988739
398681 948040
714496 84130
272147 873293
876858 579943
676343 23886
496927 822812
594047 993103
6214 945891
926276 61209
823082 150583
691979 362030
705666 231763
122179 788647
423297 953876
128869 122227
713310 664660
357375 167809
74756 404311
484297 525678
743488 814761
248443 964437
721594 96627
516412 443067
784493 356858
847706 848851
542324 566696
430419 905526
302093 236420
936756 563816
961124 823268
297024 789310
437912 330544
985781 403301
329927 285360
927608 463157
978431 819987
891992 327839
861247 965344
116803 757805
253929 78332
327050 865984
780409 236200
709132 935813
589668 312117
695428 870740
890449 243693
412075 783265
168103 641867
867384 519341
320489 540511
95659 9471
89462 503776
345449 598013
709393 691371
29875 522054
921447 212027
123968 357735
39992 446101
3496 179098
916851 396432
550248 600817
479491 523886
633008 731928
388862 830045
410932 362678
176108 430053
567374 401437
569843 577129
830691 788555
540652 922457
603891 294781
108294 570838
315217 679398
893269 984637
772464 946840
124972 32929
761694 309185
776080 94054
495899 705797
111374 722108
641658 161858
495391 165856
884115 13030
177132 549426
973679 416041
512546 281950
610273 93206
202835 327874
794648 440199
468236 915659
208009 507240
976619 225697
742216 917677
871573 41351
301182 833307
393452 418397
344286 580596
121124 65285
647334 194738
446512 434625
836027 985353
401466 224611
129560 980774
443467 328905
760752 463583
691143 101316
371729 33451
463313 733574
55863 985364
479258 603519
436484 953640
842976 793556
151561 956406
608904 852681
193564 988308
613374 856882
481531 359475
559162 989915
922795 472628
728698 558779
114867 394247
804738 496931
552241 347518
556138 237920
152100 795890
500136 703722
294254 935955
286789 193408
15231 564684
563716 907792
292225 143192
727724 396811
828927 857365
498591 633372
459844 291461
981923 820329
840009 524750
461893 4622
54318 353069
637277 874140
479646 936354
538891 930785
781792 735696
571561 376533
796851 988644
927456 985070
63868 35487
986511 937119
231646 125279
407126 366946
12965 337960
72765 603444
233633 531947
874333 20199
134108 204516
109111 392659
120762 759735
351899 779369
676600 319022
532709 427579
598202 294073
417610 395813
252622 223435
53507 207360
295850 968438
151158 8901
897900 703468
552415 789251
506089 134912
485064 733214
382740 647052
463709 432533
730161 193155
6725 871136
223874 503417
826026 462902
902311 326334
738182 198015
421430 135117
949678 26084
812719 143241
922705 826552
429693 188101
483086 978175
361473 919349
747799 61576
697806 915880
11902 248054
81860 722988
493021 702718
419290 423292
610261 593579
529958 296590
769753 544246
461011 760232
905626 438872
463464 905912
727507 337163
888291 12486
691176 972968
214582 123511
690459 906647
230713 18723
232410 270977
119053 972143
9325 345801
634856 433511
793502 182696
19397 224163
247881 772513
555650 323507
593690 312086
77641 214392
937994 584042
944353 691094
197919 977574
853755 982016
83693 793734
188359 270276
953534 895088
227115 784895
16851 399139
759350 495076
439407 938779
80819 525557
640743 288479
862543 395674
984095 458315
953520 757798
813851 671371
269244 783195
203570 577251
145198 611409
759860 573276
790835 525340
257878 58951
651695 823300
802699 841782
690678 760016
496256 484542
541801 628029
64860 372743
60865 203479
230437 924750
161551 609229
148263 822138
869720 555130
248934 750239
582064 204919
96720 534342
805883 160983
677635 38834
695434 909224
962047 673744
541823 643902
13930 897908
400986 185246
161001 928656
334006 413195
460592 901293
27655 279527
781416 271550
830497 426508
360552 539933
977036 159919
640809 898963
285384 486737
964005 528304
668355 44814
714143 263583
58446 499659
892989 451799
81314 130486
714438 263416
984011 881000
462661 107876
672101 558853
124776 11299
867128 688291
428750 509031
219099 284235
124391 949116
937314 946160
668412 842144
201848 74742
675891 855836
654904 136126
134707 684766
431491 350585
296923 530015
217573 728558
629765 51509
922043 922578
456711 816755
95373 336342
362616 112639
352609 719691
167233 777025
52607 691173
15931 977227
712464 129376
607467 634231
73113 57445
728578 947399
781460 100871
276944 316572
256667 379254
524800 445224
449345 556306
870087 208956
180969 118236
406335 863451
100670 357928
873158 930818
635440 13494
997679 932205
290210 555351
707163 60102
367407 365410
292122 943842
764676 243115
302918 822241
422750 32478
152097 73410
102571 843024
617045 715738
462602 641472
332633 930086
439952 664513
651734 932900
718624 482365
374159 382902
728385 154336
47075 556903
125816 493991
27104 46099
281087 435873
390547 699233
830076 631519
895541 707367
305971 780416
560205 290637
605301 698530
471260 822276
364032 774541
455877 36441
697782 550798
319802 576178
129346 903478
983305 452502
773360 369285
12341 359881
197932 146742
322359 214141
381644 822921
63711 448459
603228 454749
828433 58223
113140 25857
413622 733292
827519 572674
442127 97908
508659 734424
704077 907379
453939 232077
319290 483002
948132 508495
500913 780547
993262 987670
92421 938807
114916 745493
971837 245253
15491 909792
204360 675719
986141 602435
534923 376750
906790 767217
186571 248849
229125 764097
266097 331465
969134 528920
971999 557778
667681 71302
849955 375568
259006 181503
62452 334493
31846 605976
234005 529491
768581 379925
160602 559008
280530 634011
933674 513352
953289 259253
410868 124295
768208 145767
445422 267767
946629 206935
667143 700692
874400 329318
21808 958243
274247 814668
940111 420912
546640 603948
569109 644962
275567 42208
556737 796729
957703 821973
81952 772057
121151 197483
516855 690709
533575 745718
81903 486199
948565 711251
192092 8616
764078 672640
841717 444729
24072 511577
278851 539409
86426 518397
385581 733652
55597 262990
519506 609549
1621 76741
564031 439814
165184 739671
957122 131287
28465 20826
614796 699252
296565 21801
549292 98586
279183 449821
677856 63692
850309 500096
469318 38142
81997 712856
92197 160649
194623 454856
162542 784551
761102 325617
94890 983745
555000 90569
498688 528725
825670 394106
906342 332128
348016 25578
203571 16722
674025 796959
80152 917840
434891 767583
239689 48934
326266 925243
658876 793108
659624 714236
446453 324172
99368 914859
65468 372885
242446 107685
955681 179547
678652 700669
203283 39284
406201 773882
976937 626001
451792 841573
778968 585062
258298 880087
406486 460735
199171 351649
897970 442196
597148 494248
218860 891692
484567 545185
995324 723163
472347 489073
800590 489938
954306 440363
118384 511228
522881 824926
618519 859590
649259 312107
692151 753441
351456 687785
417658 285153
144318 412863
248122 146204
167296 664340
96683 931748
393451 411373
93192 256991
242857 735913
251569 663074
249887 895500
649236 510652
858136 360438
548960 531195
879872 329427
993380 400861
147970 53172
159021 710686
973448 978220
361282 787620
34346 27233
545850 597329
533340 207787
388469 680441
68135 136163
4611 337915
933837 329626
833693 440532
511910 374982
404039 19117
87158 303458
898575 860855
631935 343726
652656 386357
1826 504858
48319 515462
315002 956884
430338 448467
747259 311662
658342 310098
263323 521745
135285 472964
225283 126347
38751 932691
722889 88828
495204 821191
248541 487459
852455 104451
209828 166433
830461 936444
344152 220783
150387 225940
96522 621364
557377 965429
76573 72642
690592 855135
956274 594821
397084 177544
698356 757582
379967 185481
687273 287119
959283 39332
747818 113468
825004 898145
947870 254321
523407 511437
518805 232954
767143 89001
102185 393086
582301 112452
55897 482019
932578 280688
41169 559305
82145 419831
896948 248423
538805 659251
615821 629446
604404 201853
894944 701028
569903 734006
178040 470449
125204 686977
623341 465954
978942 919561
120033 158201
254515 778501
406395 577569
128707 34666
896303 123461
106136 324422
118746 279687
481626 200610
741628 677426
913167 680444
129 103978
399706 29688
665925 864260
598594 831285
401043 281213
799619 205578
495065 849660
779891 994560
13762 576632
294972 627565
556279 830214
207306 353847
628808 674770
785336 694103
692559 252632
481048 821035
350450 772218
771888 318521
497438 869886
719580 790395
547554 460984
365750 700329
992901 969889
94114 853782
493893 706701
22319 221103
753255 376618
761206 807713
440668 518346
594709 553243
684332 161513
426343 24803
383420 711860
248195 228867
588617 227098
628908 503891
707568 906605
997422 135953
785362 515878
316707 837086
643188 448648
786004 636776
697491 804930
233467 905254
578510 355172
766748 274928
310976 386475
918390 924690
866956 758603
855133 143726
497769 526345
721163 423794
370400 940424
951838 17511
348322 323260
422941 989473
811709 653432
348432 749725
718453 821855
31045 823873
399259 889937
57625 904703
131372 440133
453102 971373
670395 617927
254709 661370
267663 196296
961549 960870
993551 960890
341108 650931
874235 403869
428323 432712
431711 537855
782222 598545
912103 255406
146479 294835
804807 654792
405017 867631
625282 583969
775496 73600
69169 160725
938448 158461
230975 346935
986522 497460
321109 486991
338219 793942
742417 426046
129665 272589
52982 215713
161146 637181
548754 949923
594930 817561
374867 451452
867549 90331
776538 698118
810443 247336
526215 447058
344535 218307
336534 743424
188846 818014
237470 646911
668732 307455
982780 733103
998915 678685
160249 144999
86226 446159
734552 319804
224696 160316
269229 107723
921176 955589
514032 211391
697181 420700
941292 257083
309939 398793
918731 796105
598871 306510
521174 581010
775525 674156
456744 585374
566311 999587
12612 257532
884548 938969
324503 443683
591229 183556
60123 144939
319154 819367
459948 242947
844569 282278
243276 860266
480997 244752
695782 53080
977696 893030
561405 700483
967037 417377
901598 440265
175927 156237
332999 117812
71973 940773
984053 733997
938252 213754
101567 6171
473349 437670
62057 420527
353198 345181
154894 724383
207823 478051
29635 853459
732044 733970
651278 191968
522916 591412
165443 464994
606913 28237
761753 139251
492867 916059
475243 643539
586443 697255
12961 154892
260959 436436
680152 649225
833758 439538
767463 562863
387150 228730
718157 225295
534691 164851
954969 925261
897112 55314
897493 98485
527752 912164
148368 13677
369728 650098
687514 891861
83603 422204
64623 239142
679714 619440
893350 442105
884448 855591
48055 334574
197346 720636
268121 286163
285100 607643
709475 368662
133661 375330
304678 684134
649439 35330
319172 682440
830285 852981
802422 773727
401923 64013
751353 818634
622217 593855
306132 114046
331641 237856
307641 576908
362375 575929
719434 443471
970092 774957
580948 689350
976827 677455
942814 688478
896540 916661
980295 705668
953142 206167
160714 583299
475660 631748
23891 63069
453831 581644
180577 588075
424429 597453
203419 564903
849707 264847
457160 133711
414626 433134
977641 258794
926002 401792
268791 336517
886243 664796
194563 297534
800952 603464
375829 50902
841990 615009
117970 180471
346390 140895
816062 222988
247220 803590
646388 149025
350681 174931
604894 273031
577452 234286
676128 613918
203892 231623
787867 719284
906999 418036
394364 842245
680692 371522
421718 960687
867432 34463
834237 49751
75281 635736
795823 839009
359607 697053
889022 282861
180371 635778
686554 987514
465986 735774
56979 522354
378423 385375
396409 936086
19427 970628
37304 382520
43609 218578
56763 631185
593476 232872
415300 529086
638 643218
749076 828735
613531 896926
263443 955292
794157 397260
972818 432385
283952 684229
255498 403350
708641 930901
683115 837887
82386 55805
909680 894163
15833 740947
902943 786450
723995 901957
413020 762600
611208 3977
657163 996875
432684 871664
990211 446398
780132 631104
426429 823734
445786 821166
254620 546292
176020 568404
982780 173679
723005 652603
310926 74047
453503 490388
283564 92976
875279 783936
576162 802209
536593 411782
908456 363821
682207 917624
659681 772461
434403 479224
208110 299777
127517 472963
380218 318047
414237 890001
578853 118403
790716 395441
398884 605184
249906 76487
778184 257795
812226 726478
929723 186346
3658 654836
45302 455537
900690 757915
749712 900761
94713 720939
953283 750752
591003 195012
476646 559790
181599 379797
583467 536405
879414 762794
12790 797528
4559 730527
509220 384969
876566 539079
563730 463585
443719 985145
187775 990643
311828 929315
157486 343053
145220 394366
426638 160710
972547 215498
412968 589109
642911 752222
549720 133895
808274 82606
377462 112970
491746 186861
890717 234246
722379 576655
468986 68952
897933 632901
951417 247127
861688 241752
490830 1169
245185 787079
610535 275779
85967 706499
964731 399685
119956 937141
237139 481346
898130 66544
893602 12909
693502 720440
785279 91476
246266 570855
846828 497573
529969 533462
435174 275113
845234 850335
791322 129227
91303 142816
64350 182711
488511 453984
704923 950909
496538 784173
405974 366778
576695 171792
702337 873758
496432 33217
733847 711513
28086 174158
282744 872218
877264 425393
433971 536396
255450 294468
511864 47917
276431 940806
734272 977175
4827 795417
172799 281742
757628 549993
835836 44959
53791 279728
395998 868175
439804 977533
909932 798698
85847 929284
764240 604027
752098 986646
497919 975861
126347 682884
525017 15440
195461 227500
735370 657112
175106 503528
214121 353246
603091 595122
218205 180488
743611 618400
350921 17472
924060 463870
655949 207441
865213 595733
350371 922296
557855 230197
380315 566413
760314 240713
103857 613548
369870 586642
560149 498761
870870 69860
787645 817759
114995 279794
704873 253092
863921 516852
662861 903053
633463 521237
791660 407938
315101 711575
31893 350002
762480 542785
562691 507549
454128 566039
837364 650525
178528 388728
482266 953280
21411 297139
518104 520574
905366 234132
884685 304196
96253 322017
200045 69228
277096 869529
845376 377934
801671 631733
837215 814793
107901 498992
801367 252194
293875 834755
159426 906429
810463 348548
869520 814960
468013 874126
259241 797372
95457 734700
908255 742424
775902 533876
924225 868463
873273 908979
317647 297703
65538 61672
813057 520245
278287 343038
777563 641193
708962 69038
666446 13777
119202 2907
616597 634036
912702 778038
293886 546702
598206 251293
897552 587392
539430 254540
578429 662031
306999 217747
42438 133212
337240 984217
232298 944000
746415 548464
828549 131791
168307 681032
574613 476077
456364 739277
703782 968305
578996 466824
727979 884754
226458 94367
570035 708653
544779 716251
562885 459377
969477 5570
427729 579408
239963 997246
371829 805842
250177 835355
158969 309011
901143 341288
444729 74952
506757 202145
67273 966629
245504 115345
954456 398240
635196 893323
598976 242507
669989 161419
783605 746912
199954 405135
707721 22285
21332 124150
647029 104977
267042 277300
862387 83506
946833 429374
269134 740820
226736 749566
698432 651315
743241 176481
514980 300307
978413 732301
144427 97303
793734 566886
529192 452337
709410 345723
821860 562755
958615 117423
550529 609912
665146 609841
258048 683732
728949 529944
936852 83090
269879 998831
383569 389747
720593 577275
678530 314896
61919 307388
972941 159113
117618 536209
954926 16067
511416 412252
433945 925626
151668 743031
78035 783443
164422 933522
35533 653479
687002 586617
260965 455365
969837 751734
362671 188039
709098 10158
26068 164766
72160 472080
249252 478051
39800 791958
734052 733562
282110 343525
79078 261641
681722 990831
625850 633665
920231 38599
671548 615478
894536 574848
411043 507101
129158 534629
818919 376152
712565 258784
679326 792340
766092 180353
625888 898019
181617 31170
208061 347258
744258 480071
207289 197074
480803 467592
750763 798194
544608 42320
204600 235664
791258 384081
335319 76699
522480 24934
926950 184648
424874 606810
610775 643067
574332 910255
849636 447998
59154 631442
274884 49901
711420 115032
310829 658142
351246 908516
934972 760867
621309 175695
981496 80201
787452 243098
230951 125076
692971 729
330969 820282
477842 811512
120776 521989
998427 380818
166134 869455
331232 536424
889225 21691
172943 20701
102604 228745
599763 30912
376383 865975
510859 389637
274283 591462
301936 473330
748974 434323
265445 478457
888094 953879
987824 681959
191854 706701
324256 888156
940497 627129
951947 206985
618092 89720
596377 639924
146360 474260
96611 213723
49058 160055
911928 57325
983002 504841
108447 139417
298143 780567
944671 822135
718263 557272
244917 591205
986506 413600
319411 725920
831686 718721
457999 532298
255811 677085
337983 996674
231254 45794
49971 66782
827946 477659
553862 14448
78385 498019
665486 434632
578185 447640
222292 781200
669784 303853
739181 320454
958987 401873
918550 861351
920866 786263
179336 188870
842965 218340
664985 801709
858198 239401
365481 497912
29206 870824
676118 369771
785590 720943
420018 735053
732386 494357
240901 62670
669110 907335
349499 334482
113778 430227
872466 423593
871535 789047
309451 644767
753841 219132
579290 355506
874147 650222
550596 891522
763878 84889
60295 706198
730187 23801
836699 941512
689836 26624
884663 983891
703332 454771
473230 232392
175691 103696
851463 560160
907680 473183
199854 515021
287865 338119
37514 904368
367726 65863
977507 38743
373783 436768
323083 380085
614053 810736
785203 378394
739549 939375
330093 466504
983281 170158
133143 710301
421644 397144
491427 100465
440077 605769
59394 910297
438804 274836
448964 718020
197882 6459
381533 276850
464311 160467
183959 228405
529597 519815
736714 354873
541784 272973
538424 615013
866918 574122
848480 156718
261698 342462
456279 145720
889962 201770
611434 328416
324350 506926
858520 968792
264681 222450
583876 351459
783808 285527
77304 978366
86325 756675
63088 505304
837946 9152
641278 292433
744934 698003
477071 357644
317946 356554
98219 35285
394862 446010
798473 591091
247904 551770
521991 356923
604222 415335
702619 428235
692117 980256
709158 347983
527066 593686
828422 639140
644207 312809
478389 710109
238572 731646
771967 182065
336925 858914
341026 226468
506673 361086
270261 531819
169152 429687
957845 894910
218590 601196
117896 426285
593392 959929
225905 271789
958095 829906
11075 674262
405419 919528
568055 900342
830779 15681
437151 744955
764703 107177
800674 164717
532307 90207
13139 384535
939635 6479
368485 106144
390570 572771
110427 38660
913527 45965
353308 986024
614466 775199
458090 308869
769200 644017
153185 48104
406791 823885
251490 45846
293579 295031
456581 379052
955072 212131
803747 492757
345114 213180
511570 928299
452603 376783
986014 234155
90252 505999
987882 497733
806743 315935
387095 76439
446533 959107
206857 300808
122180 230700
70678 77294
540917 119192
926329 705143
170773 644431
40685 755349
769614 647067
666836 487092
147700 779554
552176 374181
60222 898231
491794 122032
900971 790268
517159 141988
602460 609396
148602 160578
840587 440260
120705 424421
209010 90081
93994 195895
495453 77597
123185 572992
245389 438796
525794 354969
243830 198753
195848 602556
222776 7719
106237 557006
665365 399550
721554 428736
950002 374374
267180 808413
783649 832529
748246 270333
757826 810061
90605 129729
338566 479044
759489 523136
320224 844609
269038 979678
179443 284196
626191 422962
648238 61678
672284 152093
59426 163257
780719 658397
835840 326172
729983 695105
465175 469799
34611 943702
761541 943349
2973 886948
316165 634015
751358 653895
353000 308010
705294 761506
288730 264879
496164 783020
507875 719661
792027 666273
917035 947517
636404 151434
898747 791514
975146 528590
678462 268854
537723 377901
270242 645945
759184 423892
324562 329144
436425 879674
314125 75907
809933 375013
676574 352961
501044 428500
596502 9472
568443 249867
613247 998201
887665 621331
67350 873878
126354 241727
110766 70660
862401 116787
164784 60843
781780 769292
412847 76317
150893 144225
703245 13902
467476 531144
996728 433696
840548 300472
160730 548571
453948 372383
864552 820665
327774 624439
283279 949923
28327 593761
206281 404261
7388 121868
650906 940917
102772 92240
641397 792811
52780 831022
518971 730851
19375 963301
651297 513626
253421 243692
52891 775927
209204 346689
835468 645092
404030 513414
213772 229022
503581 607814
850369 583523
881670 825019
799778 372452
295624 236300
942658 488584
444486 753521
366979 682919
922513 869286
640765 972792
950584 268518
897063 490667
816145 287545
990895 544008
827942 103692
356211 455351
32837 647131
786968 264246
716095 608851
278332 435228
490352 576769
195141 512469
738352 1225
994552 506089
784374 254468
131674 940624
216359 651334
382492 979814
608430 273926
983387 408461
297136 316354
455360 274325
635230 831777
214383 987758
579819 909034
739248 605654
63764 781222
948507 22667
853333 442889
426811 481981
432903 206432
628954 897848
167984 41203
40918 640908
519617 785032
357891 364762
951731 252268
250433 842625
358189 824979
433168 400334
375004 184357
109436 195134
128196 700144
486591 715127
82048 104724
523836 451593
107502 462525
93585 663651
39813 306005
541906 848616
957809 502640
749484 707447
167974 130766
539191 347673
986724 384155
780378 105154
695831 841671
224329 105219
232991 383549
249641 610213
722244 638225
676028 669961
203002 855533
733564 393739
377761 702680
578650 69116
204647 10402
905062 527988
371446 949969
281937 420351
133859 67905
882057 15651
626773 106325
666494 957612
247977 792173
581877 446810
496489 280390
211604 283410
814686 340223
953068 881293
56137 116525
536859 848334
559553 991513
872120 568705
708535 119477
522540 929252
692320 5176
72356 750615
665784 467395
139049 564274
211561 759102
209886 392237
237316 79177
260431 28397
933227 433695
39205 991231
916492 408807
884180 844959
65574 474363
880904 238845
294027 918936
486871 618549
546288 477307
667525 7111
47410 674901
557998 11750
291897 807593
299410 807038
619875 168322
641820 934250
25638 499170
442606 271813
517990 831061
393713 598419
271615 359893
810762 790352
607231 953161
290762 452371
594928 961383
153656 955397
597796 388049
468355 150306
889773 637231
885539 695598
173238 310243
290369 243258
64019 532019
623062 398467
662257 993747
245838 62651
156905 390310
154333 231820
435134 787166
348579 192889
778040 779686
845353 237376
192980 489208
423953 193744
889424 261377
16986 867654
909420 783179
89880 656988
775289 858865
289340 278186
354468 237898
62297 246423
712426 379780
362134 722389
372572 668234
831809 258873
301706 540926
339166 290845
424522 883825
293893 445194
326495 784563
298757 94208
408520 736483
984299 652600
329854 123029
502991 315997
642710 390546
174628 456213
645074 185076
676908 822240
383896 40556
454029 644767
947614 952448
795494 776274
885337 538947
702840 811780
960036 323309
400688 888807
221307 965029
542008 774009
786229 20619
344960 924284
550421 151606
334454 797399
823845 202643
881153 986952
546864 903980
206274 436061
201142 683934
318540 892859
682470 882740
997220 550136
113850 949789
827104 96784
534023 595787
374150 991590
449651 340932
882025 678288
405762 382596
338957 647370
952106 117991
24432 436464
304316 959729
469661 647544
312429 663084
660316 348955
204652 890858
548057 645368
904051 774392
708000 688790
378871 504850
212729 256878
906744 289998
839431 824290
134987 44022
250245 567070
762820 520989
936897 64059
990904 741790
379052 992195
501357 271628
245566 893773
158093 371549
977643 770192
483162 40281
410110 757435
151561 301699
598376 776147
265841 593614
383111 822222
809450 728525
952527 451252
354139 283469
497565 972567
767223 310858
168341 330169
234405 175877
974578 663408
932645 492404
812857 93105
8891 436319
212193 144887
668252 187830
442859 330001
794854 446027
579338 484751
923683 895166
601435 895058
245741 385657
814836 775938
1126 855052
15544 971211
219418 909492
309194 600689
416466 710472
979957 174991
638034 930617
437196 2366
731111 830870
710917 598758
45817 994014
632382 402867
23453 830445
569101 912543
466968 839571
549294 298785
55269 126942
773635 769077
728194 117048
112328 808017
44261 230880
894739 46209
685712 592291
788190 961739
262829 627402
832888 491136
204009 206277
708639 504662
523572 773214
302123 554911
636612 593193
831521 624596
446332 582202
841382 697553
906200 733978
898270 682463
47196 921638
245048 406651
457022 836098
7535 910889
125863 695659
795212 363062
989350 121731
313669 405960
25270 81274
805683 908519
199181 943466
391002 621697
674128 422169
661354 218790
730799 85142
706397 496586
259171 587898
927811 637063
598500 394144
507534 375528
575299 434586
694492 622105
307335 329660
841420 328972
177067 946300
509669 737693
274826 747188
877111 616667
68083 175641
701988 51833
619480 739961
895883 458972
751666 466256
858464 533598
868737 228674
721987 353368
993294 833782
353599 140960
350947 818578
816042 143891
511075 981025
231106 619920
539663 757455
331559 477636
566116 832493
285973 383770
676968 786316
550220 818558
448189 839250
25122 251182
409290 482761
214936 337586
482833 30714
115227 774110
613878 706771
174039 177843
991624 384749
288724 132740
951712 455120
118131 975783
389487 913370
326175 384144
547835 134676
425269 486103
591560 585366
258149 479407
578965 553088
42188 978151
677703 37257
141884 396812
578045 170359
538890 120295
609229 304764
321529 549028
672505 721394
916252 760375
602351 513684
919479 249985
548575 696555
886281 352974
991075 889482
935017 427313
223563 93372
564206 48044
818000 337042
751586 422284
735705 287321
405576 519438
324985 436706
694299 737681
640555 409236
836666 784371
888276 361192
697547 582597
880480 496650
580245 568979
868275 190691
725441 344735
196070 867016
43022 697426
745625 307214
612032 481388
786136 972077
11609 72047
174843 233583
64818 605925
769461 583045
34690 931308
624953 534193
411962 844757
896898 408463
898516 76469
746218 327761
904491 413172
481103 5599
323928 818088
498744 267243
2944 559707
384409 470846
214035 507850
761910 784318
441272 634811
873159 316776
436031 255793
619678 933583
963936 610060
623369 485643
36669 716284
935687 104307
476494 87125
465716 565101
788256 536887
352374 746144
134207 543821
128764 660955
158546 631271
667512 55349
88564 156000
775689 912630
183486 134730
225056 423638
935754 788281
215709 297228
751123 796883
219422 454768
248275 306035
102330 228820
781374 13525
284844 717535
964935 742184
180844 145204
817758 841336
355532 582882
807124 597627
826817 458842
551937 693682
250455 237089
398222 686869
248736 571610
341014 142122
100915 481953
942222 313779
59073 682852
577105 558959
233678 486983
584099 736425
934718 822380
633711 99923
684025 112692
728390 924583
925340 927594
981319 432885
318903 799992
52535 290441
616570 351761
106114 265533
356469 612287
266205 891117
121350 374682
416698 685507
873658 708505
818136 399367
454501 608044
395738 408881
31166 209048
348855 517615
167567 684598
68506 648403
221878 213559
873937 515428
746844 908288
927519 709604
517241 894194
296482 785379
899685 454019
982280 441934
116144 184871
681419 367400
244445 87239
598424 685485
566221 265427
634714 96216
583663 665065
10941 536235
495226 843366
349539 821538
64767 219589
276192 213511
298745 268799
604551 450108
647072 54613
450236 844264
248546 498808
246136 693492
155349 365615
244203 869537
512774 433075
25031 41632
800236 809230
725906 590277
619044 325902
391183 109199
147172 309597
306136 284445
485717 131693
416336 259563
879487 124164
34068 378085
274004 903695
552167 313447
863099 367740
779030 489534
606464 933154
308710 614243
517014 974570
688112 35445
773395 880455
309694 328103
517881 735743
95973 56060
921790 308579
183180 272509
768936 123820
963588 320591
702715 822342
911173 798470
642053 484090
971706 820904
510410 638932
237128 35575
45765 79152
489249 113077
247075 290397
269478 866123
871510 926577
234054 674709
693331 675469
23124 611667
9585 728767
511329 228446
641602 941812
522528 523140
390419 666634
580127 624611
680396 675771
556739 117001
402168 6190
91678 298573
829063 759431
373056 705915
180740 913757
758815 404176
461983 543782
894780 461663
601984 518566
431064 163994
20712 262813
450999 115664
878567 725286
924656 686765
305078 311524
453465 167466
595984 269049
740748 876759
771017 46664
573739 548429
833011 58553
94999 983181
673345 645622
532039 140602
404637 83103
466632 753485
677068 911020
863764 737623
591448 623317
586631 48014
777031 719031
119767 529382
629941 980567
45474 337007
737213 229110
901271 185692
719704 651252
634877 667796
985656 930160
308555 18326
848168 601482
910579 904961
508706 378959
673170 328249
18433 376122
575256 207922
949829 915585
636481 940084
43600 952824
929516 51678
365222 782858
735451 794030
251964 622388
999824 304743
524235 998087
624111 229647
598195 689457
758051 861910
351146 325814
989987 531250
101173 26379
430327 829686
165912 25679
117119 989304
98597 43677
921791 80817
553982 134003
512183 14938
912492 922700
998327 690079
905288 55406
58161 780165
367752 417856
682129 673909
740740 193195
977305 796347
174670 507906
186128 814186
900331 330552
444589 107935
516853 178125
148376 381347
300521 775244
30231 715067
842985 531144
61098 540197
718884 94778
743241 938563
375157 448012
210017 9591
201948 889081
758457 103456
845693 901052
904804 948244
440032 988514
471151 725971
900915 996221
469142 529554
193687 471649
457437 92469
396071 611327
617586 129782
183566 46645
688390 582611
814720 845390
789570 371616
359088 419531
705926 10239
144087 323295
390677 985527
788542 180380
157874 495579
815831 281409
824672 562010
211096 2731
693961 619381
455800 38740
937724 63169
660320 959320
120060 789811
71567 237725
204783 532392
532682 393155
620486 629641
660837 907253
418061 805290
772558 939383
625909 495084
300789 229392
700696 511049
700568 14993
822732 182041
768518 923154
973324 306873
404163 811365
759297 86640
735428 439356
230829 751689
125394 309736
482740 239054
583915 859454
552064 400301
297028 990561
690667 153822
530094 901479
77187 139041
856292 739591
282080 14994
196437 117730
835349 850761
343548 189486
632659 404933
475326 544770
593767 854526
478447 820176
433933 435204
930230 242192
174756 208111
917158 103697
160282 424990
744423 56080
855444 978124
706100 618274
748306 897196
265723 520792
62916 832772
53718 199836
669491 381163
328172 945912
772968 191246
552597 180641
203654 224984
688434 647831
138448 819538
648353 394974
903742 856514
169142 864045
685181 596484
170825 275196
357576 10386
445756 280611
375950 507227
95407 175592
9506 856543
441510 843833
888472 532789
761880 31723
922943 265244
289149 56923
758229 746011
101703 274147
615821 414670
202929 796365
701626 198649
524746 574857
661183 343849
876118 694356
502295 449232
134111 795339
536625 28120
386157 470226
484664 575384
600691 206656
784941 571942
521370 731589
106252 33991
694967 170880
23498 28397
803011 745320
902870 85527
856876 862185
673810 558342
12121 547626
817078 567862
40575 383821
125694 624982
391056 801707
403971 593726
492031 413327
386796 326608
291986 27207
211770 456142
726265 807693
623449 225349
880268 720870
165514 255859
812689 149740
685780 141550
730939 201964
193646 116276
284426 729256
945282 220899
977747 591967
317370 116941
223235 902452
456296 973098
527797 334917
820901 439040
281052 514203
636933 349737
773915 835132
521253 190611
998420 800741
720489 225128
282398 535327
934432 88767
86701 736149
999934 683894
467902 883983
604272 628941
574506 86401
61895 430833
532102 631063
398471 222962
20157 433114
922726 900731
467963 223895
52475 43437
445853 640945
205547 111252
756846 786286
320112 297377
73980 860122
520369 48077
830986 12005
374513 731859
704942 459023
617811 356179
875112 795969
874309 597944
68436 735922
76051 256579
6994 569853
263684 668629
674126 559900
151444 729303
248538 90947
21768 899556
401658 452521
355417 957314
967589 645030
81854 623550
915183 176590
281840 956079
614769 894608
484637 140088
607440 57891
817453 484019
651992 335944
8203 757213
242448 797298
569115 69804
123208 95301
398422 267278
890589 687784
157320 378523
583726 851208
750406 163498
382532 330646
900199 621362
947108 954758
388277 840847
508763 873161
29329 17213
775093 768870
450980 436543
887895 979323
106822 915309
713998 404901
42411 447363
5424 909852
386811 681135
985832 399571
664753 525285
503110 142500
905873 583037
709420 154484
845982 11941
318193 50640
95270 141204
855412 345837
90969 379650
774343 412078
888892 899366
891926 187105
779733 298535
177501 477559
13878 257367
277845 353380
26790 651075
597610 340438
897014 576472
661458 566584
493348 323058
312297 147795
530758 240802
945498 735728
682406 343026
885352 561868
513851 117509
451988 495608
483656 784354
479433 330132
300860 75836
683657 817136
973739 92722
18511 479137
621968 786688
828370 90910
889434 657749
333 877850
640909 451430
775621 643722
124392 642104
375788 607223
10972 697437
841356 902087
142320 794931
653623 886677
713369 790499
23685 434
874539 140419
314789 121173
48373 904630
663836 668032
38578 804002
653575 817977
951187 59149
948027 472315
908798 991252
730406 897371
790828 894788
189622 368556
498828 670422
595871 427278
53008 313798
770207 130362
227557 221494
659158 548923
109950 280177
553872 532636
283821 656579
834374 927174
762550 72198
982535 375211
242880 534694
40028 552856
254325 121163
933591 837813
861554 744620
997080 65385
5328 316488
270130 885824
85718 580861
86684 616073
604003 209205
416116 932976
95188 344794
212695 395514
979395 814019
272519 185549
156936 539823
385269 918776
184083 341067
413588 759078
790292 267694
790461 315878
17644 644136
332555 803706
890975 627931
436675 844769
461080 752207
651303 23294
129725 92222
127428 282634
727700 558984
984134 808801
776717 972236
824023 482021
263885 893603
454600 234267
867514 704980
710511 302874
402219 426259
561879 390664
244196 773340
773835 563299
280402 850878
378034 895992
221928 769950
244986 995961
721704 548488
69687 679386
506907 595946
654933 572803
361187 173698
4254 185763
59021 908452
160839 616394
391546 810979
107022 903896
11885 525520
340872 403332
210581 363281
616171 490176
241507 423828
709495 305941
125632 205355
419850 696188
956441 758373
386790 329672
889360 272863
901249 299929
526492 575418
365286 781405
368898 821021
448223 947070
469168 385629
159172 794039
349118 189863
844777 536138
407863 658699
3679 837253
410467 328682
70524 259512
836566 879455
704610 397997
268313 917122
248967 442922
677460 450794
925416 330135
460579 681803
46120 643155
526323 263577
478691 248223
396650 521798
432672 483887
697262 412687
65278 113647
110964 263429
339283 298480
783852 111448
390968 926711
682370 136913
233237 423919
650534 939873
693034 608225
154860 915585
981537 706600
780734 986562
948820 431350
608163 728921
671447 32820
288135 236858
271763 654372
276656 503853
392215 216974
697826 964415
133307 46867
951653 882225
625804 107582
156522 229750
503022 396709
307491 636375
248262 956504
948567 840660
813404 76399
916156 881037
232136 805333
786885 274894
847559 577082
368277 211647
182210 193739
803545 398085
880210 163761
379090 466876
394272 418947
320571 137194
458709 572372
518920 49648
272851 234518
304726 288906
945961 726269
239389 477709
823942 785948
694125 620650
840795 915823
272815 949906
805913 931702
575638 160325
618857 479835
510929 528315
515016 253832
726139 193210
467289 469927
932914 326704
893926 668441
37344 653649
538920 468859
677468 907501
803930 621217
636915 431199
482285 941539
176874 348333
597015 965094
334933 403298
857775 12947
505619 235537
142881 276560
300549 647345
268572 263400
606735 561637
123900 990743
168288 294056
934230 129815
554010 720575
545336 304983
77594 352388
633484 245352
555924 856692
301708 896523
615051 327155
475609 420737
339723 734544
615932 949988
989720 379913
527363 150718
325945 710127
666789 483462
606853 978941
725358 342330
239672 434820
905151 83146
786979 746028
161212 140182
193075 749466
330116 896807
182060 167481
671550 644321
230202 534426
782762 123055
988946 210364
89725 624324
163623 588676
521753 992113
922821 426125
671693 938842
654390 280904
130576 234915
808665 542107
317889 181316
245899 779173
68657 274491
693437 927601
268444 993573
663412 137802
144159 626525
653553 262901
62278 627478
428357 831935
826393 527078
988888 13335
545107 167299
234042 487872
884689 170196
87323 519092
711369 836871
706982 489006
990042 311286
54117 691409
589666 615532
662639 789226
451011 182007
217557 450064
180167 51288
536597 287468
368349 212813
837480 614461
497362 834389
451133 189619
921202 254578
22916 151068
793939 888656
965569 611478
597635 736648
713770 80613
408763 947164
447208 934670
407758 964445
369135 965047
303839 388107
363679 593507
336747 483503
680029 894846
476527 890740
371775 600878
874758 110824
881195 377205
138265 267004
265510 848466
897368 341021
355335 102523
467240 591217
93871 755474
536047 827525
949756 291750
827970 765318
645962 658875
246423 863649
801825 74718
114670 310128
836607 913766
921664 251541
674913 448271
904959 468360
478002 657465
294207 129283
295872 548093
835087 952930
826409 340306
50078 353558
761206 525095
506157 852514
972289 560021
342872 711994
434158 944840
714136 904436
179337 174955
842051 974127
461175 48218
327253 567500
676937 17427
557776 877607
117840 238939
164822 600818
212873 560158
863331 454264
458835 279525
272216 36278
789045 277840
664595 896172
201780 473518
266365 746171
946945 100043
698027 576113
593323 169812
211473 787690
708555 153903
925012 566186
958862 989293
629255 950937
697711 814717
103468 74034
145287 334508
375025 272397
728407 533886
569890 937485
6784 856642
539238 779267
170264 94431
685093 542748
563837 717160
833571 667016
523681 133641
545046 549545
581907 741706
36444 412164
253364 787497
131535 613106
743134 843247
920536 161421
505874 971061
691043 418468
952307 871738
109037 108035
760351 368932
856134 531909
75908 216376
824821 324252
220021 296979
704572 265781
411663 288719
389660 85948
147538 811635
408819 658368
338398 801020
538200 877133
552092 752820
552401 187230
507015 982701
125977 678210
873791 759535
35700 148393
735831 648867
256384 25201
690523 58511
895364 189613
456592 205317
163826 976200
998715 943411
228409 517212
276575 782062
179764 763694
928165 287079
235295 388927
338446 136708
326894 889002
823655 710252
574070 913367
251237 977488
892945 393518
199495 521335
258526 1043
336495 100615
98789 81682
736820 347549
309848 546624
396282 142244
370446 56211
448381 618357
880399 302002
177033 938258
608085 873151
650257 93301
204860 463428
66952 918613
255552 586116
765093 367209
422285 669249
677372 364387
742762 335686
568777 927894
826505 523756
992429 805434
922773 916927
301120 758084
118465 996579
493232 614419
256949 54577
119493 717575
123755 637189
35527 885417
280113 803154
9212 166887
305813 532233
536665 964801
988367 759590
603589 364428
807051 416430
911204 373503
93292 196682
20422 785379
528462 856423
744928 789711
231463 707866
939906 265363
847927 810400
430498 484682
679038 625762
913702 515189
786187 103464
539234 695933
61078 762859
241503 851775
899515 474061
716078 257098
939502 169468
929354 100226
556467 327079
749140 962838
604281 694486
488643 610272
407238 372092
922472 368236
844284 885216
810791 418284
118985 494169
240648 720945
776617 62744
948273 644443
353333 485289
917128 176344
936778 545660
183923 315896
302998 945885
101136 236496
753236 817136
942592 764879
608814 946725
423019 310471
990337 177616
228174 767812
820425 431773
80009 206130
406885 588372
175216 493846
510102 609181
664027 959718
676149 272833
330560 421515
350261 658385
443749 474138
114094 908832
73124 123101
970682 332478
297982 179529
248324 982256
433079 785035
873386 845825
865505 802790
782608 9127
918706 695598
156715 87399
840813 13420
508829 188891
437127 669237
155849 671856
627999 476002
224550 163726
819962 115865
930726 11429
951215 88834
727978 344290
228583 701284
309145 336756
861938 209149
690678 964858
330543 257100
492920 195981
887659 115715
328313 497204
502544 703628
886105 447584
520723 57181
568563 278281
965673 200290
690678 964433
126418 719918
310853 177949
677002 450877
183760 917258
467786 690111
516437 560568
133090 360145
610562 369174
703047 30070
168657 96051
991446 699667
183937 599996
86382 491781
665952 44403
556437 227860
319119 7134
247728 517029
304860 971704
826527 557933
249748 328640
325669 197373
841521 313585
628671 757124
527963 535738
148804 612567
375861 243814
463308 315610
642250 272909
642075 753064
76809 95778
845595 835813
864198 934581
407841 794894
276119 67883
228692 924372
780474 918337
598627 628472
472588 512981
140598 662061
769132 689321
753609 91381
985078 848926
687460 861007
637575 954442
798025 775451
683725 851250
412417 170233
17083 634495
461377 206075
700095 247347
931184 695848
840813 264141
527376 169780
675319 14155
494743 748234
626250 552534
900975 553305
434943 835496
659750 351
41230 17473
257022 940747
702841 656364
242890 371164
458329 200006
789807 145721
849855 136841
573752 742630
823519 642255
348191 934648
7483 124053
459121 855137
920570 816389
476080 652254
802793 621882
432461 200852
110964 430670
771743 415816
647979 922787
480155 755111
87188 612657
57395 374179
831971 883289
579858 835111
204168 901263
732673 396559
843059 436886
655988 906437
960526 841579
381798 158421
281435 380624
837827 17474
819402 745763
587492 689885
883259 47592
562360 566568
226569 431894
218771 799890
784227 660911
606217 456741
909191 968987
758295 987502
188264 424102
71248 24759
970686 927832
523886 140370
777674 576303
247956 277660
400954 407383
24614 659021
790195 53734
444452 832120
239602 112087
739984 381740
556550 494646
602910 222673
473724 628323
488421 656172
690733 470577
169344 807704
131298 445868
835373 409382
413883 493932
182037 707626
999597 758187
64499 650604
108826 171643
477036 343136
184934 609989
373796 644330
245429 546370
862690 591858
872885 454664
170428 292786
637973 806676
13866 430666
577154 786733
242271 820142
397272 845006
964737 66280
181906 293071
276581 966375
61935 360328
162890 652751
320758 255524
745741 617044
249552 182895
715250 326803
326536 23105
663288 349377
256272 197566
195635 542090
524760 712600
395473 111111
906417 766062
709289 643361
967991 286558
660228 311384
957148 885565
312141 437837
534162 582168
224669 917848
460545 442408
252140 266059
977865 484959
99725 999038
360237 279094
418381 390468
692913 373139
461556 741847
549445 30603
838930 293948
978079 553595
297247 31340
476453 159618
659602 266342
53826 415794
105935 269831
445068 890387
328430 769731
535421 589768
821780 590213
217180 487688
307511 32350
740831 110293
446120 716813
932918 869501
46744 843447
776263 269316
816331 593847
897763 797061
914928 531465
171286 434319
531172 373332
199860 216279
718332 745085
771231 877369
823425 47198
637900 822158
636113 709341
137500 94995
557308 393158
133813 14299
889119 909092
812355 150963
905690 215783
27322 25065
918441 84521
633456 869467
464546 184920
83029 60783
890393 277172
548673 823287
918667 96874
990493 17989
348394 13251
927522 486131
85024 527804
128167 231028
179155 881098
901107 319093
984940 540931
462444 821021
307436 658133
928260 211857
149355 411725
817392 935794
238108 331621
157552 358045
228617 939277
958656 21156
652680 747015
367007 31254
201217 669594
191970 152417
409918 334097
58384 519196
697557 221621
317225 578809
270470 407710
184378 687594
560190 864005
55920 811200
168498 622940
724002 237242
737804 328517
223407 849620
32014 432545
264093 719016
70429 505883
350785 891196
554281 635167
372436 154704
1812 712017
748476 167204
347556 867840
867620 968012
797865 333438
405552 548203
539357 333333
168750 845886
623363 149314
14545 193622
340905 13522
346960 346538
184192 588494
516184 137436
717508 332826
90779 548325
630069 657148
79538 407465
84619 411060
637073 135942
580709 141693
488025 921949
357339 526895
919460 130564
252197 547313
32183 428188
861442 706926
288173 693007
203411 120109
708529 683141
711308 612881
467202 199619
585314 918408
729654 409250
872103 878339
847132 267218
390679 120147
279767 187773
313189 182912
937082 305821
315849 764633
480038 385349
856551 311967
459310 510179
216231 371675
78100 9840
972542 37130
715426 482648
66752 131122
437041 396472
457773 926743
78595 763765
840657 6056
40553 472445
906047 928740
719875 387597
65040 582483
668422 394593
309560 599882
630644 347863
933717 868410
205652 20091
336413 983923
682636 880958
863159 335946
444615 793583
240843 470179
807467 888336
575225 127199
588925 50939
749820 157177
897308 886103
619997 925356
835123 906782
919178 436520
448650 177289
947619 513372
565273 303801
320045 437222
135884 999832
266264 125666
176807 966447
27461 354507
981219 751601
155509 138009
563241 370999
547624 333679
689743 374139
289208 588573
922716 985362
254336 217932
881424 373241
991703 237922
870460 845641
971017 128885
966805 163720
646737 814778
284528 179704
710031 32252
173184 583300
41598 121885
820874 121203
605638 19563
561394 620767
959433 507235
618429 821648
24562 466625
244646 150638
106515 600992
215533 249412
656861 168009
912555 994796
340785 403465
458578 904879
568365 114543
385076 412584
455977 234258
965381 282634
959769 358396
702856 921302
655944 580588
828022 311783
964558 35335
833009 573389
489878 622764
799152 191388
813046 306955
74278 861002
969495 35449
708311 722946
760848 491631
726062 34072
345166 940976
402610 445399
159881 577750
285858 768022
848145 6140
668283 781315
459634 656799
619581 46385
129258 911849
527263 489983
296902 424427
657343 887095
431858 99312
403298 447566
279307 217409
471814 388073
813730 302990
114108 862106
765489 566977
608449 445069
64347 487688
184628 778864
895782 440856
1326 839026
294004 59632
436900 818044
957970 983787
996359 37017
479235 717538
966164 678703
728995 172198
614917 470806
485970 270391
117176 238015
633593 930919
357625 199355
595842 259878
543764 597532
623726 992395
692503 793582
462832 980025
616254 277172
149792 362707
148561 173543
474333 46969
459122 86379
89627 709983
706026 259306
382249 100163
577410 310205
758809 245841
903242 694918
950770 794345
45614 848571
87798 164119
669666 398042
839315 909604
621134 543923
768750 548399
805958 290406
650369 215912
153868 546345
519319 576427
509545 511
789929 986936
564765 924037
990738 857078
407199 40733
835165 768930
638200 336654
122296 534212
593434 494385
820590 477858
771528 780531
868769 61436
744419 923792
883203 771668
111594 457350
820449 793287
99679 489802
574917 614304
752026 663293
670120 502941
318358 907970
262017 738504
303009 202605
244565 328152
562812 799374
228236 547420
568816 263949
40678 435097
625067 38120
236300 587685
257155 833624
690300 757948
895472 334347
340519 148717
292763 356837
571375 727614
80818 479869
902977 402265
574661 694208
556258 737819
273519 344504
562010 420826
642882 791030
849841 425547
420840 247423
209461 931470
518079 892438
238212 686307
596498 227881
672599 759608
930063 947729
389438 73851
786435 99011
724788 104490
649237 966578
68241 922163
786896 88070
841575 790525
815765 893288
743033 480454
810651 659809
584645 951615
345490 936418
892640 23939
293270 253612
276323 441084
513873 892287
8968 231036
917979 456477
965309 8016
453100 607895
773087 287106
259305 365847
866147 729987
315858 343194
734437 336648
880844 498990
748821 728221
488254 391511
30184 663754
718910 272707
349553 998291
462968 163797
951984 370114
465026 955238
10023 999985
259544 175643
509 381981
386933 319806
762707 254521
464567 884330
34401 476137
103750 563011
404765 752945
168809 275027
25297 415461
194121 461392
751632 154376
786488 547590
20692 800155
799249 69671
953061 767081
115498 633943
253897 657290
241060 277281
67282 60643
543129 877577
681996 400410
777019 166388
754557 935169
522267 274804
589603 62878
594405 207205
179627 905848
167097 855610
435015 848686
634094 646533
49824 152662
782321 990683
951887 926786
152086 725286
763468 423881
823043 805970
145559 294437
804723 903100
740179 842017
5816 77321
711482 921359
502658 21225
324227 144699
153248 865365
821165 877720
209791 869226
726130 607050
539154 92076
227796 404009
293651 252386
160415 292953
669011 624242
463746 249534
927658 460441
355748 291398
574107 912792
621700 67609
884318 695404
744917 866214
851032 313963
878317 365077
345470 764713
90826 701056
504878 690086
503124 252235
780806 425950
75961 721954
447725 547098
8237 132490
84565 74661
380080 660565
964134 494122
231161 601959
889442 204428
420654 340022
247004 625692
791286 486738
405066 324530
778793 345214
188899 728575
461453 349398
539096 826578
244821 887574
226790 370536
206478 423819
538477 797090
642132 529502
24132 759650
710877 966229
524854 851298
401926 451426
939456 65863
448285 360362
205005 254172
326129 576464
644964 897035
593273 427383
432247 295372
138714 470623
958245 500937
429335 400328
686869 845253
914507 136771
604155 787359
390075 461988
140351 24553
193863 656675
709065 830659
97479 404163
33589 799303
657592 821601
979008 767493
701899 425154
209210 526692
253386 52749
948810 586993
427144 498679
603208 394891
237131 54489
310070 687283
11396 921046
336601 823050
59888 257847
549080 316128
430566 973835
565864 574220
30831 264021
443903 594339
917071 505810
420167 78278
366124 907712
439850 950715
237609 576252
536724 606516
315591 758970
492262 134694
696563 933053
912191 897493
699823 775784
614150 803788
257827 320569
887395 626348
722303 295590
816259 35417
587212 878292
945552 856096
233912 876362
384141 102985
265038 198127
686689 725831
279615 711487
414366 850365
986049 807953
396757 876266
744470 423904
663516 807918
3695 675736
922538 761393
478320 50766
62052 541673
695485 950463
576768 205369
151763 668294
77460 730912
117635 45458
947101 886070
284194 124649
439346 437788
697394 453017
747729 354967
633808 508958
639583 170688
968742 310464
93977 985026
216054 582010
604095 85686
815121 880434
354120 751685
60829 3242
999845 48372
243956 879969
296602 60350
68721 548124
95496 781989
281335 991243
93820 416824
209124 87583
183008 113670
886551 779110
974588 849786
744732 658095
786709 547560
552033 566865
727822 53934
57522 76420
572553 660924
716455 309042
416527 318139
486679 177907
439990 219306
595741 372868
909919 857278
936620 605414
383724 803218
157060 413212
380983 390939
182802 485289
496144 35847
100064 244619
70815 499749
935469 687236
286916 288984
205888 437703
184983 907424
751949 932887
682465 467002
862542 411487
239683 451865
12941 368245
580338 443091
47746 656760
947548 868865
610945 190319
60104 769856
159343 813210
38942 163375
245264 11215
961506 198872
1474 683510
405778 526229
231632 868748
104413 78569
98255 794660
702411 509429
505024 95293
233547 314580
990742 835306
506009 77466
374255 404016
284074 226152
561101 226216
686180 692223
465317 588497
173793 532741
644614 544193
575068 287532
808396 480834
285154 580732
623444 637072
808064 937147
417338 915454
334616 304229
18553 105391
62219 291023
902083 494409
280371 147957
926408 522881
111361 351849
100342 733368
635652 34100
731393 492371
275107 896676
340641 124505
982018 736850
20092 579517
629519 930017
810539 367980
576320 690554
643012 293755
604261 328174
144487 252742
223935 757494
266875 47665
420059 296876
97710 366699
918413 333346
976100 131151
167771 132618
764510 248560
86923 52972
525290 340593
597259 406842
791840 59885
907713 183748
104542 388788
492974 467336
78855 623872
217703 815335
366072 787714
423656 106071
770629 13982
304534 564817
921212 135887
586241 972853
541471 372003
739164 596434
620991 107145
965685 986392
608972 260599
803720 865004
906956 971441
722790 383420
206288 932318
32834 36169
604747 938990
237383 400550
475479 116597
463785 43874
92480 821592
106375 148057
176411 519888
77065 585586
87078 582643
656429 579025
113582 69347
880561 132766
200334 571205
125088 908339
580607 630903
211112 372540
691741 836687
333204 163447
21555 156215
40752 858798
406892 869898
667998 224927
573010 44378
351579 14264
723919 917217
91216 437780
360971 588074
534650 405149
698612 952389
936694 367606
483277 431776
870122 717353
248764 744383
269009 725590
308153 479989
488790 476919
776722 556956
725262 936635
942434 654525
481590 65710
900477 846663
517476 725116
805951 156246
672297 916052
535900 58657
245446 481026
330266 276334
789445 867853
976389 629768
97918 83708
56239 96620
766150 609248
225208 97196
632086 545510
309388 957026
649304 439395
152847 145754
996219 481751
901137 817373
78528 138091
412891 572864
491351 178441
857085 565758
568508 242590
738538 732251
750627 185728
916479 613067
399137 807882
184420 356082
343046 539041
479909 215036
467784 567457
607341 813707
638540 322822
968980 231450
928464 81226
616620 76321
284835 295549
763689 630675
6010 887290
561440 356742
154340 337129
652979 757045
190572 134551
565172 449319
927881 599075
696820 598236
753418 954896
742296 971791
608828 976688
281017 918786
582716 105487
125429 939532
831872 310690
567943 462669
42480 895073
682568 521598
620064 274313
911623 720145
172567 151185
864615 32021
936561 785901
12776 622968
854994 781750
281988 908306
358902 500411
602879 427529
472220 169235
788791 809898
654128 818523
147935 789000
824571 339724
329159 185440
23988 500950
252453 626856
80030 284000
51678 223180
996305 369261
570244 366046
919241 222088
432000 248263
440750 467910
13058 58621
631764 709006
418261 495739
397341 856556
269834 114735
394026 282757
796091 955093
754307 212735
914441 552268
865076 880871
462423 331881
709212 908421
279300 651871
106990 254891
685976 139001
342157 209281
44160 386077
255322 533136
430949 572474
885932 23554
351168 235116
605782 242150
540274 204132
951958 297246
665123 433464
201553 863844
503503 91651
763674 588709
758819 505154
890857 717821
763443 523264
315445 29815
980837 294737
573949 400309
820442 44172
732850 821998
503071 614613
954732 521738
980443 980729
857630 577394
196552 426748
247921 734848
538172 686378
521736 518984
33617 751635
459649 457452
697513 887809
382813 139686
925420 862307
259510 969753
793825 301781
540041 828628
161831 493660
855550 65688
778557 317771
242566 287076
661949 240879
73297 908645
416633 936418
11153 687213
5990 285701
445742 304976
549458 800187
384482 900481
429776 683331
628350 921811
513044 295928
358118 416692
8967 220164
181129 254190
977142 345753
240201 505811
313320 284058
366348 238707
258386 9306
393803 482389
35261 298015
206659 786671
497270 582763
417813 800539
29736 630729
394472 97052
771290 941890
484595 859246
181594 932990
888887 196394
77821 692919
553757 507292
608155 30179
988106 355634
813361 182476
390739 684783
621686 416201
422432 91598
701565 211915
97008 35327
522083 921691
369483 768106
153852 633475
4684 540725
350390 406881
130177 928016
998879 744633
780172 246951
551875 122050
19428 610605
253236 243454
23982 25523
548221 408069
760077 381849
724731 951885
541133 36972
771932 576247
326924 239851
730080 402780
247161 226328
853228 443340
804703 255856
55564 931215
916392 695405
938393 702014
5130 335393
730373 88650
893119 805690
726480 17423
488408 602383
932240 608720
458577 410558
190097 614872
562086 37295
287003 872290
390141 581115
71050 182622
994853 457965
904058 589228
184268 294648
935127 455311
128394 17019
518458 21176
634749 629396
189879 152469
852877 328900
70365 986692
525567 304273
103247 183286
628918 367594
631866 527266
225485 275654
88297 48748
414024 361337
631731 898444
566042 704516
265239 481330
38109 484405
346349 766336
340586 261535
855111 811402
736766 366329
252376 213978
142752 974513
154046 884462
418035 715169
389285 440326
960304 655581
453347 502733
321792 550236
647360 891454
165927 397285
70006 97476
913562 408153
900039 806936
154290 197535
975077 440055
308571 765265
649080 125209
657434 159997
916308 56371
470043 545636
701932 581653
738734 616338
397686 985911
64814 604581
753918 342849
332943 724708
721398 970
356176 259332
117208 271800
709089 342784
839879 551510
996796 119654
88927 363444
924517 321197
889400 403539
686787 110447
725847 551063
387500 497635
858326 143752
823412 953818
672327 324259
262281 950322
520978 217332
104523 505729
211389 770285
84714 188754
9742 155924
498662 145947
931674 354631
299615 555849
191062 989835
790016 650214
450180 425740
843147 883005
435318 54772
227752 221717
123745 112627
501115 271464
53679 787542
752990 667008
465187 22899
870456 525014
727228 837882
297924 516948
715090 249037
465385 337266
163399 921078
376453 433033
436368 577177
712690 806912
338384 910476
385587 169979
466072 588300
578479 24905
398749 606865
497652 755633
608270 13647
943048 510288
914951 848339
594726 135800
327026 463209
647047 354955
246840 861914
880794 759110
109077 361428
812572 70643
108453 552870
677284 425361
403671 634469
234432 744488
428798 90060
222585 809544
981909 49425
260297 720299
370599 426842
399201 109909
571475 869693
326639 966805
602562 636965
163116 724327
394624 849993
218994 879607
443444 128402
243094 407647
807874 468355
482044 918458
544148 171242
523670 50264
318718 63652
753286 586222
454601 503265
582088 258583
491659 308269
905797 698970
702263 833282
88180 68043
770904 691907
959277 316428
215489 8680
606202 407796
37343 985064
420183 942497
165720 304813
942627 670624
119033 992950
313993 287703
962665 267615
538225 729616
104251 799288
128095 399100
985880 306016
738957 281875
54671 739634
732497 418797
539038 2687
864764 771655
738445 860161
921574 457222
872937 655068
678727 965455
837475 208396
626109 228550
934586 247664
587016 587674
181142 878957
483396 822534
684775 709064
290153 409201
74342 120850
160141 956843
434292 190312
73958 9890
546934 980145
728506 56864
641486 458471
468127 274767
819970 518346
847240 426231
961556 674757
171949 27250
793733 697543
244205 524973
285575 673214
123676 12309
209640 30955
300051 126585
44160 655206
359569 209157
320967 2208
664954 961526
98002 469739
771501 838731
671869 358239
208936 283332
167972 841030
570911 367083
368688 505330
478348 926936
51400 593080
304183 670282
10445 25605
649042 54406
752199 329772
198873 746323
36311 924068
77389 25567
222050 35262
495018 140460
251750 482184
324232 240420
172848 722441
691952 464531
315462 820082
888705 524521
281491 116614
779018 994057
950724 113137
9063 187816
452408 359146
775166 368925
23626 849320
97094 834131
611654 188873
812954 988292
497914 38399
161004 71527
834237 877295
629902 38212
664227 281555
656420 699785
206748 402305
848709 638193
785395 491484
650369 756794
618596 739445
51612 495578
139404 612030
377431 364530
144265 850728
343310 592164
468218 610379
203812 76455
652836 167218
285677 793367
185797 141343
135391 796284
951643 952995
690239 234744
967854 89555
195151 732807
527094 23888
719100 931824
801960 757708
964295 106361
241634 670503
153003 554654
863266 491
487473 686394
733342 836291
842816 933259
273822 969574
139740 973157
550555 619265
819778 232876
688256 725223
54202 122228
409168 581954
367177 880688
580509 709081
107978 103625
766812 435269
727186 380295
896371 991852
235473 850824
784651 608765
686171 532009
950025 528966
858308 848668
761572 83558
155725 179477
67759 799929
606 831
408146 61403
289122 12178
888894 212751
136119 399808
114435 678150
658774 769842
697923 710341
65278 211661
499254 783515
884786 134841
303068 313654
914117 188025
62106 358284
943318 969221
749550 170256
778182 64077
770973 376864
816047 622273
952159 791986
43743 272741
970088 61702
170191 318557
184386 338066
33589 356897
905127 783586
825945 309006
690457 887404
888480 885001
47442 842803
876051 491452
314947 735518
943033 188697
591683 803969
636359 119270
385432 92216
427809 965839
709204 668008
531123 952761
901980 623220
197411 479754
749512 94921
389012 618496
896323 280613
624646 439684
257293 90558
296242 835325
810005 383059
157670 652390
118410 503817
303129 984306
202317 132749
863424 159409
605238 44668
474689 709213
674082 826405
776617 857058
858939 530638
538911 927497
323965 557753
306873 255212
114376 306521
721825 668197
329956 161857
104346 265629
442482 810515
10469 532897
356918 799354
644393 941785
934552 594304
211413 638633
582057 353484
640480 568490
687222 419615
791402 932885
987976 111714
386158 853990
876918 895798
29018 999755
814167 338066
76550 660268
288947 558718
763384 540193
75324 161663
380594 987337
42290 79448
325516 280742
339617 137441
565523 889635
315871 78659
751210 937671
763502 175845
166091 210079
538693 927804
879011 63042
278029 59384
193874 500368
272027 964395
989267 844710
21098 586733
336975 397429
338374 163200
880888 930990
434879 972932
920870 388596
292556 504982
484943 749788
929816 675408
100070 944700
836449 699763
340923 626767
535569 134153
63784 899325
828916 609556
483329 946819
240262 6022
71445 262356
501064 163084
616129 598725
163779 390765
177512 878038
108540 112485
105348 623463
959707 279633
918524 662724
772870 82955
77575 138294
304250 627589
632790 528443
343983 28978
724474 195412
35422 320454
282450 529306
390617 663442
974349 898522
365208 594014
977427 772720
243290 921479
709021 773861
839639 445618
406971 10180
514427 913053
234317 11637
831802 884873
695342 490817
905665 843862
774477 84914
742138 739478
783090 704991
111923 997508
853308 228130
573474 274143
320316 413801
272686 209850
918573 470980
20505 304706
688970 561778
520064 791926
427224 294849
821486 713728
781240 488862
526009 569526
592589 572593
728346 409608
108309 40383
208387 345670
985309 322649
946992 112157
289197 249668
174801 112865
181213 955714
491115 1769
352201 592132
214232 990321
777569 785273
570703 549247
805647 586849
236711 619285
783796 123239
388507 700894
981537 514453
778420 318199
318618 477241
25440 791560
318315 575514
641057 58168
181801 793963
418229 669687
947372 771390
582048 728457
389401 315184
107661 167504
547900 304385
655349 889171
379472 594456
391844 12087
346562 831532
500504 354270
430955 568711
829819 986822
659312 191145
480502 235115
110555 878480
425230 716749
114982 968023
325522 368566
709589 466262
435643 349377
188421 557202
638339 577361
876373 131328
688434 8474
991779 104514
689858 803951
871789 271720
223938 120349
839251 883139
316885 859454
205443 14907
313611 738480
886747 957969
82298 381455
261047 953558
103100 253218
896580 231058
714533 735152
282758 199892
454855 167334
506812 12369
887808 518514
128978 682498
892302 168791
18144 284412
209599 240739
464848 192350
18063 467073
210682 399354
7541 659506
105335 823972
626119 96866
936962 704702
570034 968561
194673 579457
532024 971348
415248 310772
624360 989914
150920 653157
890943 119883
794196 601225
593614 901780
337479 56469
849684 712985
946782 307325
429192 422196
789930 815254
528011 485260
648963 991807
331196 847587
526075 267527
418509 489991
157938 186451
766833 215240
858870 234111
423800 546805
819097 742598
223592 584647
145308 907712
509165 822157
827516 908463
60925 720709
118680 282528
974188 595499
996468 198974
727207 683611
289148 501893
803623 943316
495215 114961
437594 771547
717423 588118
170703 230705
521288 23942
917383 710879
637502 341377
962776 680322
932054 325344
867933 634758
182885 259427
219964 508694
393014 812827
918837 554898
814857 503366
740279 148657
964931 782330
112880 1104
2254 50055
858984 366361
192458 600334
226018 770954
292578 456553
173587 994701
402770 455627
988539 857032
107923 63316
958375 799377
179676 802309
328790 874006
38224 343320
194303 191191
969631 908949
286424 826048
352374 336324
895796 775776
482833 532346
315628 42606
924284 486941
360928 169474
851446 865940
747256 518967
157172 323388
536308 991915
439454 79576
16331 397361
994587 915718
64581 124900
732249 124064
133252 635913
385897 710645
14110 358718
813229 842446
673107 961202
737672 882925
744741 663815
81072 926659
788326 133183
842554 921992
546506 413741
431004 25273
793939 111246
952879 949585
431633 483978
10199 426824
813959 841789
706236 936219
373755 938585
3762 723814
172429 570285
732403 570704
792180 139476
971422 848356
62598 535002
344970 372964
975497 386049
575271 229219
296912 876984
907573 841533
435834 633933
794080 621865
85990 53019
191403 605123
114328 211440
432795 271898
964138 973816
808712 625786
80445 20139
684633 974754
458786 203457
557821 708892
9532 486404
341754 638244
506524 882028
499977 762765
992432 23000
83967 791648
269440 776876
334532 214693
39030 76805
481936 274837
432188 527104
674729 781921
65470 935669
495754 777151
996617 804014
589132 410551
980707 461694
439820 884423
924005 225687
863687 353856
987471 862023
83337 201248
137300 908208
191957 225003
465152 550838
644447 746745
871241 688848
898834 281881
479427 409018
217978 715269
150677 766723
463062 930841
160203 531817
301524 540751
463138 352140
944561 591089
879058 891209
805401 135530
257674 701910
362503 171689
888977 138351
708881 387035
973684 449373
247774 822527
983882 339090
975126 847791
817336 701420
363543 14881
810975 173192
120985 422190
900536 314275
937986 978830
797069 89878
168793 365750
801648 699873
722398 869278
195335 688779
148493 821288
907453 957442
944952 43168
446891 119104
344406 959440
662396 359363
752728 704809
183085 397811
311742 616335
397946 510542
442895 740238
434649 674082
592135 828761
704509 835289
291788 900342
864310 552479
388063 516685
397500 393996
415844 800814
596641 371152
769072 310821
657224 529671
729157 101907
436973 321219
510310 838539
169187 443000
493665 230851
424225 668195
386593 591055
301020 699043
172797 723248
683090 315034
881658 98546
920486 429717
596848 586121
679263 596060
415265 669090
878997 321940
814035 162927
354254 395420
734037 808977
913816 608492
551868 899904
120431 644572
258061 386869
968003 833533
340638 82827
526680 918034
252066 239358
393457 407967
656990 495555
467934 581568
105054 872022
869628 798467
764010 308416
785151 900419
514298 290755
792588 537697
841335 282792
415210 367004
978505 716854
480939 161033
406295 638787
214460 57699
548681 815980
566334 989531
350802 508931
665015 928014
358122 997355
590655 336274
738850 578828
640448 197599
112858 231840
189326 582247
986103 331836
149972 882962
298856 396366
777215 26690
896185 888243
788485 47769
120995 558623
678485 887521
753166 827316
633932 853769
194923 984831
390789 461464
238199 232961
997951 233260
940533 81743
558014 410341
487397 845256
316556 154857
861980 888656
71078 211567
319062 553161
748754 361483
377406 13151
539932 638791
148458 763016
841303 600705
565084 405726
284454 359124
941396 10630
964461 892277
521920 678060
674450 267713
49542 825615
33382 836750
25758 891257
301761 181142
863772 934302
544532 91920
826619 914857
626523 489589
666284 372318
272572 118056
978810 648236
295198 728428
973763 867739
45486 896665
794145 123985
205580 597224
446692 473271
455672 607430
817312 515987
541385 914571
382962 691058
52138 73582
990572 447447
708839 968671
68868 650233
387905 696986
926087 142670
862415 820356
234278 595415
679583 564927
657639 425388
405936 273935
203056 515363
371919 120656
443301 400489
260904 909130
468353 543339
331954 647948
563052 217858
264887 999656
737223 147868
468323 286006
837090 404586
138568 468390
974563 886746
875824 601093
263622 96324
518017 776239
566862 336868
569836 614587
291372 628082
80278 561311
252701 122831
987578 837669
905004 677738
816879 521416
896044 710551
140870 841823
440969 801797
48957 869007
75505 545380
951176 623727
434773 599292
870100 540671
706071 980958
776046 182530
571781 454342
744503 929422
608434 225324
427030 171876
64443 858120
451946 623696
525041 266573
687552 808033
972636 90264
920058 324823
568029 331245
158495 699842
82047 600435
646185 883118
390258 148753
869137 378923
428857 871118
483438 912202
46651 915108
155382 535796
517137 914037
59899 489465
983357 195880
55004 486921
495947 359786
707109 312451
5367 560695
338582 24323
301192 269455
877502 684285
928807 886687
476296 215553
163535 320522
445839 480966
511507 549287
344676 990946
699426 343625
647904 304737
588610 9538
6297 829252
139244 40008
149387 492933
198459 719595
969812 220951
773653 195509
831793 679923
65174 695647
528463 679327
90562 160696
851480 887444
990640 377588
905214 326606
168765 904558
665223 257534
938326 60793
453685 529050
722369 562429
258926 258337
412639 464858
695441 131298
895011 994652
556735 453555
899265 842870
929529 395209
358647 122262
518708 892517
646123 897961
125437 536156
800082 669465
722292 156242
230039 53604
62831 937099
717220 658751
640611 273573
691770 979047
969406 606660
801375 608813
637429 230816
426008 920578
213753 189650
715883 177175
868476 72220
93339 639614
