5000
107875 293744
816895 237464
800934 805355
850282 170330
622040 5205
155012 563250
672559 953151
537009 591202
452852 406533
221232 609471
693654 609290
346759 319580
389208 260860
114535 888557
885458 525214
860294 662378
3528 377066
711960 908329
228367 116536
36756 754982
826819 25834
404760 874298
290889 416316
747723 933254
443688 271000
374329 524938
303351 244038
26078 194140
469216 638234
637092 741406
833708 78252
339939 895120
418011 625380
846553 757376
606217 505870
170983 999063
727478 750624
240269 981892
455909 150668
845136 733478
167645 990604
725191 434858
711799 372761
475275 738827
293828 260140
590608 772768
592626 384358
77569 685046
492695 234036
320448 499564
173742 562230
422600 792019
491860 487879
450735 588868
174929 53777
553706 285899
825316 557355
39083 315601
330613 549777
495563 468720
580881 145451
384877 426504
923783 918230
126136 92958
467324 715873
593226 251298
336898 519191
765842 782171
928600 55179
399904 704483
966585 45276
464713 119319
199866 507190
751931 96427
398618 78657
452655 80306
757272 721488
568931 899610
252497 649434
359226 629443
160399 31425
171549 687252
595706 264110
494796 413001
327188 186782
702876 99227
10593 986158
48433 10114
6439 922502
686129 902777
717904 459137
340532 743883
943028 169846
450574 972574
37719 641600
522434 762118
58731 317370
11278 559164
707588 599252
292091 654400
398489 157236
285750 969896
299118 783758
121670 767891
681993 86375
41572 576491
516853 54081
853547 429328
164733 207711
163746 885519
330263 699325
428257 410787
999643 555359
458149 957124
471941 6713
181988 76317
301186 313430
344751 614372
210221 643949
456209 473737
444679 311490
450212 182735
407860 289070
346954 597783
216902 320698
139351 123001
507760 268104
19964 431272
471523 660154
337469 507960
956778 807220
454890 321969
835771 68443
213120 177972
908439 36319
127327 456419
487746 650467
88513 190229
1332 708258
89600 315490
547706 603271
985948 546702
30893 150878
245590 529897
320029 995499
930514 349498
715612 782398
960736 758946
266563 935090
864444 995560
381586 158034
316727 469856
819402 173888
60517 853929
111764 274455
501326 525152
503957 14354
216973 101005
36402 875668
685407 587365
823053 754098
346078 944364
245220 453894
832846 930955
891123 253026
768999 74352
632111 690116
967230 843127
85978 937049
749679 929833
168738 821210
670929 589386
747433 914078
547502 269726
488022 459135
669738 324750
615161 659194
426391 913801
268689 422079
19314 167688
560241 51645
121300 663397
119431 430174
781014 557625
964004 87190
636432 951344
992720 935478
96438 465642
187044 548121
566635 722917
41565 501979
618897 176542
712102 93053
466906 251579
951867 795510
669170 927617
907298 534191
407198 681871
684456 783269
295756 834218
627051 748731
819178 181178
243911 238262
416779 253713
794067 216642
129583 996268
343161 129539
98212 918486
275111 668618
517894 752722
158095 869618
924944 578778
471022 256678
345979 110779
469078 264670
987988 685375
885474 920411
486473 744505
923521 133658
546697 919464
602020 312962
258119 252589
826383 661685
435398 240546
203241 421083
223916 975386
832716 898988
374314 912416
780761 662909
904312 153010
794825 158886
269016 706016
392238 733091
553926 266549
465912 353433
427737 209704
644896 480317
463009 891246
598113 1146
453107 215418
722629 338743
74336 657867
384380 481647
663329 397028
110554 905780
612491 921230
576085 147267
307123 987086
535976 187334
10029 158724
231973 961177
211929 544939
849343 401811
296679 990180
473265 699336
341102 708091
865901 486604
604386 683226
964450 245463
356512 848338
32787 324263
573639 222342
805720 278442
113295 163061
360280 871903
576052 42409
553137 823859
109312 395789
668542 170071
116063 773916
858806 508871
721602 927876
935164 95477
142140 612269
592185 331259
671936 909542
218629 607374
379560 932665
668623 601289
183156 545664
244020 334180
726118 942452
940396 415210
228402 327956
783994 957217
705058 194190
580617 344651
240769 824051
458808 907102
23670 563398
513340 830353
228262 373072
523049 488168
829591 123438
22879 569288
576334 527216
580174 429831
939375 591054
801607 457396
450137 468372
408191 465326
823700 127806
117818 648882
638671 499974
668195 289884
631896 528060
504895 600160
488681 549563
458028 254573
332394 913461
624794 936492
477014 359210
252523 351036
966002 752768
201041 799990
955457 419024
822460 755802
522139 474935
110978 143831
889466 949660
317480 757768
868124 648035
614193 601753
548257 983269
821816 170065
580035 221990
42837 56787
754312 836231
123107 844759
502262 328363
990121 954921
11853 135
887629 74526
833885 692984
832611 913213
525558 472110
37851 107277
839902 629172
457354 164986
423281 93268
269287 633535
611531 52675
329283 893990
10345 995370
101148 253259
212055 276278
424609 216667
408555 463649
320760 852251
514843 75215
673296 616579
59845 550153
55965 995760
852378 832597
225774 387909
93177 526982
690893 940050
414751 543552
826526 280792
440820 522074
723811 484391
790249 694285
42502 691163
637663 56336
214039 3313
452053 375638
26964 978832
433354 867806
690055 114555
239207 262837
505459 128087
591292 141709
675265 263070
283793 940965
186867 948581
791128 133684
131281 123414
756021 144303
318344 821859
864095 186585
121919 555656
929316 185520
413625 402190
417963 204278
379550 285017
407059 883886
635336 266033
749572 678992
284745 704794
543965 379587
256816 601542
567438 471739
912762 615510
156483 775933
887044 24032
469646 478537
811749 381893
747243 887026
225167 253502
356698 237829
516540 29876
921025 24483
888268 533577
970145 153529
807235 936313
487892 691671
955570 532278
588365 818086
371915 449423
749030 136787
256733 275693
397077 60146
859448 687045
812102 779347
88239 907744
51295 118007
260411 408402
396686 805500
110886 834327
965431 590421
257001 807596
160096 801775
976550 529194
160795 998650
883868 101736
371763 47397
426013 520325
264062 255645
898949 833962
225876 616732
310128 841724
73669 635407
985009 124430
516817 13443
214876 502506
376746 288581
681719 275629
626519 869680
871683 235433
672046 581589
774260 416656
731690 827594
935179 906145
754985 571456
442897 314157
247241 600191
907413 650017
118391 69841
533648 54839
594958 785417
141619 602152
652781 179502
987680 240118
844122 82728
500976 906316
481965 576972
381771 224120
107237 93217
103698 327966
960026 880657
462900 378454
307396 549831
402979 505438
572609 707703
982145 539591
887353 650349
973961 361821
244439 448116
690017 40148
567916 860118
160208 941254
531356 550322
193607 759520
863771 201591
59405 569300
338446 342307
146632 853655
696140 299072
425547 39635
553122 459800
354652 564228
809347 161345
59607 17790
823196 480576
363536 432133
115034 372609
252369 842243
830964 342143
914440 29866
779171 289504
628640 670713
693452 488743
219299 863876
241719 387654
171021 971086
851800 533062
426803 315283
706472 401130
977506 230131
908908 641375
756766 841644
149011 389447
464308 456144
816002 816660
184414 478880
774503 736516
503260 601364
340374 712928
258945 208819
3182 633434
316399 257986
852231 717972
563575 721671
210486 904272
467122 603589
244384 675034
396967 934
914095 302657
436012 697923
126697 45630
88846 209859
961395 589544
513863 432369
793822 923755
131697 734124
297634 655529
647197 808200
403336 180915
25866 569679
583645 443399
405154 293316
81666 915973
484155 566797
499294 115233
657470 520022
844957 553092
825382 38366
644413 232409
812218 731899
678196 303152
782885 545473
349080 356198
535091 807517
816422 470531
201450 838567
422235 101390
787354 93989
550552 500644
622883 70815
109043 143303
75889 249964
991640 874948
636037 772875
872668 759990
610667 588514
35042 676252
303636 725258
810595 316013
135291 535619
180171 938230
36179 570512
674391 242406
684674 826729
10422 280364
670379 337591
839724 335032
797817 486428
482418 110559
218241 823696
2207 89551
30465 844302
712098 703543
645271 681365
953250 661454
185174 170375
244279 347491
436553 687899
315159 117957
708314 368572
705045 591413
953015 164763
817000 234894
53620 264322
710097 689408
668211 932674
122794 773978
45777 315040
820246 17776
644176 957829
945711 420178
651449 580131
871191 809508
51004 532323
54977 112332
263183 576362
571647 135426
759091 107015
448807 981050
783946 150577
725886 328703
594735 618081
937725 810555
440185 592282
31414 916998
697501 960855
464016 92655
734909 873650
592623 841958
777810 103007
768305 502702
51235 19826
833862 942509
533452 268692
576999 444804
570901 838531
521856 32823
905013 441157
959196 976636
262710 909110
98963 789788
69551 617325
147827 653004
373232 724472
405335 552021
138061 971214
910055 77967
649079 971785
358086 257553
198716 733086
997544 864697
957533 1979
350385 115165
593696 389561
338679 470378
804648 757833
41587 791908
553877 380626
602136 353593
969375 65616
630472 450905
988040 497941
589162 95907
940735 153098
601577 762380
481619 596257
311655 860347
571363 588128
494757 27086
676195 346440
709326 521150
698801 148992
973553 399148
221470 394373
557441 258880
762593 424327
202828 849270
751651 34576
132857 669214
108338 351684
304459 389687
148056 175311
162404 478459
89857 224801
465693 560548
958547 288115
830708 883660
155306 657229
624201 81443
729435 605919
497676 190143
965682 775646
429685 635059
754291 438108
178496 913350
884725 70673
736786 926215
192756 23240
64903 182300
56426 802886
322921 456359
86364 387683
16613 40992
967530 318325
129389 557450
9944 415978
37317 290099
850016 795539
890056 976568
657991 926494
706421 285774
736128 908938
524165 860652
714448 953599
41572 464505
229094 468646
182657 509123
921585 501678
521449 408020
546974 930066
562175 819921
140218 491620
64376 345071
637233 410297
942482 696693
906732 571756
583378 887254
621272 789632
378652 734388
108279 390570
788545 811236
532183 759065
442992 61610
612432 262829
546755 803311
803824 878383
477479 699933
192276 116452
162228 277259
50815 439808
417176 560097
906438 92583
774028 474160
83780 525265
665847 397827
122654 960491
357739 884237
18157 511611
901471 770029
105195 188103
183456 836162
598761 775424
466881 505545
123874 62000
407079 114752
229332 991903
104468 550334
114923 645878
104761 390999
718376 28470
180174 412763
126431 913205
529038 785512
747642 96722
971180 490343
312506 614130
441945 343014
921123 101149
600489 185854
528010 172397
943095 112793
57246 224541
565978 787496
675884 478157
879156 424557
57644 802844
735955 338143
78519 797776
317504 297902
389307 193198
725427 366936
472456 41320
288262 537200
39570 630165
623339 568174
673678 821463
143638 58347
436711 708838
874036 184604
250895 181713
859501 467174
827154 668497
578501 661455
121550 180308
188357 926343
338790 202360
246521 633121
394359 857292
668186 90735
124955 165649
725494 814002
40164 876940
259208 344694
918968 15491
529695 697089
868709 989141
590895 189304
452422 909621
302376 708042
199385 344935
27797 119358
77323 277320
242879 468893
681375 181162
321486 61400
854140 67240
640006 760873
369474 915321
473158 923456
619697 635406
583062 579509
570338 338456
166206 49187
214640 601126
245657 661225
776408 321747
604693 11001
755072 27093
214475 625555
286208 523392
696577 55751
198029 159223
316208 20608
70902 449944
662216 93060
471041 78839
101659 851719
161766 391214
297727 604189
52061 232074
112820 393028
93627 407640
228008 372945
695633 397505
131444 144520
914266 117645
687593 805664
918361 88438
111027 873070
931989 980669
777213 53343
422031 483932
412580 434749
623984 118075
526969 240482
117291 529928
330937 227938
789392 726096
517843 729415
469132 130286
822021 870177
203699 152916
764692 39720
825139 219318
647179 793135
854620 940137
220887 362849
995154 707004
619856 755991
327261 591534
463002 966362
158581 274398
673768 787599
638161 724921
958 352047
57680 443414
541676 38432
305817 192822
925533 202596
910160 452867
252202 572907
542110 242080
355979 62935
627251 850030
378288 976614
652924 355288
22703 471664
59493 159967
360406 752767
828005 643024
399763 813538
268151 262544
877641 702741
544657 395193
711590 988975
722841 806689
604516 863635
711913 793721
566936 322685
192995 398694
295577 876317
404394 644659
881232 204302
103917 664509
500218 339918
319584 77564
842821 873495
21871 118710
31699 562780
533797 591146
321007 345398
86929 780979
983944 542467
398028 520403
584550 456987
562204 795671
298280 393928
730329 501075
454039 979658
497430 644788
377959 786044
959101 893036
809870 705837
955384 856732
888123 868005
533440 432528
417748 665547
896388 949685
765540 912928
152273 351549
61822 303124
303890 432483
332656 77422
115902 336459
393064 500448
438373 933757
915491 964094
976461 833390
458883 591766
85004 166237
365855 468174
840019 438118
386538 143531
226437 934160
682110 972327
79282 458741
565853 608410
955167 317142
815757 128534
601888 846003
219142 400250
960625 486682
29415 356883
40700 922538
295436 474524
677315 160060
891539 434455
338898 616507
751710 280371
439112 734089
715967 475486
988526 919030
642566 23301
46502 296589
631572 562116
90741 51674
959022 714775
173436 572425
743112 682323
804662 372858
919580 260395
939939 334993
43490 904828
733556 971172
988804 146704
707233 321097
483896 530640
684847 261917
712540 355402
410156 377338
237925 281427
727306 824423
3803 256906
602200 958957
744962 649250
413466 148529
630321 778947
217522 952427
383590 621746
318429 957961
407660 402521
909857 942595
156473 841883
435262 21605
298766 810739
584045 145553
226777 616145
246212 48834
982933 763045
199059 807543
825463 386803
940417 841536
366128 133277
990285 341549
43039 674337
998687 691397
592084 767263
909703 983022
733423 101764
673775 891802
47414 491868
341112 956230
36191 137156
796790 37963
534480 541905
354882 895767
310822 629872
224803 605889
319267 686200
741407 518212
471288 319703
884216 391079
866038 291981
768766 81405
967311 761448
910571 933243
563221 557851
930042 472051
110032 801052
226898 141177
722620 793280
368263 664262
80302 483612
415751 53066
933825 520370
282489 749529
436984 134704
14829 205326
775786 551507
95347 929882
609284 519557
973688 416988
980617 118266
738648 520518
631700 436132
945577 773509
407946 704172
198103 943689
693103 442927
737618 859329
364031 419432
216143 804260
177842 809661
316643 465941
25393 121622
176950 254092
310206 774030
555418 754777
832617 160724
781097 718232
905518 201253
931191 671926
170396 200
251058 779327
154736 658459
330438 964731
602812 939905
141065 770043
125461 732532
588753 936555
615014 889559
465172 319499
965920 553186
460928 578330
909677 34167
218428 189828
164531 475570
282649 948632
955775 146242
761702 667820
691797 682798
581209 402892
416143 829441
704825 105407
263996 905756
562497 773480
789414 16741
747001 511489
267930 712253
422177 897996
670571 978262
319840 734028
464045 861946
663235 297142
275653 60760
87516 298201
462238 891432
831217 451884
481755 572248
909523 429179
165701 348058
213618 922083
226147 870460
761397 630081
746775 381255
562193 550977
336331 2555
413162 804119
724360 978988
320576 851595
514713 484475
172354 604292
430776 872690
833326 314613
318038 965145
881315 687083
384871 722001
25605 49722
730029 446946
280988 982992
410332 959759
632216 780277
787017 52571
725633 868155
274126 38434
961047 292775
462887 316883
673358 996896
923456 293506
735360 899590
676152 472527
111920 342534
312175 876522
550929 58023
269242 498710
176161 627461
444335 429269
866560 437633
707207 115097
871777 56021
481345 721645
984223 550744
390972 709757
217086 36769
921414 621884
19258 971935
352435 861581
984138 674193
485658 840260
760353 15775
13302 355129
635066 799559
719037 278938
550973 626317
763278 532632
516439 714977
967938 988678
539265 12408
511372 33187
440141 344669
727082 566572
984335 282597
419208 996411
977280 887401
990236 857746
486318 348799
111183 282885
536690 855337
623960 201480
928121 590689
272450 103389
191299 330680
2377 534531
40859 323676
302675 640808
276429 959409
168876 218294
103543 885447
320028 257859
365323 463858
145742 856690
920812 979011
989815 327303
793243 463667
983326 173151
204502 838701
976446 640081
681036 848048
113589 488056
564909 211386
259162 801394
154378 855
890462 859804
483690 308452
465816 896582
242343 532044
576901 780325
915187 835270
817111 929859
538369 73233
375106 458807
726682 732398
529018 190938
378323 811551
457909 700239
493480 422505
209762 985114
888602 354796
666154 393916
849836 455910
722416 674933
198949 635328
651518 24333
372251 124905
855374 206511
601462 518002
308613 3397
577708 623196
27555 995153
594819 723023
883578 246403
251956 835488
971680 86624
349044 707744
399080 154252
101611 663684
11978 990089
749663 457605
706241 670290
990502 246579
947471 715363
931769 474152
339002 806871
575199 357500
226484 225838
63778 619260
485380 970041
853260 541054
199810 636806
130174 362977
911536 27142
257696 197692
619791 462800
398567 123074
408345 315431
202916 153020
567466 742893
16123 153340
803600 637585
135560 142124
320004 230720
285721 726296
25596 833229
709307 295037
294970 397452
580896 600611
901495 170081
308306 78730
956368 970173
67551 802531
373964 333665
293181 897140
496517 366099
225973 92059
526236 345819
243695 60587
164951 369272
194279 483210
243022 605232
252073 841499
974914 261357
815036 727540
923782 392344
592978 823659
671073 488049
200707 18454
25738 876974
535665 116848
162699 919973
849527 768994
435820 48188
121989 675175
901093 670878
263610 165907
712314 356438
215203 694591
382317 585313
51834 963465
288022 985968
722326 686723
961092 791467
48940 399525
340239 483731
230021 311171
20836 340953
415241 22336
743850 394037
775215 861818
829131 737045
608377 104754
194570 262336
166336 456230
434662 243287
858031 973681
662445 660976
21828 493320
407958 744399
552746 715438
281131 67548
806391 8112
577049 356628
177623 854143
87806 562501
27806 866098
19737 233220
286613 157625
702530 296231
996508 993008
411368 632470
224274 455054
813905 56659
278240 972323
973316 841729
635608 497195
926154 534775
321153 708768
277535 553541
250118 592191
224462 22488
936390 214863
61206 561262
944671 282450
924221 983432
776304 947157
50641 902838
772268 529020
112906 134863
620311 829177
941450 52070
434658 841534
325701 500229
506303 450610
985571 544250
972806 683057
341309 475210
97073 692153
22149 586453
707054 440467
958612 725699
221222 814560
506150 949693
310650 577565
330489 639635
910022 345231
747437 494541
963009 901797
661071 362271
469107 127973
738709 966424
439489 941252
301903 328058
217749 225787
311635 710387
892575 477758
131975 866928
734253 762499
342176 907566
924342 56377
175005 837606
770145 243978
574315 26073
199711 243663
293928 446449
418943 97304
969060 847626
965951 595681
313723 258963
848896 793335
323116 690510
545847 271832
310393 876427
800597 22569
882965 270577
283016 174613
629242 790670
347931 410022
701283 844235
211836 109778
615620 334127
924866 403614
910060 402281
264974 635326
390686 152408
159984 832247
302398 151122
834151 342051
18452 416489
58109 410588
261790 571085
801962 614691
736284 370120
144294 201348
470986 834748
422547 814427
627819 428982
695830 103337
417454 166635
783360 787814
830931 489079
514347 986169
999238 909428
522909 203902
391507 676364
393147 609005
59257 352274
260818 260784
72182 994889
468958 227522
227548 421721
554018 548235
30471 129329
914230 572750
920750 588346
753795 242413
773738 466051
911916 447758
258081 252644
429022 575707
265242 827682
513374 197700
320643 854811
401334 992614
851026 538027
120100 170177
350420 208658
579978 639590
921627 18879
609649 464664
252687 109586
909575 654119
441906 755797
704436 497956
36203 746412
808856 28520
27954 25191
756932 791156
367160 233516
13418 335731
660856 869256
73794 959223
330994 89530
101523 303324
754211 17173
638699 64136
501359 914059
981476 487955
349630 21833
634698 698772
133102 610245
257572 277666
298041 889148
116931 338262
205925 770708
772854 574699
339336 976854
7793 831334
797088 734785
303527 882735
345760 813888
803328 214402
233934 969973
472400 393013
708907 100863
23569 296200
721060 576912
275782 335040
11967 174698
589222 449138
295446 159757
328141 474249
126851 376417
433380 761444
232939 706870
650218 999762
6189 970856
716521 297842
276725 186860
807774 321645
649443 631280
561947 299430
325801 166567
250852 244474
82463 253322
978880 39862
764504 852248
710327 46296
353517 346572
648885 476031
854212 352608
347719 453338
9136 970534
773385 64785
684225 997451
781286 557174
613373 774401
509410 331591
650862 267607
25096 630369
813658 450107
79384 76532
983149 191572
837663 463814
330500 353938
77954 852025
219995 111873
433386 152199
932299 145337
570491 131906
783353 405108
46256 236109
935837 369031
726904 781701
459452 296566
695409 860406
877103 217900
317066 697460
340287 636055
722840 589814
123883 53599
718287 628098
859835 320777
576223 21695
419353 902052
630024 18867
253106 108390
44900 769156
335703 713810
48459 611005
25935 367950
239095 431975
765752 838134
123215 265645
5544 565392
654567 336793
818673 125227
139349 797570
790153 822951
199781 105284
878440 479746
109472 640656
989318 918647
868987 399865
93420 752599
681116 515606
450118 124708
930829 309883
431570 953487
574051 220090
959928 249276
857882 516763
309798 929059
814066 635206
682702 441623
102451 823561
610422 965209
142141 312923
848356 209456
453480 307832
345183 857353
188526 350045
436983 55683
581371 163461
203832 107152
615779 47807
574544 792882
805615 941293
961586 463613
131965 30945
923701 822648
676901 971691
617143 988724
998579 947108
765570 939649
620472 808813
869280 990545
961828 534754
14537 907627
241314 495166
567186 555576
788359 723068
793281 758088
725594 53000
450978 866244
87991 58690
830526 485392
479099 494655
897164 311307
843607 215288
760066 992399
170366 680636
84911 511796
14943 64306
282039 588671
661982 788296
795886 797850
701190 702442
826457 308507
852795 955748
137884 66855
670730 314802
321663 479472
480736 242392
828890 597491
991881 963167
99623 48633
230215 428440
160719 754384
646998 293627
847072 618116
772445 714391
909978 542239
741579 817690
204218 495637
639355 137962
77674 196442
572025 901134
363671 946335
537183 741358
641427 29614
338656 362320
701615 921119
56427 318448
175664 150292
973905 199831
696338 453928
223552 563985
92847 916854
389103 289545
784685 274867
474896 879400
457696 441521
70281 275360
127651 891655
322554 8207
751178 324812
883883 253077
231744 954779
274434 744878
830774 776853
231243 612338
325483 689275
200462 934056
534001 151931
274910 881633
867615 495503
978621 794805
889281 737956
359467 296312
917235 965234
855917 770841
208356 679194
287521 499050
524314 318278
321283 789097
142411 457785
446423 184290
236072 82959
147575 910247
728191 80349
652920 70767
211592 392629
844452 296336
899861 869304
968944 23165
924187 245254
218644 671375
830879 457816
268676 893456
689983 953359
88551 332678
739737 641130
520627 728224
171650 697475
604431 715380
83624 468970
406123 150067
789805 881641
599765 298238
524407 743401
767424 641965
940955 796923
442146 459854
408084 850523
211236 471167
47673 133836
634 764992
330200 938889
887426 540089
981772 435170
926793 884397
623095 452937
341576 86026
942660 186906
269442 246113
232085 588291
247672 546531
490340 807813
57515 959724
220529 752357
173666 575337
503940 13476
913919 236795
215328 193994
666235 552939
749885 305910
690458 34050
604996 89703
232210 140177
357423 887820
28721 212443
421561 878233
412119 641925
819493 391332
745126 289243
117250 542810
172088 543369
577819 288927
468754 910655
418379 238088
321743 242438
680206 528247
618363 182697
795004 540440
336411 178514
381574 279469
806666 670496
946114 226817
938870 888223
238380 141835
121842 726167
193910 928024
842582 396948
513229 595804
755835 681424
836116 331461
122768 508163
927228 854581
985407 83692
383186 665011
950995 312706
524603 290556
315831 431698
539119 374612
974424 28116
939180 560989
613747 808803
570380 305932
566445 315282
909781 933305
453673 309996
350633 127041
955218 229966
793660 894285
689437 526187
139640 331559
138079 623303
628187 764908
513430 731054
451346 727449
71043 141469
936528 241500
592626 327014
897930 458676
851441 323074
102116 534307
824631 855288
246008 349699
645957 989559
255487 600407
979184 795999
645378 589225
34631 452916
33894 613152
124492 689739
58086 697362
637109 250737
440103 733272
150185 352524
815980 482601
146018 817473
771739 621058
199467 196196
620912 484168
416272 250022
990547 604043
864892 454703
873827 846651
394549 89725
590632 585627
628014 705366
612267 160234
372998 867787
823326 975835
520851 340693
742466 834593
381159 967837
887555 310627
419469 248965
950890 258356
442335 686948
821949 700951
706975 293465
423777 396973
415511 39832
653508 887153
153357 225218
649561 417487
848929 4528
164578 752415
780472 582184
212514 680141
406081 415919
97665 67449
859276 550662
708777 335039
693927 485684
578312 951697
131691 325249
129312 386634
669028 33510
389539 196723
368447 430933
651105 266203
336308 977113
327559 780376
597834 102685
710239 517299
847507 383784
367153 834948
743011 706037
655385 891147
246456 406965
765572 909732
706845 735782
692400 353271
373690 809651
670306 81582
632274 708037
706772 664088
756859 475157
182627 191400
424260 94927
205723 670914
677478 731346
544619 132908
40032 781830
438237 94687
329768 266816
507999 99333
676902 327017
494221 317373
691520 70847
208618 825698
440311 434886
266819 885416
537589 154593
266646 177635
842250 96549
175255 154084
803788 666067
68314 727719
526229 529180
782271 220245
54571 513011
266206 187193
183401 462980
267889 81599
60321 472777
906517 906412
865576 274861
467101 446519
299940 790976
468737 386012
205212 817197
601192 986104
145217 565863
167412 547278
324085 845370
81482 355673
577925 521133
788001 394737
121212 41733
983404 680576
581157 896936
400926 335408
580164 135590
909952 892265
361042 504086
172497 423899
397367 280383
523593 171356
398181 237466
365371 615857
231521 735524
602713 269876
330598 782355
273054 745137
360086 446068
144414 75841
78180 71968
402569 220099
279069 413882
500177 907729
445779 50852
787938 850529
947951 298892
68441 636512
212074 864136
528764 44890
336282 267614
934916 701368
907108 503712
690114 917435
809604 476758
957461 840900
166399 757639
639148 739773
686866 721984
478450 42486
324827 5929
436682 985506
439227 887920
414685 563518
14897 583650
922218 807937
280431 606469
640881 127253
131489 593927
850671 211242
106581 153418
846895 355880
113063 850874
521271 690825
985355 367730
949306 842310
831106 322051
317768 893522
912776 812440
769741 593712
514865 239746
122838 446297
791979 180608
342789 114593
202075 229237
230077 626814
561848 244882
651936 737280
209461 92855
974057 974838
690486 794927
633109 890305
373060 756843
181 644483
54182 657853
809853 460191
525185 78908
629229 359640
749441 198114
256193 752461
276897 415368
40345 749402
193145 512174
748656 935547
485036 362382
693123 803071
227108 440386
210702 715457
434921 980896
921285 711716
874464 500311
676620 742842
444350 614454
956901 199108
927788 450229
443726 762259
104831 644726
844219 215234
873580 454748
975462 894822
513989 616968
374141 608110
260969 489630
454562 518132
364685 653092
833422 370698
491667 297252
223210 418064
823920 982665
577199 250273
867163 101232
4066 953034
697162 678140
429034 424389
549751 723343
72109 577229
128301 989683
510393 681111
102285 550091
671944 944925
868557 61799
591306 733444
564343 832581
302570 24037
216879 455928
848366 713873
218340 373275
629089 461635
554927 357855
725714 618088
499202 111672
679058 720017
958491 350585
379773 202250
545554 484752
700356 238686
400173 50383
18794 68427
817152 741210
590949 70845
21585 129419
513617 483224
901699 134330
924755 893618
337921 322321
839424 162460
305559 831112
457437 874353
558553 42687
656785 421140
400073 894328
165082 709959
767147 623176
285626 295557
479 438324
604410 221191
68862 601296
121595 369414
116235 171269
6793 830570
452681 267554
149056 371704
248090 196605
467511 370380
752521 26130
410299 672794
533106 339050
261415 121745
32406 138440
754142 933023
738836 758627
635182 727374
982104 925476
68110 728562
117589 568251
223994 579288
37390 156718
288237 691433
920218 737473
380697 454206
450458 272220
319280 798578
103653 518738
210447 837578
406174 966994
333158 722431
529576 496996
605755 322879
261857 512702
143156 440531
890697 793433
275937 983315
639640 918710
817551 915455
626382 879935
725903 312932
820194 101095
42055 156496
250353 527826
516600 298176
766210 121666
801929 378010
122230 629543
201558 851773
716722 41797
535002 528240
12422 900088
986695 348410
944295 669613
986761 365572
111923 860838
666536 532891
920515 703188
892899 745892
343487 492035
399046 262590
43414 806352
774786 606907
136957 926615
708212 994855
260661 157387
805885 856829
90716 732719
783311 830760
557115 370823
825755 515521
805694 25518
619339 779584
811601 959121
312574 406459
882759 437696
665475 450992
463654 246215
242434 271485
991430 27798
140979 992273
304782 267470
105901 927439
114608 999127
217443 184783
106517 321384
421247 196666
317018 170665
602702 693116
89005 782840
641187 410444
878173 498591
64407 46365
536120 983781
969959 682764
958629 517588
359701 381251
293637 743585
687001 504574
631347 561553
938503 636323
836214 894884
737399 42892
293146 828801
299233 222151
896358 29024
900616 933265
114894 927356
9210 419948
931116 452277
674173 903166
798998 126071
158391 456968
350322 488241
98463 780208
555815 242471
976964 931686
143750 481462
219927 163148
239273 707915
904473 522657
616241 249841
671431 580284
693424 852188
29819 322494
338361 725620
18205 349435
405417 710959
229495 825821
121368 804183
211976 301545
348392 400231
263445 723666
859854 895401
854718 95478
779695 533094
905349 149539
113498 653969
161242 412256
947840 801112
603539 959652
620366 364509
192787 3749
963024 901378
182580 124891
42057 373222
834216 598287
347247 615006
192504 947623
155497 158551
437098 575683
222876 839847
412961 977005
652973 497359
274440 624733
912151 784778
510711 987689
193086 498623
105627 640222
754928 732416
710456 23987
650707 66951
718371 239146
776211 132000
792887 160340
887275 3999
245707 444728
899439 413219
817796 855363
449488 624102
510597 995945
158508 222998
873388 910502
460962 702973
803479 486200
304352 120303
825380 81558
127647 764161
375860 77138
213553 394554
943214 972289
239803 162155
715662 611380
706822 776010
130049 231428
466119 789372
139814 757222
29 75430
923138 959868
575950 461232
624496 108686
663844 686272
275976 138018
960145 2508
966753 574226
969004 502022
529607 267132
628525 119875
224837 488007
273384 751431
312562 592585
148027 374939
403335 331739
327201 530425
243761 850411
321745 516508
438607 84248
953477 978871
295521 418510
91379 590966
762597 113487
479870 347407
124951 87978
404435 435783
628498 437739
224012 820772
114869 806591
813280 366007
404729 13482
382736 906600
731724 985928
278297 895097
642390 996971
793318 585962
348289 862797
857805 834728
342904 817305
812297 445879
309146 99551
886371 37221
680598 768568
7405 459085
410060 342169
246575 337010
262581 57575
135573 66294
508090 897138
985127 868998
230935 979160
291789 206009
311244 489109
865435 480191
779325 936268
261081 665794
640728 41966
617325 643176
790581 206861
149369 326095
978602 653367
168504 715168
18098 221693
592774 375337
185298 919124
477589 160372
623129 881011
578982 240341
351351 626771
818718 250820
511024 497637
525911 786063
450825 342538
554698 962879
469120 973927
443322 74189
888013 554363
859522 295788
416123 949683
22631 989568
422232 721930
444822 347014
785022 231866
94296 685318
713940 100706
785939 15400
671735 106829
113724 329432
265580 899963
33164 134299
709435 177028
185282 965701
244547 427497
855103 222445
470882 85781
593691 114077
533525 568482
300456 631163
478166 943308
875883 536534
180060 85929
110557 520991
796673 313442
961341 518965
265651 820387
673256 385147
14146 974720
33390 906685
769323 649598
636936 407468
10398 308077
621334 516078
591126 525158
274030 185077
838969 151189
83063 918277
866924 344067
364813 48191
938599 285879
341200 133075
635683 707770
329169 692301
618139 458157
776462 34839
975734 541435
515814 647437
514365 711436
748209 855700
706325 740869
808371 991850
161992 169584
511065 395178
523328 228096
982080 829128
927736 874397
779725 707129
916359 286142
879727 785634
596961 605660
619286 556031
995350 317150
227497 693682
421775 112373
818512 18211
99866 50502
494003 429857
553405 719308
571480 675711
724425 89232
678781 782
217615 502719
636716 498571
642613 356918
835498 106499
958636 212517
683433 976345
419704 725695
893021 396968
158413 990100
430331 11242
843190 932543
405770 252163
145119 786320
201909 214624
385835 977991
678971 839958
858216 622392
64382 517614
618284 978600
173595 793736
149998 836984
866516 218830
841967 724763
209200 455743
492553 233823
64134 334058
773947 798389
933521 515755
198895 965059
759546 941624
575968 519661
785095 629883
792682 96912
88783 783791
885347 509891
955464 748265
516766 103916
21369 487469
248526 876406
163821 169272
765530 846868
789070 643875
375451 698496
400784 226582
839754 596710
289750 696955
825674 972938
986216 617368
382816 631970
549979 263563
17810 931181
448306 71495
460170 115722
673806 809349
922784 893696
670806 50375
943921 766475
23167 172131
900159 690238
322405 558545
31704 999023
85139 899568
775610 953508
352231 572139
278946 971180
434770 587021
438879 737769
151618 984316
443913 123992
33770 443078
182261 945571
747841 492023
490153 691383
96987 180774
222817 112945
59027 631480
618639 5919
213575 399105
709649 351112
12554 688160
992742 41934
961184 652196
201713 944598
115333 561124
433237 764665
612779 290881
379842 130352
645290 476120
398488 234868
78590 392806
706804 599682
241096 247544
118548 130887
74760 254483
451960 71647
530724 551482
56231 126161
157280 338374
31819 954277
718299 66436
847600 819309
790013 577871
866758 284118
67745 482670
259275 767188
550815 748213
546736 86382
453671 683119
191157 579885
935247 272435
33729 848805
24845 752615
260080 738558
198438 886037
428806 113637
662168 571211
747095 405295
546395 993021
75601 528938
464649 994882
262639 47639
514662 576080
124961 742783
690831 139838
622529 958358
73287 544386
975439 482801
322634 237579
486777 994515
363238 295570
35212 540271
172993 666695
528200 962680
533690 120161
631244 838355
982600 372145
630135 109147
439628 55247
884897 329976
921438 664913
174040 691689
153298 874680
722220 784249
963756 685076
7334 409766
695341 538066
16929 340134
41600 43056
217137 929341
34532 709503
130295 858490
267324 257417
839421 178457
409391 543666
75947 106151
188589 316027
630263 446108
827754 841055
374221 696595
71442 411302
701516 275787
951758 841475
79929 491281
441411 118329
913632 756449
603156 74411
34201 24543
149387 840996
417627 298882
953752 816540
260044 999466
582458 251387
533267 729049
813180 170753
769384 474950
632278 376574
870903 782422
634769 949940
258762 227602
567712 468755
879854 402414
803632 750630
933089 974567
688401 324413
819376 429296
588867 562551
106214 98530
121809 635090
774534 273673
9011 626758
396912 654401
88484 902072
145394 974594
456386 458269
667907 195205
391034 297952
482093 839888
389424 362764
757066 994403
567992 774208
373933 693085
226664 601487
684793 234993
641436 491966
370398 748387
440745 619553
477728 175770
110225 503273
813112 419617
992850 860757
535281 402425
183771 947324
297216 962568
649639 416079
689487 195348
512191 438663
306736 543339
8771 967335
25871 678748
348286 859998
734752 917295
664475 206747
747042 497377
12957 680844
774882 917217
104011 474600
535195 455557
289118 364102
302546 852659
182108 866446
492682 859590
10907 189535
658239 898280
384534 508225
812494 365588
758114 52083
653156 620528
347469 158556
328455 123947
914073 989617
704889 587065
16261 827321
29331 318064
403062 271023
999804 485524
472282 356507
830391 666407
756152 773411
532712 174321
713687 192183
802850 928448
774301 349349
818309 422618
357704 384948
425395 868809
486973 671242
394849 301805
5461 101803
423795 227589
661835 32824
504088 320188
120964 427602
843978 973669
659521 711136
206931 915264
839176 649013
626351 665182
240904 894494
471221 942408
94101 409361
159099 82200
837182 69961
187943 859824
923752 723737
840823 124377
289345 142241
567415 749046
523059 940299
653799 62871
215789 375400
995525 14360
87987 329652
413449 233380
875018 369718
21039 198979
403290 908232
958113 32752
188415 976810
216695 926062
772236 453107
958203 601258
616391 7906
131381 472996
173622 646247
675036 691683
739044 836472
704013 598870
179320 31062
396716 884772
87870 616512
901675 102314
385464 284228
151698 759184
746969 149508
343612 228559
346577 732074
38239 148767
141117 846775
338477 328175
691330 610974
340293 310033
112207 851156
893680 280720
406721 572037
144263 822244
614159 979972
807205 567230
687570 173427
298520 265010
553603 807422
356218 241652
963997 181035
906605 5367
453328 104756
643323 466161
591430 636765
349690 327475
285503 854800
214630 671971
868404 731084
484301 943623
777996 504249
734470 79932
578747 763208
738590 371215
478481 630522
440952 851848
516606 580303
790895 880016
80216 430450
542184 72263
863804 295178
878174 837814
436138 317518
518150 394769
357664 899645
794286 418138
390333 880562
892263 707539
294034 132217
291936 761233
164600 380966
88587 906434
832900 609589
817794 414881
460897 468906
633728 435523
722920 382035
635884 406551
168042 827311
780351 559303
975659 138113
781603 141193
135168 684211
679201 905789
562294 580524
28439 353192
948032 817051
214824 457203
196091 596124
608608 461112
872256 607138
158933 312441
263199 27041
202263 948520
245644 758881
488938 247567
858794 296114
401932 282367
45212 874333
566190 513974
918342 845323
326251 735006
601719 615838
445249 199456
220347 404047
867864 544508
101049 435993
373824 610964
84087 404194
764631 549181
279461 302220
498550 730861
71751 813514
305558 940658
930262 396430
250004 652448
769759 725143
263542 278799
276068 22687
282528 877150
709480 956967
810837 223947
417723 593468
860437 387408
282169 440566
295407 810538
282533 535885
399335 807840
169913 885236
892565 773299
678912 941009
747849 614185
593194 994669
556368 347700
569487 90399
163750 817855
411390 736352
468652 150023
324326 686133
653661 423797
822832 548970
738348 213466
791985 709169
977518 217914
300724 372983
864370 229491
259059 623054
419228 31037
961175 7105
316981 429869
743491 310786
128167 400489
580650 341188
949931 322345
666052 16790
576024 86255
177258 150426
52557 331905
247519 771525
24005 91492
993298 243468
360694 959965
270537 277078
529596 933822
157259 298593
428150 569285
215630 769021
78395 281345
161801 840468
165905 594503
275827 812906
60186 643671
751610 512758
231593 242671
313006 589252
733624 954175
955267 67207
357501 60316
737668 935329
619122 669564
214231 931757
985806 388593
467142 811902
983797 937365
742697 227307
149874 610492
397585 330852
434369 445454
545330 91540
498646 124145
384861 722320
66163 764475
343567 256681
220452 122953
890724 212619
50709 32015
257433 218166
447304 239935
807251 352419
166480 85063
538052 817704
601705 407466
446318 132932
463457 47715
921518 681298
444440 402473
515444 482924
631003 622214
784412 537040
37740 930286
924175 723811
520381 128712
668631 854149
313081 916896
896510 897192
752075 731770
413095 514603
589361 454040
253876 100831
706458 926547
369691 728202
721879 964593
63853 590403
689080 663240
70511 221960
570022 338773
395556 722713
499401 527756
712463 5526
621737 479537
526981 649427
952320 715267
334675 676391
150283 104753
810437 915043
539322 832191
359347 321544
615239 436837
647188 706164
895913 557062
551103 85748
491503 614931
510446 697316
892069 360853
792667 431009
878055 444012
607182 4382
829257 583630
549083 582883
879498 946724
849940 188266
808527 527544
253269 186604
184869 32466
94543 575806
881411 413474
255302 155978
8230 815587
431368 796395
670873 590834
414473 718897
987427 229018
843563 479809
280541 214676
162232 725842
777847 696758
895307 242910
565838 523866
220944 620563
344011 437955
324559 264252
674158 379251
108615 670385
680493 619447
347126 133603
560104 775693
644890 491868
240182 622111
803996 300783
487645 253280
480610 579313
141210 761749
520549 989788
815440 837255
538759 541014
49612 987391
579199 639655
711585 617909
87446 284516
438276 695190
736462 167496
226440 609947
800148 466756
694980 953074
202067 971492
379175 778436
559278 685573
235690 998854
229832 700127
415563 939779
473119 102110
972851 346330
430597 265941
228193 427165
219826 109417
825641 456627
338500 138624
238911 969573
277011 168680
202568 682903
119417 861131
806736 474468
463948 51894
719806 651373
931516 614528
345730 1187
678284 794546
217775 329826
563339 22702
129647 395465
723956 935168
437235 890482
364212 86414
111454 957030
585579 609709
358259 560534
526471 408732
467332 436326
190292 308156
148937 135583
192132 232495
883372 396368
835581 921907
391725 910376
450164 603798
971383 528150
72246 952377
266267 464646
698691 87055
715552 948511
968451 886807
671189 797418
183730 563748
154153 722835
392337 175095
53384 856373
649163 61177
811263 491816
539618 516698
503717 31800
732415 998028
59225 158833
532340 218771
217269 938707
820702 375583
80675 331258
166598 241806
371981 727967
20360 869602
279641 978997
527853 119328
840934 838496
489306 686995
56366 653802
694887 250162
934809 414354
904754 318017
217564 892456
480835 834471
519432 464810
906504 702138
68440 478736
72962 805481
703043 160297
815822 908110
348728 506559
200561 674288
894215 103550
200747 113480
719497 890988
921636 714788
961509 853366
960485 815446
823071 337811
892588 794384
39752 935403
264935 512361
665176 182715
809694 728257
907514 314124
853785 777291
356385 674753
442244 172280
960758 961546
633719 692967
298094 581153
782036 410863
818933 758821
222569 421342
42984 290152
761613 81731
811252 647991
761742 397343
229076 738092
37208 537738
131822 126825
394925 368848
614042 919283
294374 581143
546509 732061
32192 110120
995710 649488
903213 506175
771240 132195
360423 953120
434036 169934
783238 684929
55126 45240
606872 484001
616906 909153
162548 773505
830042 920880
111863 772491
80451 230100
777172 288095
233176 331357
615205 124564
396689 174995
922809 684334
45817 512101
37186 880758
319756 732115
184642 904538
300545 291934
608296 912974
560914 800886
221901 182534
410035 695769
254880 196804
920249 873028
632041 727875
541186 956597
272248 543746
756662 308881
535515 886801
897920 102283
35748 74677
225171 399769
370102 544073
54578 825661
199623 338701
836803 137723
219457 164744
757966 843700
509653 875629
328236 435661
872852 603825
828758 328852
952193 638232
334565 674612
880282 275334
663803 938692
669752 790024
247826 98979
991419 739204
758275 926505
180072 696190
808296 233066
512060 958120
422974 532507
873203 738015
608607 877185
534968 103971
194630 271651
503478 507944
850193 997670
554274 153426
702974 29704
476033 97008
48957 355587
691955 278526
499742 92957
562435 181439
496700 15739
716988 960456
895904 331427
850112 671685
392631 546699
886221 412782
320000 463775
40057 722656
933835 430984
680606 773132
680103 14142
710409 816887
125065 220239
268413 968681
184259 635619
56528 407682
645973 548017
193803 823650
915362 685444
147443 473122
610158 899902
327314 597766
144180 106745
430428 804548
29781 441657
637988 787110
478279 536691
820776 10440
551316 454197
750437 380855
62203 678401
991501 713580
195226 502169
944683 647618
657086 328717
660086 907599
277915 513177
888156 358819
611862 274361
241971 578270
669519 954008
760023 401640
606310 251099
222784 507371
64241 137531
961317 451213
604058 825423
547536 332026
706506 517019
297287 526730
344519 49752
699063 642583
742510 674318
929204 10212
308547 44229
896641 589631
477444 450773
322090 821068
24241 635813
552265 268011
159904 937367
364429 825409
208627 420194
153280 433730
957935 364010
393569 360730
479626 67371
741269 491113
594707 784977
693599 997642
114010 841260
969070 16245
772630 698773
118408 646958
299680 652664
786534 740433
250671 999025
482266 72748
981177 195272
620788 284896
685047 61122
15901 776053
183588 504692
641156 751803
485833 695051
687188 988766
1344 641871
698009 177743
213181 518604
561985 283633
49718 406224
918851 339080
30476 318332
421409 364612
636634 166803
325618 753503
510498 2679
535721 351880
666320 756459
51718 754697
844184 991521
975892 356632
245487 731230
704532 613442
590433 615900
516752 782350
123711 966613
824242 474472
606084 661590
65652 358408
719089 238546
369490 556837
736304 826533
336931 403917
140378 863163
631892 434959
327593 881331
310152 475864
811664 777309
417378 417009
503361 818732
24303 617053
274244 831043
592075 12257
967381 746061
69948 947857
842131 563396
671595 8722
12629 552272
466240 199662
424521 219081
65508 346303
318842 69181
293888 238323
968658 336628
803343 476271
667928 663359
608262 932609
104250 316103
643419 220798
994751 758888
718114 473740
805731 474920
120259 715861
626595 674734
254777 867533
130601 963113
43263 231296
240619 249032
180269 838983
766890 854016
860808 745901
210641 782503
540841 417511
477205 684638
708345 117452
117972 597233
993018 467100
494130 190742
932183 338705
518301 751046
616132 519393
142303 861725
634386 508094
941021 537351
904473 625516
378937 564721
608316 901780
327450 106597
260719 202086
186114 205450
406194 97445
54064 571559
398676 528433
815149 971238
494541 111734
159414 82350
201859 748732
135949 197313
188152 628850
10344 133608
265466 526270
748824 463452
542293 493564
827736 618273
938030 372453
834612 681468
899250 383920
515833 217007
783774 843383
416832 31185
238517 727733
997585 535311
113322 119352
793684 143456
264277 284244
186581 988149
698387 69414
883397 576861
809379 705263
560271 519916
430299 754545
462714 393287
664522 110579
996584 952546
463038 982006
361486 309308
821541 614140
413564 300181
530748 438566
429527 355175
207959 204488
458765 166022
177324 292154
365958 807251
134047 504888
467984 953272
465179 603673
828723 772802
410384 730352
570897 813370
794962 804303
201557 166668
829237 923272
933064 25960
176435 320485
303053 165889
43459 505593
452888 50456
674694 230718
792435 615526
84464 528195
78363 714462
685746 450253
211197 411786
442224 244107
559984 737561
371574 85967
741458 636635
4355 793098
922925 911100
407116 49718
764184 357907
715520 573077
323591 181097
539833 35577
324987 522127
495109 59136
577951 626585
310327 222929
886894 446060
421102 448558
350541 634512
774307 574899
19562 150994
359703 978437
528589 977669
572075 202052
824091 986275
162026 274160
329273 456835
764499 336174
291638 912334
655251 965231
263288 281080
847554 492151
37328 101726
238260 950296
196686 167365
854892 295777
869711 299310
607817 317925
756152 216648
198101 413852
747359 600055
210689 299942
571613 967761
938639 534940
486303 25098
278687 577653
921964 374281
337543 685227
788965 330961
821554 960281
694214 444151
451135 286154
153033 324454
816720 965494
375125 50845
663605 878879
300577 376276
33090 912688
5578 112712
948756 53910
731912 759883
700729 297560
807696 91305
130099 588393
632178 290501
277797 344608
268930 228650
628438 808719
559520 81483
199524 366693
741215 893618
675918 87533
654966 257587
876025 142425
772233 426408
619236 154131
198658 84852
491751 664494
969580 542013
603188 156838
97447 470864
339186 838382
122630 487531
255668 59705
446314 613718
332719 477717
675864 954501
509980 533648
913307 226407
62682 201145
883343 996223
2458 63531
789513 104677
784579 201033
846257 553355
352157 358984
758633 588992
77352 771991
648534 134084
605285 202184
260324 88132
351239 239472
515283 365514
495339 922046
228125 758712
913886 288853
121666 194668
771831 281237
176090 983943
183188 74873
192974 983391
89603 681630
476963 435251
192146 489907
961062 499891
245633 647986
830068 697390
393215 846115
934589 434683
47427 988712
641333 817407
940899 3670
1763 704644
699863 608724
13155 105453
567355 436625
813480 808875
760279 110174
887046 880161
756529 375010
508866 625102
63050 502007
432296 871726
643052 747084
126482 967656
221028 278853
221182 646077
647507 47238
40721 920300
573135 967835
56204 681946
915195 2544
495351 452035
790778 91378
283210 945919
567582 608095
499923 514171
854505 11394
453725 267575
69196 522534
986106 404115
150104 699083
469607 825369
945185 515784
608061 387291
801905 689702
278465 163379
476175 514093
530833 470329
95589 114782
303858 662584
909508 461784
808859 262759
908607 664731
331730 174802
633142 779150
116140 558893
784965 79581
142341 965893
363437 647504
447173 775885
601488 804273
966993 117332
982466 783357
279996 972188
585980 126766
720032 458901
31283 489500
835952 889747
987580 991059
540866 350204
595440 486607
423438 369543
749826 520933
379174 450816
457687 849600
481947 214760
661032 252727
868439 38133
238110 219265
576586 338334
750614 398129
406458 477045
785397 273949
982176 785787
701542 298786
486896 672004
941537 603466
115799 794766
181522 845866
16335 981904
423572 675246
593185 479416
496982 834805
460463 962772
531112 72796
909030 993114
730452 881796
378430 427805
348736 619330
788161 141825
882125 297805
168975 984707
818873 310222
866724 766829
845261 3660
801245 208290
259103 955652
539295 37705
268607 57137
117500 252593
850561 954157
583576 954199
767318 353741
917864 375666
446959 692596
166057 713940
640247 402500
157762 244176
690463 593967
70039 678539
263429 132885
272378 554778
831247 362789
948012 143151
159945 705496
313322 261488
894729 179442
301987 696297
681447 242035
60833 38673
311309 679349
894543 831893
967242 933466
196737 42833
276770 84542
505107 714251
479386 990131
541745 633329
172736 769126
617878 399456
530141 261822
747919 282664
342481 622996
756587 313630
942266 56615
566547 42721
579762 112575
127659 524288
125254 487652
4268 977692
503831 458620
757435 815541
884951 685176
472510 710840
958084 936184
42716 536670
981967 510576
549130 38250
769144 287157
466660 63917
533639 447345
845513 243350
995535 303558
337950 80575
977788 947418
586092 388761
76576 706681
591442 148324
46794 958038
522875 502843
418471 371727
66932 980831
913782 184726
761172 541417
76864 984169
974016 586232
462907 231647
916691 239306
213110 990480
233079 872435
537493 733224
461797 500867
88695 889622
209541 616007
249850 982140
432053 17474
66839 591769
396715 179870
355301 332992
535325 78748
897975 662226
529579 627468
616255 55492
269898 437297
82465 364419
707215 98277
414356 558789
94649 630748
232608 928728
674364 954480
164139 834957
398206 134116
650207 663443
716687 706531
412886 75680
264383 290352
971513 442592
425878 374010
767742 994414
80741 711855
890237 780040
914160 745576
566071 665804
243155 37243
460693 306122
92280 67911
519032 557624
868215 818717
23715 748436
556557 684650
660717 947218
196227 480761
136681 212441
720816 529689
567097 944088
885989 291072
660485 784936
768135 62120
884230 232517
480915 179026
74567 503752
380150 604995
189520 464146
934669 967519
599333 844946
419512 39897
613522 256112
832024 421204
940595 483189
657561 412320
786478 560900
71218 768974
269866 864463
614494 807883
732457 436427
741885 296713
934036 64582
90155 1092
526754 171152
444238 574477
418840 652464
56709 945223
495267 143508
27014 91978
314055 134841
608419 839056
182776 618686
176914 245304
878573 996402
280475 523693
730777 157206
192521 265759
709191 53102
607357 596443
946064 692332
237889 365150
903463 520809
444561 776521
622775 930085
518513 40861
367948 13798
912271 119439
789867 204779
577513 792269
719860 818330
898513 250913
24611 737201
807869 532671
625980 210916
617435 791339
60729 852228
964028 94402
440486 145819
921712 217575
159662 699942
605569 201257
817792 561654
270399 619855
679309 367584
506832 460910
739172 920129
600735 644436
881727 502415
731511 125627
692453 98056
289369 680617
130091 708659
742054 927399
721938 995796
909602 587158
454785 927561
489074 582132
523834 492518
686476 606532
331515 955810
711882 186218
389503 911753
105808 754696
52054 134510
802872 847135
849927 153898
904027 144189
342863 889598
495271 555024
46546 214588
803529 410091
16128 100710
303636 140413
65683 887654
809530 554138
280362 932272
313821 715513
997601 562731
60931 345274
129697 546560
477823 52556
429496 210401
708594 356011
578516 603687
812766 468005
365627 127056
381769 757778
51470 976073
558175 880099
243542 18689
449209 149106
292048 756133
538796 465109
442676 50718
833858 60476
145608 528232
612810 115832
676677 631081
666024 640500
201023 899019
823563 88615
251758 122801
408644 565250
347761 358136
249724 235554
377925 379402
344502 808638
601020 928705
744504 912935
199882 61335
429690 242612
771734 502109
624518 259446
345469 348028
93270 758724
230446 5010
835039 697358
931690 119686
278238 942801
117027 645891
352741 792327
790200 695332
700571 491424
78627 586100
525814 167580
854666 290000
932767 906624
384639 906539
468368 161169
327568 384140
234967 523547
442839 884656
928192 558005
663096 365623
903746 552518
849058 955713
842786 424866
627087 464352
500146 431079
8352 313454
98617 773072
346413 871708
655949 246753
634108 388830
985681 329084
239513 211789
427399 710580
890372 579660
832912 841154
408109 444836
859796 213127
437816 613167
805411 383263
542083 976138
221159 936528
386920 177208
826913 889782
489526 112053
860163 717806
72157 429258
858041 51763
202205 175964
516924 41341
904279 380819
209078 431058
354685 704321
400258 328387
682176 251304
23570 953587
946713 420934
252910 637313
791426 901402
843654 384148
941536 534253
662739 291395
22601 386886
199758 828629
575221 747421
70705 642322
736074 322342
201229 703297
770352 695408
383523 547995
444728 654377
878463 922414
50414 858349
664760 946557
151753 307469
304877 471740
714042 351401
736298 680048
765659 252619
450138 89147
470791 227812
859145 469187
615192 934755
560324 725905
807452 937963
735382 219360
612238 572158
58836 197426
6836 904246
145427 795433
920199 167969
307290 654193
918430 806581
465336 311697
70678 529618
949296 299580
758106 978209
534986 117062
910381 85895
808514 128533
892953 411031
400299 624608
552097 541546
657779 679938
270211 542349
274255 650169
962945 111837
160907 566212
901704 404211
994589 768079
141024 319949
734871 185507
654697 854143
152625 332285
465569 815466
533898 793384
23195 960437
506622 742060
890393 438002
288743 796100
469100 944545
97209 599578
456552 420870
633050 537140
660986 900565
197567 840422
83235 262888
468941 884120
57597 590550
862840 151781
551377 313533
347591 736221
756232 636508
727820 732345
583559 133255
447491 629038
331875 187144
252088 996713
963509 555910
178022 780367
118688 459471
381219 772267
216185 548811
652752 400858
52608 860939
220700 781947
375986 66900
148751 989415
199445 908260
795258 143895
224518 676237
437258 166335
109649 852202
475405 143048
656402 879372
199942 614398
787812 437781
792899 43585
380490 750969
871815 317730
112944 466588
447499 415400
135430 144045
801054 72894
430812 501123
318831 541969
768427 965666
105082 237000
280780 501481
512591 605141
935051 912214
949642 336745
404211 831051
833912 955115
796190 767904
768124 915879
870748 828749
950568 650501
741503 945148
185923 998304
987127 465671
547844 619586
246455 335421
385399 158379
926080 682188
403160 361700
650868 262207
78412 238382
823300 267581
114095 415716
972376 666165
990681 954096
728583 427259
273646 423199
462732 997155
91294 873426
728843 819305
858696 828889
42143 334906
65135 925858
55673 307975
771698 285180
376713 482159
352910 662615
196293 377943
753492 74402
316681 25068
316949 808751
456470 59845
75421 273440
771835 155213
755823 892014
283724 540217
57646 592959
77743 515881
468660 603534
965665 678026
384261 378578
321745 565994
64881 841545
137637 792735
351660 543159
195897 104400
568176 710927
758651 982475
122498 599469
939389 209223
993019 339721
468553 132993
63941 723960
793966 351355
196769 856298
133475 390078
188727 509905
915410 355317
873371 350567
364542 310544
155226 383760
706893 663190
9410 931797
868387 748917
690033 468769
670431 549244
366042 94396
734736 945669
75311 50585
339507 696948
457542 704088
484465 857421
486724 704014
368681 55346
657193 247190
728844 672829
717592 968609
216536 11361
955755 431469
309774 441309
211606 146618
774223 473382
337287 545841
926593 335531
290357 395495
686417 632143
796352 439165
561167 991735
867130 946750
982949 81107
592626 153001
84148 581139
88414 285383
182048 491166
668304 919398
720524 882331
424340 799859
731595 87487
974819 468426
89262 50233
174660 422324
843340 542288
125772 148810
249724 746790
777359 411228
919990 97574
738773 39596
457084 590833
640277 862351
137396 962687
104946 288036
946304 834410
587543 767959
642739 997671
189383 850745
354752 299793
84716 148545
555557 713135
546125 468540
952374 74807
715800 639939
283107 783264
737188 184787
490410 449999
940884 479429
543666 805853
631425 251572
505698 859690
459520 916078
330612 655276
60326 612851
69476 637662
976028 784775
380603 54256
592638 374348
182775 816587
667741 889549
944179 941290
443669 318751
315016 109953
383722 159480
464026 636938
264242 56648
697109 296146
104456 693421
181606 743663
875476 539432
168112 661596
767861 137842
612656 360422
487529 295686
246784 317605
175902 609017
856208 519665
659685 23652
827405 801205
874186 277983
221752 678169
329729 916324
666745 708855
342669 265948
651797 496094
79869 712976
623164 425079
679661 450581
17588 857841
180253 553467
778202 189153
589752 536460
715522 811047
285156 247463
212670 977818
380732 484828
417721 424604
106905 900257
329113 891588
911758 59056
770158 479976
451300 980008
533319 484338
21385 434647
444155 842901
690257 150134
206509 120791
351597 67332
586977 395054
79469 587414
490131 579184
987204 458315
55933 820255
284671 586885
114519 564865
824843 675603
58256 808096
795638 733890
66402 646901
869535 457402
40413 625827
498380 291162
875714 651402
294547 211555
704851 129785
615729 187869
887584 415229
245780 963351
710338 821004
182449 137987
636490 372179
677092 245199
813046 401856
637344 229338
219511 790216
645234 152500
661989 760799
360038 565023
226598 614989
152371 162586
252103 935461
918620 8455
824217 362916
903206 411925
41695 25524
512775 816557
77351 264746
500907 829417
537675 769903
526277 283532
737601 194230
563225 30690
323899 887493
678883 224668
872244 582915
732435 333331
299828 796459
716108 329169
510989 35171
466196 586541
682895 403139
957293 761674
20004 968777
570746 433313
63738 646626
62541 792890
38160 742696
587940 591395
901130 580013
975028 389744
8672 967495
867389 92110
800773 383005
118465 206774
726642 315763
950370 593920
464852 546187
943759 377538
361835 774566
217962 480188
54371 919188
254069 778804
170430 820014
745224 437413
500942 640080
304861 41618
323970 604560
446338 406435
519232 636263
891017 50750
179924 95511
421558 424756
610669 60055
827 523424
262158 672988
207856 811270
499029 239219
778700 376332
409149 442691
11071 269963
192719 412845
409467 787109
875741 507560
606296 936604
822423 521377
23754 561261
510072 757042
724053 776018
138392 504353
590550 510794
276578 215426
749566 374849
30204 149705
820985 590981
186623 949010
139187 606767
250833 403190
73803 926695
930356 22040
862652 766738
991570 884839
680009 186756
14925 117858
639337 776280
89768 712590
748399 794697
407587 248048
119191 396358
163566 850005
506358 986531
882613 672752
269121 429213
663943 205723
74439 427120
338220 160719
260675 37029
203598 43455
32663 751139
698547 755779
475425 163393
857059 134811
930205 632942
179302 97198
637130 328355
721052 561264
735710 237213
129794 485282
370345 903996
466234 353028
397191 516172
160418 673250
24407 742375
983058 709347
356346 871632
94557 885204
164663 118836
998424 560435
923242 628011
115844 993500
85531 610026
813934 699187
473650 322401
508827 381186
182569 840977
308608 858177
319587 154028
872402 809296
804959 840774
202501 841674
233730 148051
681914 379520
685857 945319
723813 661255
524534 185601
30903 623545
200430 744784
485469 754086
924010 843033
743363 945989
882247 241967
465068 850956
487615 366935
920459 128417
310138 679703
862319 43016
605229 462947
878895 687307
611995 413650
447278 741200
508390 459394
963081 26865
888289 240672
725185 280360
889245 634103
765872 510468
127876 355960
996496 418445
296248 325927
778637 645770
912028 305061
584006 337685
733802 318023
369315 712323
856039 405910
812296 777030
350269 107752
248529 602477
739645 362161
192771 367245
310953 85499
555154 988717
695539 28935
325868 899452
397432 420163
54835 580319
713031 463684
155974 686323
489787 492997
201557 492432
103430 252929
561760 80177
979682 663560
681964 957359
616422 11948
877791 574810
322909 958717
977542 212423
289001 984405
706770 695923
680671 999316
598381 811364
111353 178587
159784 936018
704640 217886
17588 699306
264300 126724
868585 413610
151437 278144
637088 139006
519774 114384
169493 746956
143769 409465
96694 730373
185577 533660
355112 985858
506660 833614
337690 75959
367209 667398
664014 532702
446533 412861
697350 966699
270171 512700
595967 137622
649953 939706
779769 255784
519082 4331
494139 328107
689902 795894
123413 679387
92050 526493
429141 680512
410848 392746
401119 785700
135211 85530
652572 450455
361026 1809
76800 167718
364081 361728
883956 355488
467311 549673
184745 897151
290536 497946
907145 865779
586025 646020
428993 146558
344728 454173
682300 387518
966595 612459
745281 803956
67506 341204
604786 10648
22612 573073
850750 660496
414967 758295
617398 854466
244082 251559
217388 391876
508183 746846
628511 144082
429077 854819
373923 360624
87345 683270
821155 275310
765813 849130
948242 657833
589270 605510
527341 135563
190011 48062
179022 249306
967641 255680
587631 914592
300009 494874
620416 687497
32024 878444
297029 103710
110549 312921
128666 384053
676597 16725
398449 241130
134085 923114
641375 421542
4929 11465
370402 2135
451155 147384
521260 213676
500378 412190
484152 560819
329602 246578
610004 251682
138884 307878
529758 594393
389404 55083
145666 503111
14786 875261
520011 20316
149125 214813
642194 446618
414603 581662
889362 851845
674686 117498
126599 944281
300159 164833
196345 154610
934183 216641
541737 147014
24692 332711
298250 95969
982965 289958
915386 71271
69976 526589
713508 831055
677945 649109
544894 208497
480161 678030
450215 590134
43504 175182
668437 915405
260939 777908
401839 81125
176888 537561
613161 402323
288005 937128
124138 839669
407976 463369
132671 252773
57509 147282
725242 535746
571546 675977
381517 681786
199424 515951
689006 585775
782935 889743
774070 321199
940770 18866
584840 410715
572559 258376
606960 871665
235940 622689
122590 854084
322639 321730
831841 854992
527087 350124
736712 558845
910926 818954
983816 23384
215748 359134
851334 614234
852473 740059
173898 973762
115036 526342
80844 572037
211813 34519
723826 537224
130410 124989
120541 121470
148477 399234
953014 816773
935436 991713
151195 856298
465979 108686
977095 403533
326170 578514
53267 293237
110548 761714
285699 85947
948362 662127
657960 445884
963066 907826
472329 799302
290075 394764
595388 94087
554642 260392
582968 802408
505355 961146
892499 163873
807807 104100
239705 809248
171766 469619
722976 327452
166340 353413
951037 133937
557620 25920
835096 942289
740512 465142
989690 72938
355316 521115
966048 21425
936290 68777
361813 97598
800145 50273
909602 6659
295999 725357
529170 671630
327936 824054
350414 59687
444571 864783
692054 303069
185030 389416
382488 655395
329778 125383
402576 667560
66728 366434
171602 630198
119586 431708
87278 928123
330487 129622
679997 342194
283919 685353
324944 816505
118081 195628
938342 502536
576291 85761
935452 401942
925757 919405
227746 153819
429977 577742
325237 842033
723768 488968
809815 425269
859509 40345
447299 65003
170970 820485
146349 488271
659310 592398
333466 190581
836742 603
535276 594752
45733 682775
693891 859753
951497 9712
422621 806450
685461 71433
497257 749000
180150 719982
609309 624223
976494 643475
546166 369024
477630 584032
561621 75001
23921 858151
157035 895384
467185 941885
842543 307145
46937 377744
788704 641459
630542 415521
391651 469105
328487 929672
38021 579574
227130 448625
649106 96976
305541 109416
640055 578049
948580 372857
698013 910691
4551 954202
72127 354606
612077 322487
477328 946296
506397 410499
991632 203616
221355 829650
355198 466918
270946 324722
76011 657386
808934 672011
992894 670165
499809 315294
682543 484028
112845 590920
421618 926992
896952 54662
374230 426151
69892 515948
805903 6868
134887 980043
835168 321531
67333 183882
58475 36621
407056 326024
823094 291138
254176 711288
474813 972687
524277 525900
456977 565646
641575 516316
805864 294951
844223 741581
367351 821765
988910 794031
35365 758039
835871 571659
166559 719795
901078 75111
915861 677724
413461 374037
790151 797508
280743 915490
984098 18063
562013 570311
537099 585757
884329 173715
244457 792250
76188 343851
934810 433102
731955 146233
839796 230318
700972 998282
932089 904910
497369 23165
701139 50531
563412 388978
960708 822559
247725 634231
913441 332022
4524 986549
579437 5520
785536 740847
897046 369979
636547 389196
333067 854810
243184 3157
793755 22952
806959 516619
192362 972034
128851 336959
782498 256379
718747 646981
245779 236207
149803 159393
70843 928509
375679 298741
965387 178946
445343 521036
773864 710844
458463 619861
547192 169496
540844 209378
688442 952980
598753 877597
461218 734082
524373 608436
847090 314926
839201 399081
383518 519148
519897 871194
18754 119854
376378 212497
73170 987726
535248 553969
743331 675037
379082 504083
122402 343775
970109 828708
226160 939464
470542 649443
319899 279787
764468 533053
510145 950595
134342 423107
796320 343552
376513 399183
7034 542661
717143 862994
930064 464545
289944 672471
818560 713544
666086 691333
240329 558461
757667 110945
915131 762303
466974 467432
431038 297604
826451 669345
931983 570768
559324 405584
759146 395587
512297 272165
366292 679078
635336 653697
389297 630242
789107 614861
725324 375097
40322 450753
507855 697245
783497 456016
686290 592401
419819 794768
524790 807976
822712 393604
996781 389386
814119 194856
440072 676181
944209 270582
199780 226406
491424 967685
722087 732868
759394 654123
104344 837025
667211 265299
815609 755639
51837 680319
506864 295654
419810 185832
750376 138708
997521 569386
810432 845977
836887 667289
953808 886683
671096 141284
990951 5535
797724 831391
481844 213934
370670 791176
547534 625348
212343 371056
203457 884711
13868 59395
334856 838948
411015 350938
121057 883646
554597 291525
651412 271256
244885 912009
17650 716628
768768 707010
878992 996168
745389 950715
308182 158137
383148 659520
980094 896658
106404 132021
811359 464185
789482 776049
439829 431033
655491 708886
738899 445771
377753 872604
639998 705822
668036 142920
366092 396726
353985 308512
113293 638684
68712 767715
379668 906536
354502 48224
617955 844212
970544 809765
985743 686992
439570 171318
362594 499600
933382 13377
910541 552233
965841 270447
521685 188535
497030 779057
596608 198941
312134 772556
20577 679052
269657 840103
4583 341836
893642 372690
692452 149771
210737 342637
791768 633915
948115 946577
439399 980681
320730 193004
756909 945782
518672 827273
38027 769702
323589 457019
617179 270350
741337 203666
917037 157687
176653 877584
213564 668498
587888 50959
377042 697486
14200 698438
795872 838921
744174 524610
452809 219806
725877 206571
983174 716174
711549 715058
882805 947039
762803 801177
806458 920721
195685 344224
479690 58894
787729 57930
594471 986029
949105 70766
574524 293939
654943 816823
638638 153833
93428 891238
135868 156065
929341 491713
206317 980951
596625 797629
796029 538365
743347 424746
291030 181511
938211 313767
827893 631367
158414 183924
987199 507062
978677 836055
243964 805710
309690 1380
273273 627967
151812 788798
578808 686012
197331 692157
466402 170803
619801 10777
39479 45670
273140 885709
717196 368344
7680 888107
509030 554603
636529 859758
320527 332925
179031 86236
394422 684188
926300 425728
817029 332103
136292 946390
778285 317665
641670 11072
87328 569322
837331 106292
934511 802599
426400 725047
836061 635347
5676 358733
149125 603932
333174 213559
192757 105048
307288 577487
891259 324310
967494 672099
147597 279356
908050 837495
793055 812733
134385 511313
925224 114303
465536 821249
910620 310161
930730 979276
48080 125390
923762 829985
362404 17537
206611 530280
308979 307249
484630 532016
954497 850294
940319 759459
685579 28387
511705 514922
779242 304257
929966 774748
216684 762554
221539 225072
960664 455554
396803 230273
21551 811195
779658 44735
850576 113949
101710 426784
508357 652475
985999 785771
758807 149861
692323 148939
859213 522071
456302 373039
879736 733537
21404 987179
705916 662959
396663 766011
793137 56539
321181 785397
181836 908796
227212 765180
421606 924141
505580 725999
