5000
478444 677180
619420 400767
410828 135233
438930 187286
915851 54808
631006 264163
475902 121209
115540 650531
253292 454893
45761 779935
782663 384279
61943 210816
252740 774526
858330 310524
899231 339199
940863 778469
548958 988052
761018 712003
216262 736455
20589 91331
602485 55813
631257 599059
937931 969341
327111 301539
293479 977684
605157 445654
711731 143485
254921 529849
696559 256842
628653 438940
823590 570098
162893 247205
531171 84792
372731 30826
832753 316138
732229 439820
622594 130704
203953 662177
888826 414176
327569 911427
910525 885087
712454 655559
427643 402100
624954 676652
963271 184611
281609 348010
218696 480326
235165 605931
478996 463046
303267 477341
213711 978714
495197 460024
252034 245846
497883 11034
347164 332985
2756 884865
215761 317507
221540 394904
329650 85464
971049 819242
462443 449846
617009 992009
971382 49158
613114 610772
831327 41977
785658 179515
289306 456323
678462 222079
267275 758595
83555 462381
569910 169994
386649 12784
860891 205702
848959 301961
94929 816538
863195 496108
275179 544877
663462 528372
181976 449120
756491 682469
640078 579940
455868 459896
388038 2010
256159 328520
823355 532688
941213 762157
623268 312240
94403 124227
950266 59391
435817 179306
740534 626944
726688 518560
427408 699535
42325 545138
408159 792743
897582 886446
808145 45738
287384 123167
116501 949393
879252 354001
564616 263709
354121 489868
117514 358920
510686 29021
125177 823080
636978 139199
614568 551944
258983 1401
560786 666236
55153 723656
556091 914360
443280 448210
769317 647354
586449 844543
964840 58455
899779 729678
58829 794571
412768 420091
756895 673910
615499 586782
237830 644695
896259 154303
637142 354909
900328 293581
533088 582200
746302 632739
811694 670815
774791 110526
529254 823070
406595 193900
840544 546887
90074 501432
970181 393456
704278 323563
705777 191261
534737 214265
500404 466133
92550 694473
307421 440118
672101 401083
861809 501725
487096 796162
277982 520363
342790 28355
697224 772759
316012 473885
34548 157323
56761 191350
396362 204660
115708 711466
823668 508999
16812 443333
145214 808596
788416 726654
958884 332060
641524 252778
740190 339392
285484 995120
435452 554455
237715 749523
391187 135335
983147 479592
352611 568055
480378 90161
643724 779857
396376 943595
194195 296956
168708 872261
727257 23463
300291 714833
164396 862913
480183 734620
759801 952875
353904 610444
90446 562414
559631 849920
703679 955310
205826 453237
748791 568172
550418 531161
839775 805622
922713 813000
278690 53322
257178 479628
462347 191845
16900 743158
701463 690052
11678 366347
772631 367488
767028 309207
73526 616821
569327 244965
850802 195363
172066 980773
237010 237355
777145 844989
593229 507623
720188 474233
897998 658399
622875 121214
323419 300207
754612 249270
779500 795079
387901 367217
840557 751260
540214 687241
572017 39735
405870 498738
569005 190365
818523 768799
675812 879965
612830 154658
149350 952797
836078 556638
610402 416523
902135 839638
975431 630123
103591 741792
633402 932823
368131 851876
817868 947421
627539 98398
900469 738560
78868 380193
933074 822865
967863 330339
820444 594401
7812 861164
315772 115844
908610 215881
319864 342097
498148 281939
794045 549866
588425 526353
881865 222105
497887 327941
697872 337778
763668 691530
949749 575992
839879 20218
947153 931624
978477 101916
596323 110522
941521 294987
31625 813280
584259 387336
947636 354707
46028 852774
163499 537018
774384 457308
64716 608605
519922 468369
571290 827308
536010 139793
460509 327787
881489 714731
504608 146233
27442 983349
932668 906016
613668 390617
968461 861478
451459 306346
299473 745280
657514 338817
257333 331808
114894 985739
854426 452004
263193 959207
645653 278647
256768 216735
565749 322102
68516 819998
897253 559479
752637 579809
622623 298194
124738 941106
107593 970959
772035 720611
800566 616513
832704 968307
643376 794342
896486 953522
162856 201840
909449 539905
182438 736199
918233 960616
413961 655249
821875 132536
309260 595928
228258 761113
847421 669133
22687 210481
673149 573565
751417 416384
451172 752724
946378 144363
70808 657726
788960 354857
408758 194534
962678 393808
643998 207800
357954 653316
736106 690462
840280 346731
64904 488939
1735 473922
142993 403661
251811 786978
214982 590164
684796 82166
379044 560223
716813 260179
593291 441798
729059 182366
825450 160392
351194 958850
810947 574562
604260 165358
767927 811473
916453 912828
661080 894249
921508 590616
671986 598516
223884 901944
694712 42160
603829 695317
665831 129968
601779 613916
298457 436686
782395 833285
295468 756187
814843 664677
981872 465129
123844 907160
786504 864414
98837 453189
137897 23746
25189 783426
438282 564853
864347 777308
719778 25374
468001 840776
872965 552393
50014 902900
189352 796521
946201 818736
822929 902394
562709 463849
589307 192501
562055 832859
855934 505266
975862 886633
182341 563806
783692 639861
834392 346655
579176 144463
947146 619394
267489 641108
89830 167673
827102 597387
681981 588680
336964 677442
148409 843283
115023 246458
748632 845030
848935 772875
805748 811981
760990 293601
530349 992718
231329 444958
693087 52324
88791 367771
707390 607141
443681 943325
685475 234898
922392 344263
688360 433258
505387 812248
566120 860093
886294 755090
859056 915426
435621 299350
703734 195589
316193 931700
354910 510216
51194 874096
166159 292925
550835 656924
745109 238323
685800 180902
54155 911028
64807 280735
397704 233143
237070 600087
955659 775859
567778 55708
945603 662986
381827 60563
92128 532511
675244 927061
777617 856895
951378 415316
145633 106879
64053 538627
169687 128101
402422 971331
348900 377608
821579 866597
761988 738695
37628 44280
210021 754096
903407 317804
306718 453157
454572 81963
947296 46813
980914 590590
517556 768351
573585 427715
35524 912281
602420 358094
11904 803306
342380 492463
22798 841745
625073 447464
76230 713439
275434 563504
925671 925363
96595 138044
868471 517272
630515 563378
720445 412325
112261 447230
315186 45176
133815 542904
798480 49215
337693 677052
419803 147290
26175 839361
256786 181522
46943 947106
740709 971249
260371 653433
639454 353012
786440 911609
721712 648742
789740 397208
114226 384644
581030 423279
756221 224892
764633 997175
602501 29938
338435 650647
7185 555843
948115 408353
276297 43472
264768 496524
243544 397909
255797 969018
866046 491734
30297 787860
859431 551347
745733 336536
597980 530504
161993 106939
537389 553142
523967 212781
355146 117022
556869 596389
969854 931646
491223 328197
800916 583430
56760 68305
662236 810073
92657 598720
232306 70970
522592 716720
949578 974032
812801 876584
505953 997738
209424 864436
323078 957878
412068 237252
550968 741387
413537 811439
183776 784847
263354 964792
894539 450353
166321 443042
391845 393709
635873 491881
498468 216021
329342 972692
335440 37495
349362 585926
430773 959461
983497 632189
644032 774999
333344 391922
987700 69315
456939 764887
847592 43191
561003 801195
251839 622793
953346 189430
364435 221952
112977 381349
250968 305893
691619 884834
828241 14849
818836 265741
547335 795831
476134 955842
279108 430511
157380 303851
768113 187225
522945 131428
283461 624186
915462 445113
225929 697538
915317 951343
385022 11506
661118 386440
236231 181967
627308 997671
577464 725307
461985 335166
550370 723095
984719 953270
76342 110073
496145 134187
976274 310380
814062 668385
786985 304270
593896 245476
114105 348951
6194 172639
4870 363045
920265 359603
130437 364757
547777 43973
511118 32591
854729 322134
670005 129471
828814 936589
990910 914560
502865 782852
422269 714128
49409 175285
287289 451317
227338 613271
318555 642712
315914 981683
488743 227135
89752 306381
465105 984015
920909 743899
682765 707032
318888 345115
805343 287475
190727 863819
124054 610387
329084 987482
621092 469239
402828 714259
98143 993377
205573 378066
754171 693434
551329 756908
599575 473756
754783 975671
55189 799687
724803 129680
694046 749072
115417 688373
746069 210779
608636 190844
212343 346784
373695 639238
793131 987150
415113 631697
164230 879536
357035 338459
743460 172144
20530 372455
770494 997238
104477 155740
824296 561830
633971 955623
669507 547172
663641 965050
302182 299137
967499 342989
593603 930146
41004 895296
208 680999
48615 205148
285306 138385
807430 831794
341440 336189
701140 947783
129819 296962
975540 25746
131255 408929
202952 200612
766778 976571
507261 380105
901290 95824
380508 222397
719321 932590
716974 507536
10857 567269
770685 734998
534954 707456
329113 960734
994475 89051
8454 329075
970753 881169
538823 869844
965103 640010
866614 558834
6159 64911
7757 6387
563426 48946
878154 294093
293893 32253
385594 133052
565365 367646
366616 498531
773149 486442
317293 106726
998518 27112
768150 101120
784303 967119
129480 282290
700305 429397
468178 801436
306517 444124
523556 682769
77850 961868
251656 373503
322761 346440
207188 842955
861242 819965
315706 992245
689835 210318
826362 784824
394367 220898
348292 365813
31986 312908
138224 505229
506163 843780
797753 608071
947576 43889
987635 825083
593535 350256
318836 976529
426542 104593
93582 107540
56921 985328
145005 245813
393502 403347
550485 851851
41399 234249
932891 610805
859168 511392
179641 650111
801363 84437
234693 114636
157919 367414
195974 628136
882648 377741
853341 950346
846215 373797
98252 668512
824838 437123
896931 206699
113499 836688
828652 663548
624428 96803
159225 415857
606926 56464
494585 150638
176888 716465
607606 953253
607375 161582
132374 756997
629558 64956
770978 85107
242307 338609
688965 910662
529921 697581
324513 596487
344519 319705
535261 244385
454368 369276
918266 605788
453610 676246
87388 321479
671632 551906
985575 651728
96106 119805
832801 612879
744210 507930
396819 226498
417522 938612
386040 490684
321343 398957
550658 940460
998694 49947
137334 436432
139375 127344
483797 606734
199437 401269
14196 67916
504134 717280
662824 581941
616728 843901
138678 463708
538716 497302
828381 224104
119079 445215
122244 438199
758347 98807
133037 693477
29052 694201
411229 491818
47345 633576
224593 910382
906926 817122
803204 846705
656745 929338
941773 940314
826163 708404
378399 594574
673446 803557
605011 350978
485423 262390
167942 492793
868548 798113
475584 423377
938067 105010
124846 843154
686178 845373
865300 204751
576140 652606
479408 86840
250711 694611
708437 746404
684626 20167
486381 171961
604416 26370
470341 766740
642562 823377
374587 387569
640997 827605
118504 898545
822130 403013
496234 672697
863960 348053
951244 608636
953892 306292
734206 219521
808071 580309
365375 875200
455965 931498
440783 185640
400060 898647
567589 430932
997668 678724
504404 980122
431363 973034
785429 98674
155311 515992
971572 627530
555162 551043
226182 999085
408866 255523
123724 238530
593835 684401
799051 529746
255454 772011
335783 674165
506321 868040
524258 807341
168215 891320
494569 26069
371360 338133
760436 171672
49243 414756
756186 116374
201333 480846
916127 984107
665883 340006
927332 457346
353677 597636
619304 654797
654428 26704
339488 524844
938852 799175
240703 797432
535015 764488
448149 411322
347836 345039
229722 122507
653734 280450
866389 577187
843139 51909
768796 178027
313587 646339
147848 329877
50957 618820
181111 703450
766930 198520
598749 406189
47180 901872
171875 7665
150443 118473
513283 87538
362081 9388
738363 756999
919619 756590
287042 627847
97442 548033
52838 94456
978760 873336
34462 640022
914039 512478
830035 752020
975241 215935
157322 780977
496655 680057
907493 133655
168572 618250
900186 836354
614876 614483
143070 715002
425588 486420
265276 222948
637767 581040
133133 112536
388219 773513
60020 706739
101826 775790
127493 489221
550840 133523
186940 803036
429048 430961
409993 540384
118222 428922
57543 508545
607972 29275
845010 483733
892777 6792
465091 153516
588665 726106
663426 882837
233164 961350
946453 319256
196810 921510
10623 73945
980133 110466
642671 588354
100962 433520
747579 358249
664944 605893
318648 289270
895759 506848
411511 696672
574333 917084
951201 925062
460093 885843
454046 69979
507666 760105
924595 272255
48176 669766
444702 903570
583271 23094
32724 17472
806419 351068
322565 637607
971667 244885
529321 170929
254308 623708
130711 54058
574726 670124
319792 693323
116705 330174
938594 755000
700354 520632
520344 682199
983248 337100
870724 757438
614422 144160
237795 178023
746025 114156
660418 380056
875679 808789
30298 748065
25664 712788
895951 536673
515108 501287
121944 727780
28819 203609
14197 167474
196058 759417
972601 251528
475824 206423
800142 947549
27596 223314
465460 640898
304196 252120
305009 896158
221795 449799
788402 993104
755227 328829
617461 573005
787197 327621
232589 57622
428894 565453
528076 12591
361086 52535
213741 248315
826128 239762
129136 463873
563276 902467
921389 61006
433191 132828
387700 173013
793428 66138
376370 597931
187144 274986
755021 143031
737215 115251
903227 886019
262133 5221
705533 174068
244292 944342
778643 744683
168629 104143
203016 354221
269642 696549
257966 49909
813296 24978
139213 908451
998161 852046
643390 825771
681148 250876
855094 66657
364034 513919
244377 964358
139424 435144
890820 562747
495600 125753
283709 924395
623095 103009
774501 403102
205081 875025
263760 912103
586175 721103
479368 968068
112849 854126
337944 395771
674217 892338
723723 57590
805569 279446
986833 956203
89246 87068
335727 59715
195335 236342
831288 480315
738018 603982
588641 935606
287508 556129
976828 60661
606775 421702
104210 212847
414310 231917
32027 557060
882881 279543
406106 141758
23672 760786
137268 370587
649898 728885
931196 949083
361639 666169
250669 648100
126748 496622
346203 507113
134412 87041
970949 397337
907836 514627
704985 167293
70152 306365
586629 38691
444494 159389
325455 976785
831403 120748
494992 245733
706564 839144
304112 432307
734076 650852
837086 250004
549088 31516
573714 9177
987411 307366
832488 767546
518051 693802
639292 941312
558183 181327
341773 971789
481666 109844
544973 772597
405079 25277
495735 720401
827760 435081
367646 714888
46985 127777
432501 14725
30131 531104
411903 960678
605784 769223
803254 78919
113951 743639
642950 905671
304102 494252
957081 573702
118719 932748
689889 505244
398927 21245
764139 25612
93663 98407
266480 169685
801048 524006
633981 616948
48096 791696
343142 308565
233556 991416
109415 741083
16510 795975
732162 739465
560594 779747
202977 303415
241504 288979
804068 567979
213245 401170
992928 283098
444218 476026
180663 739276
177333 865477
312296 999521
80642 164715
232024 883994
127187 674570
979425 502192
842498 528967
25424 942527
957527 205317
514466 277419
684325 54414
321644 592468
305033 115728
804117 627563
572493 552992
355255 927944
689609 797157
118955 570591
914957 410953
942237 775411
196644 438028
311446 758449
488701 227455
67530 482561
600295 882570
736289 804762
743513 715069
56680 182199
561882 779278
546912 468019
610540 862175
95706 458560
736912 993951
457959 138098
262413 12099
655537 963471
17468 216997
176161 530593
914601 529804
42154 156278
430322 593023
391423 437819
931803 800305
89949 136052
201163 886007
887332 929790
490467 46339
228554 247529
499216 746830
930653 864976
509326 575455
501188 107417
3181 703906
826549 623971
285090 666814
697340 193044
384759 742843
264847 500461
645664 449001
51216 931312
300225 399281
373349 825174
176467 983549
696506 530303
420800 594817
108155 787027
216083 752473
289899 69286
312398 251052
88522 751128
85275 21212
40498 713859
698328 297429
684697 690935
628493 982697
504647 334540
271677 262929
862257 441467
703875 456663
210919 318921
755285 589429
148259 222060
570213 374016
618245 25820
640328 700415
454369 129495
883885 282360
66929 779330
795411 447951
759411 141565
266352 313216
40219 751859
11911 668503
769282 630672
174306 916507
803582 23571
792632 38492
277906 92639
132858 943622
925448 8483
901255 268642
408033 589634
606465 806736
369318 76552
7154 99583
785913 504735
74929 750095
802098 355288
541590 214752
705440 241573
476053 48982
358879 17101
461887 134348
329043 598783
379749 759927
420468 679900
3854 23384
31195 716757
315205 392008
761084 307212
495969 340048
487364 114197
470322 364854
677704 145012
752800 891804
338406 387105
876373 955934
204825 340042
167328 127853
584366 369636
671092 253744
322097 4955
38676 913530
373944 241624
63743 880035
289082 574515
76184 280707
746037 323121
885716 70591
761852 743347
474867 666925
953970 642596
780306 673736
905860 935440
615594 600051
262130 600005
118888 600068
234860 958639
545558 960067
259050 907061
983090 118777
724224 162792
151006 361409
383989 562916
736662 767682
165251 40428
298306 96574
170762 278012
544161 942688
874852 310050
164526 130152
329746 987948
551736 228029
686296 7065
985701 379365
766747 165830
79800 807503
555243 742889
975525 179360
273599 720478
713253 461247
774858 568510
875352 862494
940840 746024
870233 710424
674074 674431
777630 260451
240595 729480
89918 73097
364553 172798
465313 59541
472525 188484
310660 786736
618041 843620
342411 287994
476808 889279
344834 903102
419341 253942
199460 577418
153587 484795
614828 343815
582539 67435
406077 315695
836808 876621
602848 542492
506598 141468
29115 989315
447241 85342
832063 550824
447044 150526
439863 957800
497894 287362
83325 34717
871283 449910
994744 603430
591330 791457
290245 775537
104127 348022
793110 996453
477399 26619
812683 389519
115420 912996
621576 161553
982770 858496
286615 374860
698858 246000
449634 872767
714447 58709
479470 423434
160256 561215
292577 383111
956913 74491
546237 429487
948622 231787
772753 101495
167216 799214
179032 615486
670765 883956
26690 252649
411603 647986
669445 615803
459155 339620
364529 382254
35182 654956
293746 274301
368842 794304
94049 214128
255302 686430
861860 110164
145476 154276
837825 575101
124366 443074
526104 109505
630533 84744
937657 702969
604525 530834
509713 944904
25577 438677
367506 704219
517722 421288
565323 201370
671349 834679
891487 560950
574569 170249
521918 803292
521523 790026
361090 857917
434513 754447
631487 717001
99516 652059
847988 291055
651422 17094
732159 420267
619159 187211
736723 941280
210351 650860
767078 955659
690765 878926
239919 844
721 349971
116200 646470
782126 55070
965682 604654
164546 592524
615787 474979
989956 47042
505789 870132
237129 468044
218842 337310
731617 236287
311300 618355
286934 816960
117530 554781
872214 61994
302975 499358
621680 202245
699013 708439
924568 966850
548107 15624
986882 354883
357900 319232
939781 206777
13231 488700
639918 708237
984074 589891
911879 740406
629239 525184
812125 97898
644215 559512
297743 810781
431392 584176
589205 142176
780597 851501
188127 501110
768887 528209
108802 714076
998456 692463
945863 824034
724866 990244
832735 95322
259570 589440
459649 306240
397749 819892
946689 940513
242188 546364
166687 905085
626676 17927
519381 413038
562586 983667
228536 451312
658399 655324
78282 310863
947463 879302
498306 875531
934229 711863
390120 445188
437702 768127
425971 13213
72603 304523
988749 942870
165395 696848
381531 734178
376582 274717
220715 888955
815711 937763
678367 668568
61407 917024
291877 912570
839221 771611
907989 266286
914249 868334
799192 128076
773367 192569
972093 461687
731858 19335
576413 986180
869813 406850
421384 81120
220663 32302
667671 947236
473161 38429
69488 31854
622869 819231
901306 154699
370703 704321
241951 125386
90400 610586
739932 598569
992488 337985
661026 494179
554932 65691
678616 261245
190476 785719
750895 356841
857366 675704
74652 124427
77793 460591
79205 717413
904503 340908
135778 15242
609519 25772
350815 403149
469890 342822
222375 403985
570014 677895
268754 312785
86655 107274
238547 78025
670401 874042
972974 500532
59784 897609
701575 657655
808886 221342
1582 444934
147324 176352
694864 45438
69189 823520
902491 170694
482390 45815
938489 158462
296521 415825
28765 961237
340142 315164
664216 80340
123231 675880
186042 551396
173153 647509
122050 453198
711619 205490
259434 292521
760705 625663
68966 39960
14490 170464
971938 255287
340080 544302
958543 894057
421294 11342
100491 468592
94799 473886
222607 478280
854069 118837
360726 484777
838565 346214
525537 205831
892171 407656
129217 981943
595310 728452
971631 423818
517226 503031
192140 672465
128314 400750
469828 711542
72579 611190
113447 971179
292623 706760
805243 335758
50957 560920
56532 940207
404957 985422
802989 396862
20836 74397
657709 967686
730292 263199
164814 554318
496761 92885
866889 318070
80140 409163
897061 992246
994338 946726
978246 949646
617381 847732
513884 290984
906447 445208
115642 489323
726062 392744
690808 760701
12553 978230
733136 347204
430527 105477
279937 483341
920738 416447
261447 587273
780222 650608
934517 291131
899543 547029
183001 741168
282185 434868
600748 470515
907997 509830
304169 294867
712035 143125
317289 453956
955004 649649
822631 713551
567380 768944
577795 912432
317486 828680
70359 886729
328570 472405
386944 922173
722201 231150
741279 455443
123129 454653
125210 247359
630049 610991
650481 377272
36534 160590
792644 165066
858112 750958
958130 474230
207131 198516
320944 204577
384243 791127
18227 523697
461403 140138
67922 774214
591280 720301
955783 377022
491017 617349
811623 703537
737717 628889
529481 342589
597665 483477
426409 2294
947902 843672
710496 570065
256199 857092
585198 411098
706677 497957
502037 831182
628775 104182
94993 859685
156517 138409
611327 19469
504862 539810
589011 36798
620121 908235
331092 24709
805432 58531
998450 676167
332009 873746
76305 805431
273974 993600
412822 661969
734728 752158
439579 886525
632318 704773
993556 155889
785061 168184
206391 224795
524266 935500
298563 636169
237379 245355
571281 428056
602786 951285
728543 824253
182090 819475
631691 765617
670255 790942
634826 620716
428998 643445
580239 654759
493116 13603
963254 207569
269252 147365
678434 616112
296537 228163
699204 809328
842662 109036
36155 767679
108908 118628
423766 565810
954746 723541
894761 697365
760 377647
438395 679840
648269 916202
451351 936956
570841 510523
840791 296627
102419 329630
175633 512776
759729 781801
790845 971648
60743 485920
624024 876048
470170 235657
695876 509630
130798 922793
880806 25541
114531 825354
65973 689752
771110 180103
20323 64738
996079 277762
782272 825762
738082 981323
933516 126938
309350 294908
729539 445041
334189 688872
87434 230733
896685 550250
175741 196775
471156 376813
187771 459961
32584 513213
919728 579055
582093 791430
659347 279977
177611 876542
234439 166710
218962 964597
323783 376240
191236 323401
842399 626118
509807 281851
70985 108013
406194 209087
483973 978915
88030 987454
872948 733449
877790 690847
793062 325234
297298 971282
936570 549322
325213 962120
594776 319081
751590 569376
446233 199479
2206 695450
846233 656581
51922 226653
879317 181222
468022 281621
339796 38522
374539 210349
538446 462862
987918 517533
726927 130018
977776 224777
883261 855906
320250 53873
161985 565721
835171 138152
428838 52853
248577 950427
607756 100194
813550 226549
584439 724764
264972 760451
537925 422540
892190 170169
602427 291167
72297 348669
217593 280972
460675 242
649309 245672
565506 560496
864233 153568
346835 694350
383977 137317
507955 967714
618633 291478
139496 194338
597249 278116
46693 837055
891031 864937
458214 567705
258459 289372
402061 625465
493129 132228
263003 358310
59710 30719
283961 280259
442668 446074
413959 111583
245731 818989
304380 455939
606703 487248
530304 12410
765686 220031
748722 333917
679175 467490
838528 950009
965739 586379
964362 657466
596314 236877
393793 572506
587729 550346
822314 293566
11851 489002
60499 30095
592876 181189
764232 780240
442236 707028
102724 469796
134380 166987
620266 437440
724479 261199
796202 987059
862347 106271
20671 747705
947659 561467
951118 585053
524728 47694
617036 33060
547131 94411
893949 929810
967756 232777
168271 841918
709105 28588
192534 302361
861640 442465
517630 856504
235534 60017
775569 576920
262686 73153
202062 558249
7698 16987
300033 235804
391016 537538
493903 941579
488054 466422
707057 586647
887379 833496
914536 66921
565700 1444
294800 433158
158297 313813
856402 591741
704574 963159
193335 857776
330143 967746
312670 652346
470558 576358
563071 627232
220824 958362
145178 557150
71431 210680
685753 297828
897025 435774
757386 18729
246751 947997
493268 256833
567562 716919
983678 464616
35866 642465
997020 884167
467028 924072
358853 668673
936358 478413
575191 584772
531673 928336
559601 377448
534350 907220
710347 844788
33266 123556
718731 471749
92663 468564
20557 397553
599887 331995
774360 240719
176128 603268
467931 64234
800038 222086
746757 509955
495318 20367
101050 99752
661820 566794
61306 983725
746773 689893
454864 863985
346113 866180
566428 581089
434691 426053
164491 46242
985631 439929
20217 614356
421607 800432
838164 813462
237231 995312
941500 681534
179584 780406
434299 941820
447936 990812
344782 504931
340611 46445
215405 74432
644819 888850
94929 511952
326794 618979
785946 961462
975627 322489
946688 465678
413206 347988
312343 220641
468737 512937
891981 42153
25461 622758
130925 914294
262385 348580
557770 287468
700096 279616
25142 471174
329300 853361
882071 382777
66838 69408
506604 520800
920772 528581
597513 755394
545077 373835
911191 997784
487241 549661
749053 572043
192609 874124
169134 547105
883335 501616
105376 325217
231054 444873
985780 49783
936066 903418
326668 220892
66473 708260
520373 511639
15220 892529
278316 100494
799461 26388
670717 713219
567438 341743
953467 552499
424854 825344
104603 302014
749107 755074
251257 35226
499461 889540
590625 13371
334983 313661
728605 360789
87059 923065
294836 655136
735774 763764
116366 299132
453739 749938
738622 281129
25788 379331
716450 611156
442840 25200
637495 885522
325206 294333
216939 309151
390727 317640
521592 593647
625592 27789
233424 340993
323564 199762
385963 167991
803295 415505
543054 798784
185333 99304
368376 437417
453116 188439
209130 814952
270058 324365
329653 736841
461712 342015
361837 158618
431766 767164
792914 378847
100215 41466
138364 520861
789081 374053
894142 235169
962080 80764
298482 28617
473 893922
982073 709564
129959 837349
615121 791226
913967 970479
853391 784001
516275 730365
621466 480884
373513 368379
796640 632310
46289 281913
117754 490692
188696 636724
182383 380372
249951 851512
114263 721007
865062 642234
808595 778449
182477 120072
245313 832964
878471 169050
873916 831381
23775 111594
456073 931613
579008 486869
131868 519463
693876 276863
918936 358381
725249 831631
161895 40528
916111 994534
145036 508178
903254 610155
154201 35133
987109 821785
981618 90520
344360 128606
863908 182103
447465 733653
465335 359460
934943 345541
300643 501202
637420 611698
380985 135250
918795 761026
213061 803880
968374 305397
419330 830619
849236 386143
296134 474131
852594 628629
417688 76384
677377 469502
479317 594897
868546 252172
454030 966346
191267 20906
477793 847810
427289 141980
431978 397042
5858 594741
456940 27124
712106 94226
378468 440595
446148 223016
103870 896267
496913 275373
803303 238077
510529 358021
914662 379650
282658 658051
777452 984195
312510 650757
282018 993990
979577 790784
198872 67264
701245 873206
734476 218432
509931 515868
234390 948849
501387 572807
395746 344451
232974 903918
582626 560320
940287 334040
371862 205320
623632 410022
861810 380173
945413 580392
743710 449852
287565 129019
390268 782598
189170 89145
917949 648477
785819 932004
284271 571175
589763 523328
811758 840326
5614 650607
487558 710598
967798 969794
318176 68684
319598 378039
956231 363237
60036 947711
604735 462701
55087 29347
269534 456545
89541 440670
243873 25405
602129 147532
565879 870864
297464 748685
390347 927704
953187 947836
757507 821853
639046 167497
662285 541265
785946 977202
214348 383263
373296 386979
203495 830558
376767 762787
996176 566084
112254 541412
875619 574102
759027 563161
171812 122695
288848 452609
307936 502267
329430 505428
135929 288817
590010 978340
66621 283380
872157 663861
259874 878093
192376 634154
27174 430498
215608 496482
487071 843901
160198 908637
296288 21670
849485 135318
914662 542098
689752 655131
925087 554961
751055 151716
91450 495704
368079 20354
277280 454384
798501 806264
633985 425270
873962 874215
316283 631802
534077 18064
711780 77164
147530 373696
73451 741243
425891 212759
311640 662945
612439 421120
733622 405748
130505 718658
291988 437351
319925 35991
328823 321932
394313 974239
237476 382665
735745 195434
483791 35897
366219 103703
304909 847693
579344 487388
386752 443968
83171 757332
256030 295066
770047 809939
31408 226725
233217 527789
522271 624811
124988 536685
571007 547254
787173 584024
917549 359942
554577 990076
32237 947291
81293 949603
107218 311073
305137 360614
591458 51906
676608 884257
792742 770748
213104 811418
299189 736837
694948 476235
334737 214859
248216 523266
324948 324304
703064 579027
614458 613336
868888 937504
768683 137966
788290 565791
907441 337725
455832 976981
326877 798636
471243 358917
225869 833738
770469 762034
375961 977876
245032 914983
624275 202262
343401 458727
799793 156130
74140 165892
451239 47170
842822 827369
156155 860579
929395 751900
566062 114521
247910 678318
997877 610246
292193 439039
699947 417760
685536 229049
43288 664768
316060 797285
17536 974277
728367 697195
505327 229495
671058 935094
879338 669128
686842 919538
726969 128978
33947 261354
241208 34269
92307 944818
108976 982445
12725 703282
431054 190302
137490 830181
714976 920189
776793 743674
577010 258266
607814 357346
815711 960399
376291 101425
598546 11018
196607 802111
576775 573602
500900 1970
4089 197225
976340 624943
40548 615916
445956 470964
891077 168031
125791 992805
182316 744671
378426 4692
216762 358330
789370 485171
746924 265678
617686 858897
805624 416960
721713 460636
752688 428821
567138 836460
153878 67999
495346 571158
648441 496999
435935 266690
86499 422607
623151 635912
99837 939026
69780 663160
551878 344394
325956 893477
554442 67056
550892 4700
850975 80251
310367 323253
696719 94177
330803 806410
631311 636745
207812 595583
573923 953885
347501 165829
670736 414602
314244 21220
917464 27154
619467 998568
415062 857389
166152 514323
813748 772592
129984 740136
573412 180082
736600 335006
440498 952096
961363 190845
739237 606066
580833 290681
833797 42539
174686 821103
912187 690791
893520 705726
84400 660763
426445 998246
962230 518894
922857 218404
284266 912263
724271 180003
204552 397496
280621 113755
228446 44689
589358 378013
327916 754766
856248 515928
778521 611353
925758 213409
389610 652225
468106 500512
466801 991028
824886 570130
331440 101057
150873 415694
311189 595762
18653 105220
417246 1226
658323 936715
538460 246550
444190 75429
12875 490891
62418 276457
441525 551612
812494 105976
930672 57000
77438 419791
935123 443217
46761 884682
823804 954775
726593 10159
361915 263652
837484 296927
673637 931533
911326 291249
349181 872032
774861 482496
735282 517659
532192 463180
394247 336830
191941 694289
238454 691060
321982 14355
640623 346660
595342 253794
289536 782342
95440 503212
573078 440668
239338 453456
215784 896750
523938 721668
286152 659325
826101 524286
805846 477603
942199 178320
313929 461144
99398 727597
177754 297785
930179 356049
7173 955587
342838 618511
769645 60620
902752 546684
891713 918130
747914 107190
22570 486175
635804 511240
544854 385753
470937 680454
849420 799932
439932 442847
78264 80764
771565 855496
650267 984234
657446 871314
4776 504302
841427 696306
48881 447813
24022 125937
823895 608794
581265 496864
200353 926066
83756 432702
117067 588340
355620 229512
817755 650781
355627 573183
774748 25951
839906 500767
26769 67547
179999 242088
594117 890068
217043 489702
170857 909493
737504 919184
985897 452184
873521 293749
136046 430297
697937 331961
876399 755006
605342 150833
215935 695382
719464 458150
580710 809750
298602 240120
763615 379021
563952 583805
519390 712789
152944 617484
787218 388938
691842 497412
78418 40862
86760 451958
495867 578277
195912 600330
197195 39636
320822 771954
787376 545536
162021 31501
723135 565740
667086 895410
380028 774157
27905 367655
809078 257492
874069 851351
153186 164467
749816 327189
987498 375136
873630 979245
359128 963501
893174 767387
733792 404898
731282 593437
362422 861030
347160 247427
590019 766998
722034 379707
993426 657378
297504 48808
705765 971731
245326 207244
146576 905651
330196 13083
44663 797127
868149 579654
755782 238154
975041 249257
400793 375545
943134 380007
494806 865468
841254 207620
524016 180986
76778 388049
147629 634314
4571 73005
87045 555021
437730 613594
940620 361882
435612 179963
692769 598997
135995 678619
492826 360787
683379 995685
295342 424160
625740 442961
602794 873090
574130 150313
121527 31457
760965 392009
485476 467881
660891 409486
458396 299053
475550 256402
444823 806938
923146 982122
509774 686624
548452 25595
282327 844036
254237 432608
947642 579133
976985 654014
169823 202303
895510 158436
392747 35970
248434 561061
882175 112444
170557 658791
408324 819699
761078 542208
214888 424725
563044 271882
922037 13154
700279 58512
259874 348900
539232 179610
31058 105313
184838 27864
639392 872369
897445 993579
254529 531794
298647 498182
910101 456134
875915 919111
396328 174631
765426 992041
233110 760120
102700 955994
939300 907517
793584 62969
755667 632886
526695 254473
257066 298382
145790 48572
2575 630976
926759 506526
883439 906682
127839 697321
633264 138947
758932 719894
997256 158939
350389 770189
591292 951703
836761 971704
796925 399098
569204 327994
509704 950847
398348 557352
813830 565038
673307 774764
605264 467467
795277 280691
321177 390422
691429 976035
423866 629921
348152 614613
285779 158715
618492 611235
720146 350322
499436 887361
871718 443335
75121 970207
4442 40780
731205 623102
22401 944055
467640 19504
675995 493516
603892 558238
231149 159962
36447 544408
988661 86082
403875 904616
706648 543994
826364 712481
213963 697361
725806 750451
577970 4721
449079 872021
279042 865542
56882 26877
787832 753527
370992 896417
609519 101669
619431 923507
639768 514541
774859 367383
448103 260739
249747 336988
239630 182032
877883 708533
949474 589157
632910 412357
444673 188218
679827 746552
841457 392040
935274 598259
384128 267101
865697 776042
620361 71243
814923 225311
547306 617953
50932 993928
641239 236071
200363 196092
60225 685418
693216 423154
531843 346533
203924 698619
694545 736296
240817 936475
490471 741415
192812 215635
798709 385887
249237 649412
876285 312382
935866 21732
774311 863589
394577 178102
984403 194079
999371 961155
91424 613259
378644 251310
372555 594136
432358 59029
511268 270692
724766 556370
12939 958423
332617 31993
371254 363933
912160 335699
596588 823535
993163 525268
195328 282207
921463 408243
240355 309530
104778 456844
702611 470435
8413 260577
979329 32013
637956 789824
181295 44450
186768 7339
879282 601336
384173 586804
818256 389837
492043 159722
631004 590306
792643 383535
451171 791903
247210 489950
36846 452075
401868 50851
787302 726923
911296 49522
300923 779399
766001 156230
205690 182245
7927 515798
831743 798382
823660 366041
927277 229280
343256 479618
557052 97695
276485 237491
818903 471718
553715 396362
406640 479276
370203 118337
562073 205243
515837 748694
107052 307902
25516 445961
920868 680995
151960 150328
327276 798646
920649 664854
409549 727092
29186 931360
815706 449484
758826 713353
966825 463293
27165 800829
279639 253728
153533 961362
762833 474878
56069 634266
873555 968199
973960 527107
903849 891248
249195 503462
158020 981151
939137 726722
108839 107607
601808 524975
879125 50459
758218 346293
518288 364583
569826 678880
413653 659662
887871 773454
294590 612737
263631 310362
907126 995509
727054 719858
744207 315944
752274 721628
383671 568277
472848 499604
162284 146209
260321 46344
392886 17483
835270 909019
822865 832081
925366 807257
123729 706826
350915 331648
246378 132778
120017 264038
472706 886553
944172 106955
212506 257654
419972 166613
549821 328381
755912 119776
340226 61415
39677 995634
202752 7779
172750 686481
34761 571039
372104 950696
22927 536957
85468 444962
598273 671608
127461 510814
97231 711909
984106 17432
837049 728329
709041 251411
205243 170629
714980 127482
148595 975334
425984 360022
583235 242928
819134 785759
826628 834393
843979 921136
322456 740664
153843 98430
970405 717336
439067 747604
957679 490599
54167 563998
874547 376790
392610 328543
557807 263654
603228 476272
173298 853022
61282 389040
781546 169055
366211 170719
423451 607282
295626 738758
3004 632418
591853 558252
102296 403671
506257 922242
217061 215697
705385 188993
594372 749449
426947 566244
240507 86379
506589 764190
778662 438453
662033 204374
724350 365313
320172 13488
296036 370518
983027 975526
78436 130096
668128 121396
269084 594146
267858 944
409919 221704
559994 946827
960493 467382
411779 5863
952731 508438
624658 892376
433852 134443
290027 111600
754726 294735
371541 712741
488818 281566
536834 92600
24281 375088
548073 795812
895841 581712
425505 999351
831462 562628
159425 740704
498756 467761
601875 468267
827114 992198
558691 804079
466419 300349
791374 594600
874762 828996
351051 727281
956119 187189
548813 99335
645793 175935
884333 359093
203244 606525
581317 419887
520971 352492
592789 521420
960449 461194
457805 622431
482063 152212
173390 821086
487320 495084
656268 534439
710923 724920
791562 793847
451585 744163
677555 203018
715225 212834
510342 824542
503039 464041
825007 816998
680387 490316
689801 660480
531336 304110
450558 863609
389986 35119
48409 722700
929483 906143
330971 203293
185763 457576
517449 621415
620810 552990
714372 187260
792157 817027
616431 188757
418028 416296
586982 989393
654184 114925
276014 308069
876611 197457
14285 152722
765010 709335
891749 917931
84876 776207
122083 766385
263863 403237
840008 593734
907443 652675
366886 994322
64821 180617
344868 191634
748994 736279
535259 543347
463928 572067
759331 398226
830019 350360
594939 401744
216827 795773
249071 989728
283840 824316
453201 827109
848105 335132
874274 662897
94077 642299
646569 711170
437737 3546
73155 562083
260887 341003
301463 682894
943886 254351
885014 295108
927763 691707
335052 581584
763333 980454
117476 784968
780916 373272
31884 681289
42915 380405
532826 340348
385139 940956
437082 583433
521821 911645
539021 831239
614165 465443
176181 59874
453069 204543
304931 939960
73340 341473
592463 343077
655159 265127
770916 654528
335632 242800
373348 193292
192630 488825
565767 77561
478428 594491
141571 862973
172864 893965
424430 240674
420719 577510
243221 583120
584035 906120
488766 231528
995220 522251
387669 99303
584582 499252
91313 941480
398040 972359
905691 633500
494845 926122
765139 432629
765702 896491
92687 337583
104866 194747
950913 445036
689988 570838
751313 808250
45078 902334
737880 455409
620616 492215
42177 973371
692799 129775
734338 777969
336271 983274
354375 718744
452676 603964
194486 479172
13136 940404
411306 93821
267541 929228
426490 369101
894486 522002
800663 989574
943027 604363
969926 339549
862406 157461
655215 836199
154097 431781
442709 641876
169953 689852
963146 315131
630641 906684
395908 189914
614961 396037
218950 328006
398612 799505
399913 553568
443179 795381
739314 429496
109950 282078
84779 390411
142712 523216
303353 699176
7673 492625
534600 354668
908330 69452
839784 475878
410516 821447
488051 841105
565643 229252
498697 329620
599288 174152
679214 151814
982427 417900
132205 724310
601224 779712
134749 788521
598954 765566
891887 712331
273054 403182
556337 231928
593049 421800
749859 264365
400450 300209
741109 615112
483543 77082
711099 737653
449916 395324
491921 760239
933122 241364
63519 305760
43084 639326
607678 62561
902239 138047
268801 310550
711962 660983
577836 795939
781676 282629
313192 303586
568351 285383
313977 131423
422064 129267
162334 865475
11836 953283
928079 864941
941619 232536
699836 551709
663199 83358
373631 451700
141618 461744
370055 815799
651160 424280
702322 748414
430738 813379
383069 679016
321650 926044
401486 286565
38249 344962
564774 863569
217216 555685
662645 365839
1261 108548
457032 530234
223707 746724
73357 396564
551363 298824
352115 423500
462188 657245
66968 415087
555833 268292
147829 367087
479048 404566
377875 354297
502774 761208
815969 269376
79283 656571
771164 603792
830893 804588
424573 238140
781979 474559
830160 891778
456100 322045
659694 599234
815128 443209
538931 855433
291644 221060
405301 466226
546593 463370
32144 911861
439787 201074
225287 183092
180015 522738
380597 855880
736296 672027
919277 633883
502372 280416
561337 971171
127824 824024
788143 383974
826900 980940
317405 500170
37416 389720
468184 581254
989509 639062
492967 335302
795740 80561
156067 965958
808799 509606
798111 680936
626527 484067
274927 294855
359253 169346
774486 749259
199639 191830
63626 156333
472282 248553
691124 32518
368663 721527
32655 447415
349511 217971
493389 817003
461200 29666
918607 656662
574657 679678
956042 786965
694137 591479
431829 881503
260999 655482
373597 935260
195386 662528
767921 57338
95119 185859
782984 568299
281732 193672
711156 125304
853644 601083
474654 287080
931310 334858
522014 381034
665833 18329
637511 10448
759246 265513
944988 458952
482916 479645
588594 781832
764322 358536
231963 80582
331499 761535
446972 933580
982567 170128
35454 59642
908591 184476
169906 385447
101813 357892
767859 257332
120472 20190
167167 603672
34470 297270
164696 913943
619663 203338
540990 400988
728988 529993
335353 391507
515789 158008
266878 247617
530112 108425
145930 683701
999744 933944
453571 107228
982890 895105
925057 436554
571638 725037
894941 357611
815919 945187
922283 157448
955397 475951
926900 978867
579642 403808
487823 15784
651803 504519
571306 310983
390202 589592
197053 21983
613899 561687
11908 140299
584274 130444
457438 206662
462606 141219
456661 409179
238519 231793
444238 632710
272586 455212
264149 577664
670488 180761
41589 442819
130217 171855
938004 963084
474925 882741
281836 802591
410143 313767
60579 281401
750014 503899
535739 835354
300395 22373
988121 945055
131076 676783
559981 734767
398569 600267
235632 473150
376018 997805
814726 552804
215046 430662
322138 317596
452334 140705
917295 840901
294375 534832
901725 866610
701415 884049
877383 688724
783414 998071
315762 197719
759893 616371
820820 949552
544088 911164
308264 837908
185453 652238
669722 297002
448073 133728
854413 312102
35492 326069
593777 728490
397515 845436
357248 98881
665054 978608
375215 465989
113325 615495
920221 526350
213055 329248
374842 992481
664212 178447
548671 311907
912725 581132
571574 82973
591607 420409
873811 301777
65568 568662
563579 359578
141886 412332
946334 224791
546642 58796
25122 172496
163689 163272
418236 154834
837604 130210
325317 838674
514731 407256
125492 111862
304977 633466
587097 367013
566507 63335
500438 115707
820628 605589
787406 483754
92781 590508
752824 718867
302673 383504
535043 882543
743883 501996
572853 157739
243132 654321
400400 690666
223220 629058
313604 87303
144137 907871
942958 130828
84345 302664
593038 397808
976439 524434
824459 507891
657387 966169
850990 440533
754821 528800
530647 237055
433200 53908
291018 702323
608009 316962
833667 304318
389807 195931
921582 345498
236893 253535
585306 384450
632300 691868
60258 61926
499182 824890
975939 559865
591924 236786
931556 434615
109770 779687
407154 526637
592708 889214
355502 647968
803235 17631
84190 370057
505938 808143
858937 478318
978738 688396
314049 238787
423738 72383
120701 658423
145529 712197
87715 325388
696606 315354
1570 549840
720201 731971
708180 62205
39775 187839
814961 416704
48341 769380
105747 647363
156733 298525
387155 787278
461536 85775
307257 194145
822028 991353
584026 545271
301655 33819
405159 78841
983770 975334
319015 667809
269055 92597
847470 252411
637327 449810
724531 678655
182242 90014
772371 808643
662130 392290
635475 511255
979420 591069
461662 663568
974230 707991
432893 179520
189538 322706
250482 816955
841596 251025
249697 847637
244561 954418
485915 130898
643296 388180
765885 407769
566297 21126
196816 764602
869076 524556
272422 448139
297282 18753
13457 48334
101981 744961
218078 382493
29972 578278
886927 610403
677402 556542
89857 941314
141540 865311
236100 481498
167038 319872
680623 566259
57105 727642
674299 174784
6520 565900
505912 542584
867309 630133
781250 524948
995157 140241
685966 709794
570717 575752
527448 965802
344170 465172
729484 207595
144755 195325
299882 107577
537185 789471
115452 649530
590989 846984
217656 514810
483063 255904
404326 359215
914841 393938
933444 491813
505576 277685
285692 335446
683559 801709
274022 417679
804501 307616
178806 692839
798730 792268
332826 711307
843700 401951
363563 169034
794741 650169
876058 901922
32200 322462
282737 24544
92926 12020
65020 601867
623377 434040
823814 915436
591656 992598
948081 507200
471977 307676
582555 149016
574094 256175
997571 940375
351346 953474
915424 434397
844521 708221
336472 315749
762676 370960
870186 986573
700380 618290
49922 601532
549601 753607
157275 276956
444636 294617
700672 326327
870690 625064
472673 307506
906921 971930
662066 993103
894161 767971
810681 374134
606004 227200
354663 65343
733989 887440
619372 25994
229843 895010
598003 221020
753132 237512
379997 78267
580789 89801
28556 834057
362172 802357
68157 219505
977641 68023
175678 948272
682322 402987
176150 134180
55805 506213
286494 33147
764253 291771
483743 418530
926692 93442
944671 901373
377138 457549
575697 557481
2442 495865
327030 890270
68177 821000
94492 682267
660901 234868
619380 343803
976631 789686
235012 941208
987742 746100
320976 222623
653221 309665
608407 570651
254676 344034
5630 720443
234746 730066
72746 405353
481475 144507
692521 302233
98794 592968
548023 752878
464436 743563
912841 997880
242786 509783
905360 592898
636499 977704
158817 507796
606489 582059
792991 302564
328415 214644
871338 892239
606430 882284
268220 983769
622052 712103
905989 991215
50975 655051
725530 507160
526974 882273
863365 369457
967890 102193
162410 377577
915380 70889
659227 216183
320935 241450
962671 538930
265641 106053
100675 459132
967724 585710
654934 605755
772253 873778
205111 183180
789151 150717
71177 579062
731489 81500
848256 843904
619944 261663
204764 643135
687139 66998
680847 263663
480095 276716
506411 409783
697053 101455
227087 224611
276645 740490
412363 308016
101570 254119
986570 992258
991868 330850
13205 132421
717767 169050
417704 88550
288641 200327
686427 737200
17197 218861
42482 675046
645468 879853
44848 276982
727254 780629
65293 342328
913923 953587
404792 677201
701046 513272
467158 67570
888780 360592
544944 2921
655453 299803
495387 565919
138597 38120
285808 484671
347884 917987
772393 647321
555150 705825
443882 972718
10418 517698
468910 383283
744973 975006
992585 749659
353982 580403
702120 743242
4719 69189
315751 971874
654163 342836
52323 647607
808325 711665
860490 484029
332735 707329
694576 17471
939505 426298
346190 560100
168127 763778
952033 908587
536007 81904
77055 889460
312759 842009
376871 586612
421955 500624
948572 895284
876647 490166
11091 322828
326577 37379
965364 766024
928715 796487
386466 789928
651098 261596
782042 314953
584917 212510
160210 251568
531753 682785
529817 997469
189838 34288
682943 859406
101175 83321
575172 256148
589603 718458
247865 369130
936640 950797
682547 188471
737979 331882
778860 297124
6900 360474
807187 955529
137297 105167
660888 16883
760620 801420
110855 560529
888651 682001
945185 809035
134652 137891
433935 844653
619272 651199
479081 662464
875174 869443
719197 158127
836580 257948
300063 714138
521190 805053
708850 179210
356106 585816
582688 455711
378605 119994
487435 483268
260744 244617
640900 144972
944081 34319
612532 703665
595234 474896
781409 331708
41918 359919
57492 431886
547581 556650
945403 16507
219868 25892
46195 884483
303527 75567
915410 518544
689700 717595
684815 608411
537492 280752
161713 251495
974260 547520
162029 405240
879156 489356
799015 169632
375683 929010
455218 646320
398542 909272
474076 94290
197670 300089
807690 953771
430811 881656
497326 497962
594139 578930
883318 130359
946076 796270
71506 475709
534196 865826
964688 291736
112452 59203
222970 204887
977141 213743
782357 799897
684642 373132
841402 290077
702634 174889
746988 393594
351366 343846
538429 512831
47037 875250
635537 514458
394198 618469
65432 235243
876625 336778
371534 803543
626760 642260
60497 657774
581659 977400
976223 355838
183321 37846
969353 669529
459902 410470
685503 243321
391937 121183
574541 867517
463781 743244
209256 136126
339400 682501
931979 185910
106925 331754
998691 942881
579118 252626
552124 131444
739521 596384
126568 88309
390381 112313
765117 147734
753398 691964
92679 245812
332592 552665
761587 42092
81185 261308
19367 216346
456934 857018
652422 868349
183367 204770
341689 607464
69842 761283
836039 379871
171780 254828
239617 824932
443139 344053
230354 497077
544671 282406
329879 18612
78923 150645
672303 649370
765276 799361
699529 834583
409503 998394
726230 917732
416368 38013
821300 109027
417531 515258
689414 288447
647580 112305
480566 593732
954014 275634
605 555910
411952 745535
95355 108170
518603 394416
97705 998393
878697 268545
455266 528256
870853 407060
334742 78865
255894 112926
560490 104445
206048 575556
314642 847232
379790 911422
124540 786286
527021 167872
359510 213715
387223 179525
57687 456363
144016 607954
129850 891719
303433 728281
607045 702646
104923 896019
581084 103864
889511 797064
571301 494979
965755 390362
980144 965171
875263 580531
678822 844316
727931 269715
271598 378702
909790 779143
350325 547935
999778 867999
737364 397245
251817 522599
368610 181718
712690 999531
430678 124351
319785 999437
351212 710117
280296 54192
868002 898106
187166 430305
155353 637626
399048 380694
156770 172461
345218 411934
798743 450625
392404 399541
694964 934728
395766 495163
50271 44160
314142 389671
401179 333906
192656 802011
236179 308837
859182 962261
357140 794088
519505 690845
717868 963567
410354 962165
77768 243607
151212 45622
677928 832599
9396 826039
996694 114161
952637 980463
601175 68814
391595 116449
790243 118997
267082 31705
897873 844284
45921 273378
265465 808508
203443 315033
591681 646411
490469 562473
905994 268998
216262 418611
117641 954772
924262 501900
536164 114559
661936 671876
810044 262637
758358 906333
512714 960229
911339 676496
168777 573684
915257 300114
731782 564514
265875 359939
180619 123287
774379 570807
620231 694238
370394 342170
39070 441672
173512 864215
569442 467629
778585 585198
994667 762678
189815 584967
613685 985363
834318 501034
481385 34516
725953 707744
761332 576530
508847 51673
386507 811257
899711 536799
979059 957254
245087 285954
280527 435844
110185 186031
94084 751189
577680 261295
682386 90188
663599 663525
535045 45215
114470 526555
240963 699781
667699 530782
619999 451700
946989 534651
108764 740422
848513 748328
341080 93345
122893 596484
662826 84439
315862 770819
386271 45502
993442 719948
857841 646608
763328 511530
586574 402198
569032 265767
427613 675429
805377 420547
172088 202506
904169 26660
211875 25944
292387 420841
707988 605231
232879 323297
742893 798095
220898 353072
664966 843988
412097 386817
695286 692954
700568 664391
30889 951249
316149 623640
216165 153972
879387 18613
816267 114744
767639 207200
220936 112392
756728 152368
261970 747037
494680 742041
633798 796089
492636 440606
122494 532264
196063 615172
670761 180459
5118 852614
755216 543992
589026 987005
703412 304201
803155 777127
448153 926987
508972 687024
31722 554236
855861 608711
321830 392283
934697 382309
164922 838195
660327 785071
850304 234066
471006 848918
866009 477561
182056 650387
156082 636858
267879 20677
128095 399913
328295 863193
551360 699461
292390 119907
920734 179505
988312 900026
890594 629223
179276 957574
983851 265995
16915 658988
720586 50635
10512 812621
110640 272920
602053 731902
240564 62895
621831 377854
58926 545833
804156 547904
898839 440490
339968 614935
29268 70062
886500 24753
815139 946862
604945 540071
336400 643886
823864 833924
428081 68784
639756 622443
366157 809797
833184 396390
843735 44310
399057 390620
487938 686616
120536 952293
109595 617886
854733 803017
739820 727407
676073 962158
251537 569355
550113 337476
2507 390227
164104 697162
268247 118973
993067 134237
694906 619139
469819 859903
837255 557537
627668 912535
615220 520060
729293 614866
501884 404948
974125 591987
842000 241745
300250 80963
361276 306372
815025 560799
220042 565149
779883 456352
85809 463369
937373 383653
80331 726980
957279 472707
382064 183714
390212 340705
428007 603491
439564 579091
264371 213309
250329 450186
115511 240732
47393 754269
642124 832697
670853 114812
901576 509241
740798 708522
358535 946893
485423 175174
754938 37257
99855 985311
65074 961018
100150 195594
558020 657722
2298 594382
855789 324735
579524 465681
551272 145544
681287 667184
592604 990791
132543 980773
606215 507465
463699 855447
592456 759308
889760 470864
39939 226
204296 81755
481672 845187
8233 855011
56733 894195
87895 85256
19050 218230
301316 105189
18864 948056
518169 755273
931048 895244
983330 150159
705220 254490
29402 916747
350133 890272
102493 908646
543926 571677
523543 158021
769706 689324
298821 682098
448913 353429
700990 979731
364337 106820
965297 99444
256048 187144
862240 785600
267125 12743
702480 740610
967455 493374
159334 946795
121663 871724
365597 402236
115646 855011
82024 210825
107393 835928
430485 355513
760208 547529
233027 495477
804081 10545
800705 878674
910562 841386
119448 74283
428595 841175
10314 614697
241007 728135
32831 381943
402395 442356
480247 196115
740672 239134
512660 522678
91867 122155
462527 541121
329483 801429
829893 846058
393648 454126
9308 801160
937028 77264
300005 159506
202467 119003
396907 52649
280924 3212
275996 544624
270041 463153
576363 243899
355654 915509
877598 11765
680775 54972
574943 846712
505140 810277
642405 763735
572621 975934
918517 865094
269953 926859
495458 351365
932259 7541
971831 921830
482186 908701
266799 857467
278661 283534
825895 888047
803817 957930
759507 293588
47649 411789
407987 177173
309839 876211
203434 786609
918430 67503
173414 986981
893185 999483
629273 655919
827656 535943
577897 757719
555764 347991
999947 380395
704256 500137
526134 214270
951877 57671
142779 675183
210687 917841
719183 840192
845076 550811
513809 387986
551593 760918
57493 787635
851453 52855
795729 481757
568984 456620
200343 840160
621096 314285
723299 34807
203696 100788
534102 856174
196580 180201
333464 753930
481511 92080
302099 212694
847732 1046
953141 870328
52563 7768
655238 879511
981670 363472
63336 73962
27459 483312
396441 331582
69524 887962
718612 778443
897906 859800
590541 86095
297383 962433
316857 279604
487589 48586
421290 289073
593035 896334
562824 873412
928889 723281
579162 38272
144721 188721
988031 88422
653057 640215
559640 526277
672046 52790
362032 394729
352523 996689
719047 489674
457457 164079
495920 145387
347046 728758
889010 880364
476655 43007
109115 659395
356869 121055
978930 983935
157625 538261
997288 990965
867188 846262
794881 814287
590656 101197
380843 858271
229851 487480
990754 468446
315657 859904
933005 779756
469189 243704
408776 722959
377487 728367
533337 469508
307162 323598
745759 97284
112824 695112
519640 570013
879899 83213
31956 705417
869051 314471
332268 533879
796405 785138
280388 293213
518624 551437
872942 594989
278904 618236
898593 68683
545125 990905
929839 702352
644573 696422
605600 191084
261329 359692
172778 710398
893296 940552
421233 856384
548327 660762
401560 208132
950481 665467
529738 328840
212248 708057
85767 162347
88897 433968
255359 194418
200800 712547
620991 453890
678905 112278
987662 630631
678015 159218
323677 586782
187471 573107
636948 497854
637113 639409
948921 786871
984038 856847
516117 56580
990698 369160
716645 672838
51091 69903
701127 725731
688893 774070
371069 738377
766757 145520
853365 506055
310450 957644
330321 297819
122153 23734
866937 544205
249649 412199
226992 47158
436208 144197
728593 577585
339953 500303
515383 21065
204033 135614
166318 524474
267759 997090
173928 16377
2412 379911
450968 943846
393527 167968
155898 401970
923063 71843
922322 634542
673583 510368
973724 345102
333779 995851
319398 925109
648216 258246
171540 269930
956786 194760
139789 137422
6016 669411
296180 893968
416712 829240
587440 430935
484249 360206
315297 887367
508632 418568
405723 165410
223897 217072
829264 584959
957749 790167
638645 412488
656525 671604
183646 596999
285046 298095
905720 533262
640256 263371
487516 437931
691110 994544
426541 153194
977629 336652
430647 70363
183724 221505
964102 150656
205011 930525
748983 93795
828185 178383
261723 517521
91780 58986
859860 691172
563898 66564
789951 106949
534519 673861
38525 146654
298124 888527
773383 495094
593481 670574
532541 405937
54828 969651
948438 589686
93299 345756
330226 36065
155149 997702
350251 669630
471107 687579
673290 496504
308135 740930
254911 307473
12754 758898
550506 797330
717355 22440
676789 48172
580889 108860
19418 954402
256387 852294
213327 70304
535988 734474
554832 448523
405162 66996
455842 343085
714521 496168
647640 133721
587015 61149
218892 609259
367211 373450
259934 939982
934450 526584
696186 877604
885495 612004
126793 954395
247302 599787
685979 244964
793580 56167
849573 974341
949865 564151
660874 254737
256742 580188
763263 695433
643061 234819
927571 683188
163500 266866
809312 154773
263283 775316
505519 486825
103800 942191
694260 562625
241982 234139
452125 79008
914203 59930
208647 392623
74234 238347
759246 146918
172504 841189
161733 991189
751545 747122
452615 577345
199014 535566
214896 741877
901827 79032
914571 314421
405917 40196
713940 427268
330917 456865
603609 675375
553031 993227
65554 253318
158977 347342
569817 647735
795218 327826
117573 795625
856113 932908
351302 634239
201883 420356
354784 675265
956397 374385
91179 106039
965617 61109
468765 686341
67711 214861
960244 869951
771467 266632
632548 263529
483075 395348
834990 720129
988003 596724
315197 722803
993786 220315
454832 268953
839591 514809
718430 336832
942054 832472
872440 531094
520978 847756
86963 205525
987543 834113
706079 644444
75104 333751
731509 182591
745784 982442
314834 729772
294332 678656
404166 342087
459519 364588
903287 697199
814798 7266
94022 190079
187573 949389
251978 96388
992337 970149
565289 208131
729593 782306
452771 640687
251410 625334
617836 832651
849200 318714
26698 957839
17910 260831
698665 817247
685643 398220
381817 124001
830899 590541
811046 249558
57762 609805
346901 439489
11517 314266
708604 628327
146723 568825
782108 334879
686143 354328
15791 963644
605127 51054
745091 820018
851805 76266
775218 22754
737299 659723
734608 41376
769714 674331
747150 173482
872236 750818
411572 282167
408607 186
4514 341490
191988 760800
299628 273194
591451 454724
478851 637428
991055 414462
324184 881760
541158 102990
698691 80482
413148 117490
405879 285704
124681 838024
588915 120408
58599 806346
92927 671781
587468 19878
445172 773103
938762 860262
182711 217074
498029 545476
221133 360510
441220 232629
745607 711892
663551 858026
877220 447483
16455 40956
496325 126770
734578 413975
195267 738621
891710 807968
601305 135157
401955 67712
675824 263261
125808 693350
226996 623598
837015 274138
385308 582984
859554 284536
139115 147467
841114 643293
681171 654221
240594 466523
647938 261965
91447 921621
542347 812300
65043 163950
893413 887802
390743 509579
675461 322994
508616 729762
170638 837035
462516 610649
551609 321451
650494 532209
527727 460963
84719 830351
478126 549386
75566 554875
817649 616992
745539 407913
790780 117952
721836 99784
219736 861606
28561 959303
367636 8662
296105 131816
380925 919843
238635 460402
878940 146514
305193 541147
377723 575944
19698 605817
868034 583826
272360 91806
309857 727796
36419 576111
544889 49757
413250 113078
794255 436613
167864 308747
97050 358323
552658 669721
214865 397756
371497 719008
299842 697917
964010 976696
242358 948653
430545 97702
239001 473007
802481 818613
655805 83678
732593 172430
288175 57527
282835 486293
617692 161276
730419 296910
719295 638393
116313 531014
358921 526358
235161 125767
348616 448930
702536 593440
904336 199251
465934 568395
855273 812880
166908 403054
982750 241858
389760 754948
409913 240306
957473 956538
459866 558638
233809 551322
814461 462367
684918 344984
219575 115060
508421 595210
27696 517940
701883 64870
558306 943354
88393 934123
304989 847450
903113 232659
77069 660378
26362 315729
48882 340688
299952 554397
711792 478826
694090 677227
483989 43396
930213 69563
557433 569020
688692 72469
929727 70843
380141 382905
365121 143256
364915 670948
667880 56577
587784 331497
149439 860769
748466 546944
78351 468565
714474 454753
240582 741868
708286 751403
299830 662676
78629 610764
223432 121715
18740 108863
732981 603295
439758 519328
31646 984391
910450 18543
270213 27975
581678 672893
674390 435620
927414 11443
174376 926363
230965 845671
888915 860859
344131 166235
613387 400198
857333 620926
259175 249799
933244 765852
968758 311280
873676 333909
762435 873303
155066 568301
238808 731292
817316 344780
741371 402028
149814 246824
116337 1355
514881 484130
698631 139496
52192 829283
609584 155891
189307 156528
222310 87638
994888 609801
949135 371948
671865 940726
155653 49488
575649 322241
264938 315329
429106 469771
168121 581795
568296 411703
837422 905430
497523 160317
978683 401228
876673 838021
462913 352963
953524 597425
425406 777702
917742 777438
508628 466866
283324 625683
935800 584020
682992 270894
996522 308943
757613 477065
98707 806403
474420 957738
752317 109518
728898 438749
906079 714274
596755 984772
259307 22517
464527 239952
187376 616279
19478 379951
338889 995742
865540 170655
572905 631764
692005 902793
228073 316926
254208 671356
48213 565896
770343 513796
449561 513500
866867 856098
594592 597608
150222 700987
329096 890462
392297 519266
12161 57747
652354 644050
755677 471072
723971 653406
287243 201544
645475 874887
716395 138678
831254 350174
772107 540199
221356 240394
481054 194734
353573 203182
473091 280305
300268 222463
830181 843142
730510 199432
752462 217631
303899 613548
601473 219779
429303 512475
663873 516508
427681 228915
410853 838737
811858 897464
460623 405323
563186 491866
307019 856198
683200 246716
84220 986826
911944 377730
637167 290849
355268 155069
580765 811418
856593 458669
212261 696429
922262 546115
943948 586272
147868 574262
946783 59606
673117 193130
334592 620015
522419 845798
440569 890853
302807 269592
494565 40162
306067 52007
263585 114700
841498 491728
897946 857676
24204 547132
49771 362843
190481 56936
854998 420655
653562 102677
748223 279434
694665 266225
102939 946689
195151 860583
592740 488461
721416 6515
778575 587279
493945 495612
315609 609244
275498 383538
4749 32490
211454 476277
225963 760339
312530 380247
119984 869476
537388 684
399389 306879
698441 298253
317770 589099
651412 353240
821670 759594
273835 853017
842939 947529
235164 621173
919431 241235
584236 635096
856258 181026
703620 705640
221097 960788
635353 646053
227641 989789
811542 481953
76237 994181
267559 689569
746960 277329
537899 73563
124775 60485
612614 951907
412365 246931
215841 839147
463607 691229
864039 740214
42920 578547
477358 163768
904872 509869
566921 318430
758309 236003
828068 820042
677718 544914
646412 753454
625047 859668
592984 69065
504979 815026
338746 884125
840867 843093
541133 785967
252547 390875
116606 443521
857660 975366
929473 278621
974099 92624
93338 915233
308941 401937
915635 273358
813342 885417
771799 711918
432651 97779
399424 731579
696460 63611
315120 916119
464225 98410
104414 398904
993109 556989
901553 534062
563984 688658
47918 835176
392056 408163
916358 494910
673986 424834
431754 834801
769261 383560
678245 341968
891855 246141
271151 147507
444274 149068
727231 96481
461321 386040
955503 218992
757235 206750
609618 197839
41308 233603
716134 674592
517106 424158
956471 262430
124750 670996
641195 990162
6047 607683
829350 159917
880281 966815
717344 415053
834344 563732
884027 497990
407661 978135
914178 342359
677054 108899
728865 170824
796388 507200
191713 32078
653431 529724
470940 794894
107962 692370
960386 752587
358353 510447
642283 231594
5889 504626
226756 922608
375765 222929
414383 648222
760672 336599
81276 755608
199541 27907
453927 48318
839964 99684
182182 392726
676325 619775
722630 437016
415223 272124
226383 977906
748088 837301
532588 579333
142740 886609
983391 515277
983013 500720
632750 679627
934672 955495
95907 929093
862648 708744
643754 282138
342656 613307
273487 391273
182633 137596
706227 560617
587487 847516
191461 678866
131111 238133
314715 811929
214318 348740
99351 577683
374522 994166
242200 769981
393117 979906
634594 872332
902396 564987
571781 838659
645274 23004
944916 908957
502864 539118
524676 943360
262297 846914
955338 576666
290163 268927
813167 229793
506019 129580
625645 322326
456932 164655
615827 207361
823482 624083
106392 102007
825670 792145
472444 802507
523952 262779
546089 911158
557908 274212
858235 499574
650437 808103
88406 708044
962668 19727
256288 365079
966080 30695
283040 648407
755559 773097
391099 751614
547073 75242
868187 162759
398794 32470
777925 137661
650506 49480
676195 840926
881527 812924
287906 31607
524444 790122
162611 867554
921183 636563
858927 170089
585301 511423
95440 829013
77089 596614
556004 269388
868541 712833
633538 557478
683113 75745
608272 12524
960081 927528
47669 667567
81098 196486
10975 629501
901883 510617
463461 464910
665494 581758
197230 865042
77202 68482
578746 463747
649222 246642
568293 788395
985890 758434
971864 111517
288583 460231
475488 753658
649143 365823
506605 520969
917588 646772
450494 945303
383470 942116
395146 393659
929741 779530
359484 4646
777072 260737
745938 997596
401389 696653
339501 340960
274422 244062
306156 826554
657478 341771
297286 877854
927000 837447
33066 79831
799180 229756
821655 721412
642502 380586
806278 354123
214122 857447
541041 979484
471828 790146
814970 820816
411533 816713
895664 441512
954130 272780
479769 296282
972478 283851
855384 416148
932971 698152
789384 532528
13956 613174
388327 388829
329103 765626
449018 951489
226256 643220
279403 178426
26200 280983
108711 631901
299574 806268
626365 221839
245655 730444
730614 486439
980531 117761
995951 210893
19297 705716
146947 461550
793947 584276
818159 407718
109460 68296
967157 230170
904515 49710
144930 656045
983240 839540
855070 204056
442103 559705
606344 265045
488175 886402
724711 328519
246782 332300
831034 798769
182605 127555
759180 487540
433160 208521
787354 609533
211804 339891
462914 791471
651557 389918
553774 73469
217771 154882
558827 735193
288121 160400
957701 20284
49966 242595
875201 225605
340354 685911
413539 696597
170719 542010
902620 102798
898105 799885
921539 571458
316413 681153
100543 59697
545920 431857
527351 867668
621085 744109
52365 456826
256382 871079
301431 633074
419761 971557
10113 728406
728165 780590
771658 741599
73913 233780
930069 562586
21924 850021
63445 177411
618643 207063
571040 48955
994017 995153
58777 200400
597024 511277
450709 574803
681687 40509
87526 214844
891615 264562
410294 668593
429566 898466
309451 994009
178565 159905
457570 189771
294513 945801
280331 242001
660446 765448
709768 230655
458822 496797
351258 110581
298630 722021
942217 840313
656828 435118
137661 472017
267039 419616
541739 178608
168625 694357
326371 845373
189900 514241
114326 990855
921662 317712
749619 926892
703808 67222
199074 312562
678534 487745
244593 213194
54398 122910
378994 83733
189595 115622
551128 577592
550536 611739
368167 854324
799687 199448
954848 673450
50491 754474
276316 785508
713302 164086
203176 830235
643198 127514
611969 588656
503848 250093
45691 708005
476576 141940
536576 894038
194095 861821
415098 971530
936905 743478
800890 241020
763630 204688
593858 893933
561754 851858
785338 118765
861445 163682
75821 131954
237346 283656
640418 438170
570612 147516
581019 969421
636830 119158
563952 139058
573913 455060
451267 498804
371087 579723
427480 821433
305292 839630
760549 254441
776990 661191
717489 592923
731121 21612
165753 446992
557238 715728
387519 16061
520161 247539
982855 841342
395087 598902
183464 506042
724801 503962
393868 923853
212695 337469
872912 551988
541450 403844
349483 71025
100978 703967
285851 731732
529022 529477
328042 108074
383280 847166
122757 243602
892193 718643
569629 231400
283516 455555
720103 659213
176563 449423
933262 515274
910141 368158
931458 423996
164680 590240
23484 438502
993397 22826
123257 304649
35816 898062
179622 895615
813105 46302
354018 34215
129748 394593
296594 719583
308983 603975
251420 918825
589602 566649
270412 964340
580555 525480
157170 159483
643889 637617
385776 943739
778183 333854
974051 406696
576958 2306
622934 653805
405039 792762
584652 137055
354815 94185
721886 717526
51143 287785
329300 591695
831459 954285
283642 321657
510290 791990
263215 944505
74713 143659
49247 411316
