83 26 24 52 6 10 0 81 57 58 
98 37 53 9 43 67 96 59 99 62 
50 18 85 32 60 17 97 27 95 87 
29 47 72 90 1 34 84 14 2 20 
11 94 66 71 69 28 39 63 49 86 
68 48 38 7 13 70 77 73 3 22 
51 33 35 40 80 5 45 64 19 25 
65 12 36 8 21 76 46 91 55 79 
44 41 54 4 16 23 75 82 74 88 
89 30 78 15 56 92 93 61 42 31 
80 60 89 33 84 46 39 97 65 47 
23 35 56 53 92 54 93 27 25 37 
2 21 50 20 91 22 10 76 62 99 
85 71 1 31 28 77 42 90 29 43 
57 6 81 61 75 49 8 94 9 15 
51 30 67 16 44 41 64 5 68 69 
70 72 3 12 88 38 52 13 63 4 
34 78 83 14 73 82 19 95 40 32 
0 58 24 96 59 17 55 36 48 45 
18 7 26 79 11 98 87 86 66 74 
69 14 54 10 78 75 87 68 88 60 
67 85 25 34 21 36 31 74 30 64 
8 13 45 94 57 20 35 28 61 83 
16 95 39 98 43 70 40 7 73 50 
6 18 17 91 49 3 58 56 76 15 
1 51 55 38 41 84 44 92 86 72 
66 12 4 80 99 46 9 0 63 2 
47 42 97 82 59 22 29 96 37 27 
23 79 24 89 48 81 26 53 62 52 
5 65 93 90 71 11 33 19 77 32 
18 23 10 95 47 94 48 3 27 26 
15 91 89 46 74 98 53 66 63 84 
44 80 69 45 17 87 35 86 68 38 
28 40 64 67 70 39 14 85 42 8 
2 61 88 96 11 21 36 72 29 13 
1 92 7 65 54 9 19 82 51 75 
99 34 5 79 77 50 25 71 58 12 
20 41 52 97 24 83 32 33 59 60 
22 62 37 16 93 76 57 30 0 4 
49 6 31 55 90 81 78 56 73 43 
10 98 79 81 0 25 51 24 47 7 
67 27 40 82 21 36 73 74 53 64 
6 18 17 2 49 3 93 56 76 15 
8 13 45 94 57 20 35 28 61 83 
70 62 68 22 89 60 11 32 80 42 
66 87 48 46 43 54 9 16 63 50 
1 5 55 38 90 37 71 72 26 33 
12 95 4 59 41 84 44 92 86 23 
78 65 75 91 29 39 58 19 97 96 
88 85 14 34 69 77 31 99 30 52 
85 71 83 14 88 41 42 90 29 4 
70 72 3 12 28 77 52 13 63 43 
2 21 24 20 59 82 10 76 48 99 
51 30 67 16 73 98 87 86 40 32 
34 78 1 31 44 38 64 5 68 47 
23 35 56 53 92 54 93 27 25 37 
80 60 89 33 84 46 39 97 65 69 
0 58 50 96 91 22 55 36 62 45 
57 6 81 61 75 49 8 94 9 15 
18 7 26 79 11 17 19 95 66 74 
15 91 89 46 90 98 53 66 63 84 
49 6 31 55 74 81 78 56 73 12 
18 23 10 95 47 94 48 3 27 26 
99 92 7 65 24 9 19 33 59 75 
1 34 5 79 77 50 25 71 58 43 
28 62 37 16 11 76 36 85 0 8 
44 80 69 45 17 87 35 86 68 38 
2 61 88 67 70 39 14 72 29 13 
22 40 64 96 93 21 57 30 42 4 
20 41 52 97 54 83 32 82 51 60 
34 78 1 31 44 38 64 5 68 47 
85 71 83 14 88 41 42 90 29 4 
57 72 81 12 75 77 52 13 63 43 
2 21 24 20 59 82 10 76 48 99 
51 30 67 16 73 98 87 86 40 32 
70 6 3 61 28 49 8 94 9 15 
23 35 56 53 92 54 93 27 25 37 
80 60 89 33 84 46 39 97 65 69 
18 7 26 79 11 17 19 95 66 74 
0 58 50 96 91 22 55 36 62 45 
10 98 79 81 0 25 51 24 47 7 
67 85 40 82 21 36 73 74 53 64 
8 87 48 94 57 20 35 16 63 50 
66 13 45 46 43 54 9 28 61 83 
78 62 68 22 69 77 31 32 30 42 
6 18 17 2 49 3 93 56 76 15 
88 27 14 34 89 60 11 99 97 52 
12 65 75 91 29 84 44 19 86 96 
70 95 4 59 41 39 58 92 80 23 
1 5 55 38 90 37 71 72 26 33 
14 87 39 38 77 95 10 27 0 45 
85 90 59 9 88 43 83 21 28 54 
23 15 73 30 35 1 96 2 18 13 
98 51 80 78 42 67 44 55 72 25 
89 48 24 82 22 3 63 84 97 53 
99 61 94 33 81 6 40 91 64 50 
16 58 47 65 49 79 5 29 19 75 
60 86 11 7 41 66 34 68 57 32 
36 62 46 93 76 17 71 69 74 31 
92 8 52 20 56 70 4 37 26 12 
10 98 79 81 0 25 51 24 47 7 
67 85 40 82 21 36 73 74 53 64 
8 87 48 94 57 20 35 16 63 50 
66 13 45 46 90 54 9 72 61 83 
78 62 68 22 69 77 31 32 30 42 
6 18 17 2 49 3 93 56 76 15 
88 27 14 34 89 60 11 99 97 52 
12 65 75 91 29 84 44 19 86 96 
70 95 4 59 41 39 58 92 80 23 
1 5 55 38 43 37 71 28 26 33 
60 80 94 5 95 61 92 27 68 34 
83 91 55 89 56 30 77 10 46 66 
31 69 98 65 14 21 15 1 36 64 
76 82 44 51 71 88 38 39 49 33 
50 26 81 22 41 84 40 4 19 43 
87 0 18 99 7 78 96 23 20 57 
63 62 28 86 47 53 75 3 35 24 
11 73 37 12 8 9 29 32 58 52 
42 54 90 59 93 17 79 85 97 74 
45 72 6 70 67 2 13 25 48 16 
1 98 55 38 0 25 71 28 47 7 
67 85 40 82 21 36 73 74 53 64 
66 13 45 46 90 54 9 72 61 83 
8 87 48 94 57 20 35 16 63 50 
10 5 79 81 41 39 51 24 26 33 
78 62 68 22 69 77 31 32 30 42 
6 18 17 2 49 3 93 56 76 15 
88 27 14 34 89 60 11 99 97 52 
12 65 75 91 29 84 44 19 86 96 
70 95 4 59 43 37 58 92 80 23 
67 51 24 82 41 84 26 96 86 60 
1 79 25 89 48 70 31 74 73 64 
6 18 93 38 49 3 58 19 37 27 
8 13 45 94 57 20 29 28 61 83 
5 12 39 90 43 81 33 0 63 52 
23 85 54 10 99 46 35 53 30 50 
69 14 55 98 78 75 87 68 88 72 
47 42 17 91 21 22 9 56 76 15 
66 65 97 80 59 11 44 92 77 2 
16 95 4 34 71 36 40 7 62 32 
73 83 63 18 78 23 37 69 57 20 
74 97 87 5 68 28 94 25 76 53 
88 70 61 99 16 8 82 17 40 67 
42 89 65 50 22 15 55 54 35 91 
52 13 33 71 93 39 34 98 79 27 
36 84 75 11 4 64 90 43 48 41 
86 47 85 29 19 59 12 58 38 32 
45 3 26 31 10 49 9 24 81 62 
7 30 80 92 96 95 44 0 2 6 
14 21 1 51 72 66 46 77 60 56 
67 51 24 82 41 84 26 96 86 60 
1 79 25 89 48 70 31 74 73 64 
23 85 54 10 99 46 35 53 30 50 
66 14 93 38 49 3 58 19 37 27 
8 13 45 94 57 20 29 28 61 83 
5 12 39 90 43 81 33 0 63 52 
69 65 55 98 78 75 44 92 77 72 
16 95 4 34 71 36 40 7 62 32 
47 42 17 91 21 22 9 56 76 15 
6 18 97 80 59 11 87 68 88 2 
34 96 41 99 75 39 84 58 63 7 
10 98 40 81 0 25 51 24 47 50 
14 77 97 82 21 36 52 74 53 64 
6 5 17 88 49 3 93 56 76 15 
85 86 45 46 91 19 9 28 61 83 
1 87 48 94 90 20 11 16 69 29 
8 27 68 22 57 60 35 32 26 42 
66 13 55 31 89 54 4 30 44 12 
70 18 79 38 43 37 71 95 80 33 
67 62 59 2 92 65 73 72 78 23 
52 13 33 71 93 39 34 98 79 27 
73 83 63 18 78 23 37 69 57 20 
14 70 61 51 72 66 46 17 60 67 
74 97 87 5 68 28 94 25 76 53 
88 21 85 29 16 59 82 58 38 56 
36 3 26 31 4 49 90 43 81 62 
42 30 65 50 96 15 44 0 2 91 
86 47 1 99 19 8 12 77 40 32 
7 89 80 92 22 95 55 54 35 6 
45 84 75 11 10 64 9 24 48 41 
14 89 99 31 46 76 39 90 85 29 
23 35 86 63 92 65 75 20 33 69 
61 78 42 45 57 4 0 5 7 96 
18 64 74 13 11 54 9 37 91 72 
41 68 43 48 40 80 8 27 22 66 
44 30 59 51 84 55 87 36 67 34 
1 53 26 58 79 95 19 97 56 38 
24 52 98 88 81 21 93 16 82 12 
70 6 3 47 28 49 17 94 60 15 
73 10 32 83 50 25 77 71 2 62 
57 72 81 12 28 49 52 76 25 43 
80 60 24 31 11 17 42 27 68 47 
34 58 3 53 44 38 93 90 66 4 
51 71 83 14 88 98 87 86 29 32 
23 6 1 33 92 54 19 95 9 37 
0 35 50 96 91 46 39 94 62 15 
2 21 89 20 59 82 10 13 63 99 
18 78 67 16 73 22 8 36 40 45 
70 7 56 61 75 77 64 5 65 69 
85 30 26 79 84 41 55 97 48 74 
88 5 79 34 41 60 11 24 97 33 
6 18 55 82 0 25 71 74 47 7 
1 98 40 38 21 36 58 16 53 64 
78 87 68 22 69 77 31 32 86 42 
67 95 4 81 43 37 73 92 80 23 
12 62 48 94 57 20 35 28 63 50 
66 13 17 2 49 54 93 72 61 83 
10 27 14 59 89 39 51 99 26 52 
70 85 45 46 90 3 9 56 76 15 
8 65 75 91 29 84 44 19 30 96 
57 72 81 12 28 49 52 76 25 43 
80 60 24 31 11 17 42 27 68 47 
34 58 3 53 44 38 93 90 66 4 
85 71 83 14 88 98 87 86 29 32 
23 6 1 33 92 54 19 95 9 37 
0 35 50 96 91 46 39 94 62 15 
2 21 89 20 59 82 10 13 63 99 
18 78 67 16 73 22 8 36 40 45 
70 7 56 61 75 77 64 5 65 69 
51 30 26 79 84 41 55 97 48 74 
42 30 61 5 68 66 90 17 76 32 
36 70 1 50 96 8 12 43 81 67 
14 3 75 31 10 64 46 24 60 62 
88 47 80 71 93 95 55 98 79 27 
74 97 87 51 72 28 94 25 2 53 
73 83 63 18 78 23 37 69 57 20 
7 21 65 29 16 59 82 77 38 56 
86 89 33 92 19 39 9 58 40 6 
45 84 26 11 4 49 44 0 48 41 
52 13 85 99 22 15 34 54 35 91 
88 47 80 71 93 95 55 98 79 27 
42 30 61 5 68 66 90 17 76 32 
36 70 1 50 96 8 12 43 81 67 
14 3 75 31 10 64 46 24 60 62 
74 97 87 51 72 28 94 25 2 53 
22 83 63 35 78 23 37 69 57 20 
7 21 65 29 16 59 82 77 38 56 
86 89 33 92 19 39 9 58 40 6 
45 84 26 11 4 49 44 0 48 41 
73 85 52 18 13 99 54 34 91 15 
88 47 80 71 93 95 55 98 79 27 
42 30 61 5 68 66 90 17 76 32 
36 70 1 50 96 8 12 43 81 67 
14 3 75 31 10 64 46 24 60 62 
73 85 52 18 13 99 54 34 91 15 
74 97 87 51 72 28 41 25 2 53 
22 83 63 35 78 23 37 69 57 20 
7 21 65 29 16 59 82 77 38 56 
86 89 33 92 19 39 9 58 40 6 
26 44 45 4 0 48 94 11 49 84 
88 47 80 71 93 95 55 98 79 27 
42 30 61 5 68 66 90 22 2 32 
85 15 13 34 35 99 54 17 91 52 
74 97 87 51 72 28 94 25 76 53 
36 70 1 50 96 8 12 43 81 67 
14 3 75 31 10 64 46 24 60 62 
73 83 63 18 78 23 37 69 57 20 
45 84 26 11 4 49 44 0 48 6 
92 40 65 19 9 33 41 77 39 56 
7 21 89 29 16 59 82 58 38 86 
88 47 80 71 93 95 55 98 79 27 
42 30 61 5 68 66 90 22 2 32 
85 15 13 34 35 99 54 17 91 52 
74 4 87 51 72 84 45 25 76 53 
36 70 1 18 96 8 37 43 57 67 
14 3 65 31 10 64 46 77 60 62 
7 21 89 29 16 59 82 58 38 86 
73 83 63 50 78 23 12 69 81 20 
92 40 75 19 9 33 41 24 39 56 
0 97 11 49 48 28 94 6 26 44 
88 47 80 71 93 95 55 98 79 27 
14 3 65 31 10 64 46 77 60 62 
42 30 61 5 68 66 90 22 2 32 
85 15 13 34 35 99 54 17 91 52 
28 4 87 51 72 84 45 25 76 53 
36 70 1 18 96 8 37 43 57 67 
7 21 89 29 16 59 82 58 38 86 
73 83 63 50 78 23 12 69 81 20 
92 40 75 19 9 33 41 24 39 56 
74 94 48 6 26 0 97 11 49 44 
88 47 80 71 93 95 55 98 79 27 
14 3 65 31 10 64 46 77 60 62 
74 11 87 51 72 84 45 25 76 53 
42 30 61 5 68 66 90 22 2 32 
85 15 13 34 35 99 54 17 91 52 
41 39 9 92 56 59 24 40 19 33 
36 70 1 18 96 8 37 43 50 67 
44 4 48 6 97 28 0 49 94 26 
7 21 89 29 16 75 82 58 38 86 
81 78 23 12 83 63 69 73 57 20 
44 4 80 71 93 95 55 98 79 27 
14 3 65 31 10 64 46 77 60 62 
74 11 87 51 72 84 45 25 76 53 
42 30 61 5 68 66 90 22 2 32 
85 15 13 34 35 99 54 17 91 52 
36 70 1 18 96 8 37 43 23 67 
41 39 9 92 56 59 24 40 19 33 
88 47 48 6 97 28 0 49 94 26 
7 21 89 29 16 75 82 58 38 86 
69 73 20 78 12 63 83 57 50 81 
44 4 80 71 93 95 55 98 79 27 
36 70 1 18 23 8 37 73 50 67 
14 3 65 31 10 64 46 77 60 62 
74 11 87 51 72 84 45 25 76 53 
42 30 61 5 68 66 90 22 2 32 
85 15 13 34 35 99 54 17 91 52 
41 39 9 92 56 59 24 40 19 33 
88 47 48 6 97 28 0 49 94 26 
7 21 89 29 16 75 82 58 38 86 
69 12 81 57 96 83 78 43 20 63 
