1000
47167 54435
990740 907747
873463 986866
985942 239242
504804 883168
821985 822022
956222 459870
354530 790284
70678 115453
654344 243776
344449 602102
729008 525591
389302 434277
926260 152424
428818 610197
314810 331506
484906 146295
589499 836631
112964 16998
401895 641767
124583 742584
659269 945991
421637 119843
472317 626725
54495 537135
334378 179095
542114 906217
44940 368889
615308 642637
429099 730842
998516 594371
203128 817232
436278 427250
325735 865090
355022 202007
524995 211962
374069 271174
822146 837186
441380 419727
724783 975431
724378 816122
939395 309537
206669 928487
208432 434586
960011 332451
262927 642748
803977 682960
639098 29867
920085 154855
55804 924879
214269 248495
798126 470257
297835 644505
334655 778099
775762 607211
863352 96180
356048 295322
46519 206673
688903 204827
472851 184701
687342 896770
867102 198406
971718 49884
178432 641075
213158 66743
695675 425760
851146 276934
869658 272895
801499 180374
477240 444742
745143 128487
339000 290031
788900 496662
89220 409622
783742 19965
105189 197306
228407 791420
375685 605968
826087 44945
776927 619974
550869 897786
900048 977536
968157 148340
753967 27326
191065 278453
40231 321394
660961 796837
283236 212165
342722 718066
361566 306007
107222 625732
675966 25902
485367 522416
641883 485947
833470 614971
932742 333400
726866 619781
635313 261621
375085 759712
398063 733364
138807 543475
646516 486898
215817 801235
666130 938065
701069 349534
742520 700417
890706 439851
382306 255284
355077 748524
661530 179518
161750 7132
146896 482285
109248 672144
182934 143447
318771 949200
34688 172400
891342 622142
363189 528145
493311 333369
983274 163214
101355 290849
218405 431010
822085 70516
516488 318477
500689 81408
509481 595827
231709 85725
325532 489325
948590 463592
808094 436348
169190 221233
348518 515808
815341 816718
281170 823509
472437 574042
305192 837997
410143 688448
518697 210757
617183 634613
248796 584288
370961 857945
775574 788309
667285 239370
687606 115928
428169 720686
503662 815593
637525 926824
204477 26590
318487 27466
330238 297296
837071 548790
265045 431434
270015 954757
114231 584247
376426 473069
739320 75640
373810 208771
690613 779433
545371 119417
200766 963277
547579 238249
630042 251242
91287 700113
138415 530431
745497 823676
946480 715315
567589 949880
251699 988736
36485 719419
744054 688914
321540 539883
128406 103421
953863 454029
827307 149405
299120 661784
247411 462139
208848 615858
945896 738421
911329 38936
513831 104916
335569 548106
223261 524634
766300 173268
248508 576173
206576 342185
131463 436921
378414 470154
21383 913253
952265 959138
587766 376392
788005 47423
618674 508840
664389 663982
213246 540066
518686 551634
573174 654984
965732 498022
387036 13010
206690 699635
667683 785194
247743 366701
323170 417978
479654 540780
563093 998433
799866 158345
976812 613551
244813 597051
244465 615264
985499 748618
406889 727962
341815 266692
189243 228218
104578 146041
800509 948449
120779 319573
359284 754954
960480 998733
100099 950276
590070 218784
828510 700157
888923 829546
872243 960688
850362 704627
375269 396918
251943 265068
844293 891699
840646 952806
38452 13608
582624 465951
167830 881539
878807 721087
428599 214513
325705 619814
31250 616678
127408 835833
934974 846337
224858 911709
730383 150718
959319 973527
30518 812959
79232 245404
657928 690739
169229 89257
819115 579929
626571 862875
492363 403792
296035 61011
165657 725511
669112 778488
568077 804370
645736 52349
151600 381791
143431 812730
121556 389710
754633 750524
233510 508713
38959 137180
250699 931579
477814 487039
737083 418413
287752 48904
22823 948062
719951 662161
374635 401177
996878 83328
720824 407970
138972 292778
557292 726215
227903 896882
212074 156110
836530 997822
503364 654824
928150 246116
353962 499199
310923 984431
348149 92211
621152 869993
153969 513756
231127 301871
588634 279330
924083 413664
856807 305128
536759 542012
305581 438800
538339 440070
338944 748042
298475 374677
117365 458917
631660 292443
51568 971578
896122 829440
281668 319089
786452 158084
960248 238210
876432 616878
770535 909992
689301 788614
745309 651486
43658 531466
266004 241726
749885 858696
933002 903297
70950 695515
719779 266059
96529 245672
931272 609381
108196 457977
662089 278254
496825 469317
204914 310715
333925 800560
124681 922875
562402 771250
889763 880981
610481 998950
515783 685391
989649 792443
516916 901712
962092 658051
184488 626252
144327 54057
560764 103866
11591 352615
38947 122958
2983 656806
78567 115107
251116 794002
739321 559077
389888 292051
508414 587676
696941 30035
766431 46610
56022 749516
405172 621783
224576 164989
366490 145450
377694 574069
240428 358950
383 839417
678685 556680
924340 149573
264661 139713
135293 807634
149538 791025
769255 428661
394706 537923
846813 706709
668288 442780
581007 793496
992630 547997
494759 778221
333874 718296
507455 870759
733596 812121
837003 433532
405421 393136
960041 332957
187526 964372
809956 839955
278019 490358
185383 292350
687803 312353
525911 257373
841637 389728
461546 185229
331496 154313
502809 691395
465306 889837
59305 67117
500283 558773
168571 269389
473881 87191
528635 455542
254352 356293
530185 806275
728532 477217
122901 218247
893560 913850
401422 805816
931716 97956
298560 661107
448131 941290
966515 552417
618839 604681
817405 770927
787363 62498
59628 679513
73081 990753
207374 620951
374338 544194
601745 56942
707737 674522
611648 130481
581051 829513
674702 15783
930317 849190
389661 378498
550212 21461
562752 331175
972559 420912
660460 871012
309135 431992
98435 109167
186779 36743
213715 635451
361159 435272
54567 240589
952099 674592
341454 388293
697182 671470
596926 868040
599260 327564
62465 353959
267338 288908
793663 834983
260389 304714
340734 745520
635053 408609
53970 743449
673558 375802
183797 604191
137693 94633
227100 493004
171341 599412
787562 509214
42629 168189
984917 930199
32882 860265
225046 609997
630082 499386
983021 273901
412286 127023
197396 881804
102290 744162
486032 728854
63366 865720
350280 635042
581991 717941
95730 535246
902450 930283
994368 154616
595906 590143
47670 367498
607149 320606
849786 335187
474207 283715
592473 845277
102680 261842
435477 994730
767584 40734
21146 893088
191234 281036
936690 15948
626853 764572
520702 225770
552785 30025
77242 59080
657209 458690
103667 690873
884366 90112
649982 894535
870355 597807
565731 15855
902258 705070
43371 622189
569718 662664
288113 167708
995935 813385
266198 219864
43653 21736
586948 277246
617368 847649
554348 763556
643354 120755
164795 69628
492146 23806
397929 330865
857631 544267
791091 887185
130243 336015
422393 493006
564898 567348
767615 482277
695749 601775
417256 832475
37988 863822
562229 735157
621 162346
29859 195675
499757 765748
149616 210016
633392 676399
232219 727930
714740 544210
210157 538394
109610 193795
156259 324780
873706 117908
373024 14421
166193 942027
751388 18908
98141 43181
655211 572367
130961 881839
7780 474865
649326 4347
616768 888082
802622 582801
579157 79359
269700 577507
71993 190235
198518 886265
329030 693743
87892 52052
294305 74265
292159 192911
509535 402545
403343 609644
975731 509700
852295 752796
485548 381838
631997 572472
318342 942696
956011 38237
393577 612494
2786 276837
88211 582013
381448 826310
137065 279091
982985 958898
805982 710472
171492 83281
12420 806652
517357 976959
869588 389126
394399 536724
633892 656094
971591 234424
558946 278710
943255 941505
909464 156223
327214 326477
346714 786669
447624 865688
647982 527831
609276 803756
736999 790403
888355 962034
288858 404651
545986 474629
469999 575209
909165 43081
802421 796292
917237 275972
867658 426813
956337 588626
735688 537805
417551 434430
595727 566022
66964 532090
306103 354928
705834 414626
633007 13880
340318 472640
261776 724138
774796 785438
563108 54508
690590 728590
625935 801736
579263 101868
51787 418137
697705 842977
987863 588097
876263 67456
823509 285592
547360 974141
723112 981306
889786 87430
904001 989284
266092 675487
508290 614125
500706 212688
53041 983748
161685 842080
733533 17769
272794 675296
728588 559506
144390 73525
502900 350469
125695 959073
54908 757823
987950 281092
809713 498946
426726 36708
950775 115488
237795 310083
833055 615115
424905 232223
90982 565810
432742 923114
675480 279989
608568 457889
711294 966667
417509 759936
105371 636885
268910 43892
757804 856539
531957 608836
711154 653009
340191 529058
532031 185160
355164 17051
447777 465700
263739 175642
246466 254376
811782 872402
693152 847653
771707 518032
216360 745794
87597 48675
458943 611241
732627 661385
364009 461590
660214 277231
944007 235730
268981 836986
332087 193394
25204 520907
798085 301035
696028 354549
310064 734783
333790 820893
234112 100340
720106 337081
848370 560967
700800 754892
748855 461517
48664 741932
832043 96855
848119 725701
723951 651224
199667 317870
123889 412955
25212 798900
419557 831214
296309 505629
145749 697367
805495 82826
800068 9531
767012 696069
955829 126402
160805 801878
577342 984539
606888 761032
509902 361728
441889 66250
202737 11842
435657 511782
578475 754851
889120 92295
922026 113233
618848 20174
959167 553050
370215 849646
850033 98340
179211 874522
437297 281906
735521 256598
954000 639040
524732 827389
781452 380362
749377 385933
367311 146885
723720 126977
207779 409085
386976 732272
383671 470924
455000 522889
653060 830779
912277 17918
820332 618344
965279 12609
860229 434569
321035 612361
979858 859439
869215 519359
797386 825055
312999 471841
653408 405627
226849 183573
567394 414303
393562 145964
367440 341366
362875 643379
652236 952534
811877 300704
24995 318151
697280 367956
842962 914571
119692 720977
285842 767041
909531 148364
671179 160235
719991 591651
490398 711646
844853 769071
779857 177849
551938 92428
89329 85808
767952 125500
792237 828715
657972 789574
704324 978149
617841 758920
411654 537669
395807 107834
200071 784184
634782 775122
214779 163912
116277 473642
373575 830186
901950 334863
795286 271647
821600 18290
408685 348614
473422 499572
659673 104862
612782 192232
958093 465648
938888 153131
87170 59875
716353 406739
218686 156540
533055 726844
418280 635236
222175 82775
342974 540329
521281 249360
383654 882599
833066 572229
966743 746943
366748 622977
494390 137993
485777 729374
981203 85450
200219 37356
875392 812231
105514 597677
232879 888977
193410 874941
825318 803686
976680 577207
547481 272062
600618 430762
346478 628400
724482 550973
285383 44610
195219 230058
346767 970652
223741 269386
404984 784501
641055 478160
627599 854021
834579 132925
849906 368944
113807 544474
389280 548910
618291 757337
929689 407423
364473 668745
135486 28520
350961 319037
519758 267765
49991 156329
656378 142903
499282 111034
319695 35752
62795 286563
913229 319811
115467 628462
814868 569987
450353 691440
883126 397503
768817 223227
303727 952556
102673 420744
889080 137028
598083 239120
67629 938563
828111 945139
484292 43323
417205 240468
339998 910337
15756 754103
756132 739136
757174 617483
827486 650677
235222 961239
886780 909661
774520 488880
82781 343560
572910 551822
625135 532134
850027 713674
501731 79689
224796 393113
329508 543127
724176 970137
505217 313301
25016 90565
853620 814513
283662 329618
341741 112595
595719 289303
437863 592961
785124 140829
133398 552706
985876 377455
687283 38625
985693 720947
134654 618293
412220 387385
826307 235438
920444 12582
832463 213749
875412 441552
573304 143418
47994 384145
887738 398698
906147 28304
281035 765275
896676 589677
44769 850177
19958 365533
792 706567
438546 490356
245669 632585
919372 209101
651050 185837
531878 198327
540746 836036
197798 392363
859390 161588
58687 984639
1011 682806
931438 979664
114744 430197
222884 729686
266885 142823
869957 722553
2484 266536
196363 903888
573423 735037
95663 125634
296116 564306
579699 752157
723204 116718
485178 230746
265181 807112
249112 391015
106529 61817
383206 366442
139884 380551
567850 198856
189718 20416
910433 951380
933148 683374
47948 595965
194237 61455
480724 856320
578331 837691
475347 67271
482881 694716
377848 276912
710563 265844
204108 663994
162489 410150
460588 788476
659356 400325
118467 800192
567195 706752
74716 330539
614571 7571
215271 835958
160096 262015
533411 749870
620441 427892
904750 980972
741201 238031
973853 759902
735915 13501
728916 675805
439062 907428
56417 193422
271005 64586
437074 186415
766448 591200
593190 25008
704426 669997
813535 759056
553572 481984
519972 806622
82696 568491
578798 95085
501530 768289
297492 568637
71746 983441
197274 4197
857939 92868
802963 571302
402893 56435
497555 76213
430023 465133
441303 63327
437140 170466
792947 942036
189748 623556
478852 979124
166152 101587
214512 918824
721734 483206
635114 382043
605645 258253
955568 457933
762270 679266
102938 435393
663755 642251
28952 528214
111381 835663
350300 386930
751779 279143
718869 419326
682771 975866
117838 661018
998959 850347
594804 301518
114355 277466
438509 309532
305536 792546
944373 875806
401528 560092
547484 30509
56948 337610
361436 292505
515115 637403
592006 729198
954277 675175
451738 936566
109718 476164
480999 875184
566634 562146
481195 894798
463036 297567
708203 270646
475209 195946
79237 952455
822716 670743
102888 757492
638606 206426
74053 469703
181760 270193
809058 500749
132262 219736
348539 698216
15257 723519
935371 220757
836530 558907
733944 106920
273466 581080
375240 335824
425142 20635
727904 63955
200322 417547
325995 909496
498598 93188
949438 923149
342549 396933
603572 266676
368489 270749
297686 286242
197308 172801
195008 885995
723084 156407
626499 931827
641659 67636
38140 527083
877350 11920
202565 891016
370363 779966
607104 691081
982728 341517
14988 152718
521108 62376
265969 395683
275845 443306
352466 428306
890740 103306
88777 739586
808601 404142
600110 561410
