1000
152394 779049
21358 107921
475088 590104
425751 689931
487443 613540
688460 929066
617509 290616
789352 762295
52672 411292
168263 741858
361987 777140
520364 386693
841469 746331
806286 934339
590798 804748
807532 627742
839687 814221
881399 166722
489939 131825
310379 948236
654595 78800
156431 259069
490872 463602
786921 312957
729503 560541
398428 119992
532791 786445
240876 16624
768182 391498
807278 401202
205312 380454
317504 622893
845738 350886
194414 814865
858564 229216
394412 309950
903260 168105
377524 675385
656534 656482
555169 487593
140969 494726
684747 116995
438147 160722
954275 771668
880920 696905
154421 852425
51535 803321
211298 527804
315043 729419
216723 655241
254027 976248
714301 343495
638171 703641
830157 713352
60551 685084
898574 41288
317242 3552
391217 749566
434437 935804
350202 436234
254643 432168
575107 403255
692633 266990
376423 305015
736714 286405
620320 908333
232722 391437
744562 688933
155160 939770
382102 18451
972880 476417
765987 723069
886231 520956
35045 807326
599335 966606
798492 354954
468454 635491
542085 356083
793585 766600
498590 375040
233726 190452
535129 69856
574728 3744
6110 249964
868661 819932
328594 770313
39384 430848
197499 455579
863398 792841
696494 159819
526903 213649
79533 431133
32727 983046
728610 995324
644237 884858
705973 131140
434141 670226
955351 640263
517100 12380
285451 140582
875820 622895
970351 856771
530743 517580
133712 205687
730772 161644
294163 75883
835806 52825
729798 25318
286541 825051
157648 453955
799240 808794
459390 620799
575563 793082
334529 677375
750586 468009
712547 788210
690266 492195
870099 541185
692739 272692
45765 661641
847217 357699
128612 898419
463146 168944
938022 316520
805304 619048
392478 679594
323813 231384
638556 613623
345771 57125
550115 603147
870305 848740
276161 564038
594478 658123
879253 355015
855112 104138
182891 868792
453373 223587
566113 179026
379974 395781
309787 623952
335589 601220
40563 813976
152240 575508
381321 222681
616600 89732
616657 773768
449660 349411
342905 408324
644249 329692
329538 516246
921529 50528
842711 440200
388378 584543
601783 461438
715155 756878
265167 328645
630998 642921
107586 902428
832193 994485
877210 247793
624661 278343
172565 381646
166484 154686
388935 114743
653181 226549
929474 548908
151432 301761
516559 757109
751893 868704
651330 378539
470137 779407
191675 610590
244461 656367
458083 909219
130074 979682
443685 586896
184442 799285
804702 901816
627386 838657
561992 703043
987745 561352
886931 889808
753397 829004
291947 353830
843677 529830
326213 807118
520762 800033
477625 966527
536140 577420
176306 752596
364065 968845
196551 133216
908580 231892
162031 302334
597954 762205
534906 234071
820109 368626
359200 999500
5338 801266
612250 8528
7524 865080
679594 365719
262357 215492
663628 388378
122127 533385
536576 907194
489677 365566
328614 81437
911338 897263
708453 36903
300857 877358
193381 970377
237990 890808
433554 200357
794753 637842
719579 141120
760039 446571
415570 784189
979901 55318
394991 332279
861800 603492
372729 175168
76918 254816
396862 663696
897948 845870
428822 686012
803679 26893
95536 697228
466521 805164
591206 272525
919938 504743
173497 966224
434376 57752
565009 202911
839229 729856
883249 913990
19938 299918
632819 697166
188563 910679
434849 908372
117661 666795
400106 772463
761565 9565
953176 202879
294485 811113
787143 561633
323390 489657
877004 196999
851646 867311
704977 484738
447787 686855
248868 957466
107077 396998
316348 564966
454730 638637
176049 231902
951198 553140
204770 486876
521903 701819
730452 296378
823244 44479
282742 173169
105482 483308
691049 737465
324849 386264
649323 56268
949415 228809
592829 597138
471277 661827
726430 102691
496235 286076
498139 522152
757301 214607
263730 77302
802258 525335
456643 8623
808512 108989
896244 726660
451363 989279
262141 865878
520027 368765
252504 233033
723821 243808
841574 129678
628608 988017
179185 325890
342738 172933
550050 123591
956180 843949
182720 282243
566350 212682
895287 992631
576676 742980
825952 38713
997972 756286
274898 167344
331443 493259
270680 242404
309734 540820
760597 856544
251673 445148
379137 718512
100282 767419
460383 746772
796879 290567
416647 373631
188018 122121
413011 2052
899120 346974
572562 721218
813670 169023
415933 866431
153579 477445
314478 621031
119278 254544
399648 162086
257293 286738
925335 170086
917082 797737
870022 920853
344516 573640
126651 989231
874645 61993
725977 822465
543370 394524
513181 212442
491891 438731
603042 32287
490048 462449
476155 231027
777474 214830
477647 915257
666556 278201
720237 367316
201744 842454
420867 398495
456576 245417
436669 285523
79405 439422
245775 663405
352293 372882
915332 674445
842667 909395
20711 870843
923766 111919
981126 819123
950199 428149
945535 994188
730102 445914
538221 543384
589900 828023
814190 551262
555551 541814
112199 972411
251709 456245
728299 388205
274079 613919
461652 197883
454717 2779
637227 859085
779735 168138
645430 973060
662206 626649
901318 92316
28915 263321
19405 132015
935316 953109
60982 80396
1512 996716
561247 790053
326740 817330
389041 667293
55581 848888
11452 664147
846831 774728
24771 182060
931201 847197
864114 659053
455588 631800
244543 435232
14782 329747
892525 372896
983714 489015
121426 192197
982364 740510
397577 496563
208492 147731
211902 37871
890976 429353
944990 433845
113958 846092
491004 54211
921610 860169
46432 139877
483917 455047
969973 324696
413584 105246
643759 451238
376772 820985
944971 262945
892160 972874
669893 788224
528019 915657
584366 986273
693618 951549
903354 59276
822116 44546
985774 513226
933849 528668
872368 88096
347357 961907
638576 96628
835712 198885
260066 341277
468999 184340
522869 401951
347123 903363
178261 150733
517680 492444
562744 626979
930350 693143
697975 916683
459235 61171
887442 639927
604655 550134
735400 382492
151851 365867
9070 289475
971720 179966
879956 960070
826625 218665
258279 935581
549081 954618
602690 418320
139128 835023
283543 149913
984803 447296
906396 986267
36700 935986
75818 578694
844457 532245
722068 779308
517701 148407
301639 562213
674629 387350
797070 897041
21850 331522
700632 601795
259301 793786
519012 511328
85912 504506
397849 544878
664003 210189
869680 769193
773868 578840
418540 336927
119440 833974
561422 440409
899243 44944
98702 87811
732547 318495
190080 933729
778528 504780
293589 592604
197895 454367
885614 742990
691178 714624
529589 356706
616668 952036
85751 888075
231182 60459
230308 851541
388682 785527
333688 448963
536875 325124
407961 103105
871494 856087
914374 564110
982200 148120
885966 579024
25526 57705
124021 119542
236895 401774
982493 847611
85757 537442
871899 738399
94801 608419
568878 763399
408443 767913
314231 146857
964181 719790
479583 121209
643077 6775
400124 808437
24538 974654
581089 150571
672125 276937
841 785307
515236 311034
733401 400330
701977 136496
460224 712606
453206 726044
484242 807877
948149 429909
738577 257160
300820 823057
792647 411272
677188 359092
80494 428593
168106 501211
671974 949438
254961 894924
474398 657248
917266 657289
75665 675039
731228 863435
27813 703611
554271 976958
285345 356037
974844 707729
899009 448481
559397 744414
967141 438981
158836 65882
401867 71502
455633 450282
826510 397740
718688 688476
116432 877580
656778 997049
252717 9609
848434 723827
376435 61377
826497 135198
810731 86792
778726 557111
255734 233061
218372 829512
691586 392649
203428 846714
735499 306823
284519 291702
864444 115414
692361 721645
967760 545471
74770 721605
122043 477206
193024 821427
850310 108234
811542 800628
113643 927576
507981 474023
442414 364907
657557 989509
126598 842938
657666 115656
496950 496465
826280 819166
519099 108897
486424 800628
818480 905830
40355 513644
77197 925414
74041 160810
131744 399001
351434 319678
795873 148184
17634 227061
914381 193924
34577 90850
35521 192760
808727 310883
543801 577216
748138 691397
348077 867510
358214 184945
505888 57996
724604 224818
521152 419600
579313 120449
379451 587019
904409 747582
964761 391125
400668 1358
939887 38615
165561 26401
994114 47101
610444 527932
864550 298830
594758 429294
680691 208404
367333 931143
47100 808636
459222 201431
622097 177010
375498 616297
91860 36078
240438 869806
871652 316186
94905 14496
948248 342352
110776 931936
494364 355663
553739 476697
700838 793223
337709 22960
206455 422298
472487 266718
989156 780535
511356 872443
31862 723525
99712 720928
915698 372540
917549 939062
764670 786434
399308 19202
904518 438267
7985 75816
372498 960323
839869 685676
818546 434884
598468 566492
478023 126446
75972 928070
569244 863524
289916 600079
737470 343283
438248 857859
463958 989461
328739 813942
110667 296959
349513 992479
928724 976009
464456 40778
798503 414145
476195 418597
618112 504298
7509 106274
985868 554675
710817 282015
56830 522600
496598 814043
216885 911330
65509 353030
2654 640342
23646 691946
595168 469530
412326 900106
847508 735055
728583 424981
419819 625741
709353 184492
42011 490211
382766 349966
698773 536635
825488 590763
262591 510004
945855 164706
401045 725638
120014 664759
683184 751232
170248 617469
667617 230789
491415 633277
68083 827732
878218 234485
276167 645359
883992 329264
504100 107459
145302 554840
481766 927850
543304 521007
15975 966702
970961 97739
760961 890877
924655 567897
513187 886525
883772 238729
829934 693404
170769 706622
475708 861965
660340 14442
978958 976821
615157 18188
47876 479763
915374 458468
388688 24994
958324 549849
703476 309059
841749 863270
381547 250990
15191 296881
832495 790297
712838 452472
159363 2794
938313 988923
455644 585657
914639 47850
471374 99339
502403 335192
698357 549214
491120 640226
788277 430678
342594 734896
341629 693081
72650 329400
92084 647965
970989 145156
21864 920940
985092 292528
739878 35520
57032 853276
258843 797307
288284 275
532815 720397
2137 173871
194147 4660
438227 691114
840258 783944
135187 320196
132725 394694
435763 213847
856882 581905
453627 356230
332213 53461
583726 76016
359163 824819
363343 884502
533264 36402
504639 530184
773115 471525
734783 976136
612554 698599
315261 646684
331302 496048
947624 615736
589452 442701
37851 633922
528350 125747
465216 27039
695285 929658
343576 639923
887416 329712
892783 165033
142629 122011
679891 197122
393892 945924
451321 452647
32226 275620
320791 164202
456745 619436
132796 479671
320460 351834
649257 570081
767451 843647
342333 294329
434227 143148
321118 908877
359956 751640
302766 965270
49900 407904
517034 396145
685272 443943
640407 16446
989186 139092
438302 681121
686928 514136
883219 330853
814219 903634
497596 559548
936228 561393
502326 772570
877803 979346
267881 32392
872705 384469
987737 368959
480550 626875
763041 638557
213778 5547
512909 760086
679770 350975
412588 787949
271115 668643
232545 992358
35177 445775
730593 822474
436730 80480
995481 597406
48584 802594
113577 508138
141750 217428
559766 76108
227298 576551
937699 191954
774124 452352
353581 887943
869257 485946
754536 760070
354 823543
804340 929157
28476 977204
558360 237165
617717 141151
360977 516451
520578 403600
207837 480230
788063 426407
750290 954776
91915 583555
284086 704374
376766 809871
780736 568185
484003 91710
503040 335469
671743 929894
293632 887908
301140 844137
326707 42350
702315 267245
262887 237151
879886 602678
208811 191306
518808 721395
55570 235936
71001 539152
539173 635292
697565 99595
894262 724028
632011 652269
71011 95697
347318 73884
550979 312579
90558 131340
596262 638668
259285 755529
172226 769913
542513 114088
871338 772939
480980 708517
502769 943764
550747 249191
197486 386259
275534 751873
431884 614461
299459 30261
173767 711906
773715 989472
49771 868755
18316 525413
376106 47304
406995 352596
470813 770233
628740 26816
734098 522606
38047 110224
269397 978176
696000 495355
828660 921498
179293 955952
637345 391839
768005 196956
148156 573182
37536 700471
394225 501703
369154 270800
847247 275639
13211 189790
816580 500609
404119 486855
296137 698962
593510 893674
293423 807911
385830 539654
443839 719017
225235 661171
946147 938302
376022 402239
593535 631516
759103 728401
449205 406562
940127 339126
738116 529067
222506 453423
438664 328069
16174 966704
325402 380644
223383 262971
99817 900667
489776 871088
964614 710631
763406 726698
570784 126027
714471 398623
487796 963617
361431 136314
677361 189778
949586 51663
578936 275311
798366 678332
644914 576104
407753 674981
888895 274695
72598 303529
715082 297399
766833 206955
573655 743753
122046 107204
99611 115904
248167 595923
189488 989343
468131 168517
798752 804447
84051 262796
678761 953889
882508 446933
649866 884778
986842 629575
894342 839774
774612 890587
225051 768674
826505 529139
865947 47368
450718 709381
5298 465875
635361 867948
465006 790998
865475 615595
236993 747578
553317 194634
642399 66229
820029 671885
171738 268524
227717 174485
33236 104748
38263 795479
670059 624340
504491 826246
827847 82608
670667 232307
580808 118838
34919 581055
728620 985929
425015 662615
911946 582601
571568 466245
423760 421738
612111 446138
576944 505980
582445 477543
508996 137490
330915 965987
613536 439597
40853 379433
891103 164684
982905 277138
589926 534836
849138 34092
965957 678009
364669 720327
259082 768008
516014 493436
795599 329461
979388 162458
57957 997426
200488 337402
857277 638801
234017 721769
100893 527730
464553 7194
166716 366390
184095 404533
427009 892539
404530 378543
507485 636216
550315 281300
144467 656255
740741 60299
268666 230095
271763 934143
749058 908459
972943 518205
352331 191970
236624 725684
674483 288077
929914 152277
230320 819049
803694 529422
535481 909749
808249 682784
885888 738363
719069 541539
843633 98182
652392 997797
382031 331327
137752 331016
427538 110796
122529 6785
375180 41446
273835 715355
