7000
937486 128440
492290 773352
611780 408776
514798 147431
457256 25703
420423 92224
50080 878739
848049 45234
548696 698277
680752 962102
662645 677066
489023 738080
459307 9938
544113 949665
468263 511201
657637 616996
33079 381339
224914 815260
830737 597502
880333 957083
221062 453121
558544 363350
987909 560333
396558 345152
362989 481336
511951 569669
364962 199088
104301 764802
971772 22417
483299 394051
946329 139445
495130 602042
264609 792746
282455 347076
241842 894149
980367 429763
55833 203529
595423 485005
442141 680235
118856 488823
680497 740792
368854 263710
146927 963988
779117 209614
256809 416109
814483 338581
186118 571449
181328 574359
569424 312174
961490 66147
912683 311863
487627 281525
358646 148401
570412 156486
941080 67241
164587 673743
896546 277237
449313 28036
539876 63246
400595 349783
886810 169596
333089 501759
895980 658000
28572 845913
175086 880926
163732 26803
480440 284456
502413 197431
85709 924524
833723 186147
73588 805375
685265 820583
575680 959146
955407 896047
441737 376718
343343 721029
3727 351319
587901 730014
566289 215507
33404 571349
439300 137769
72766 405388
881633 382413
499778 712158
671480 259027
243145 109088
167307 727893
562088 459518
125102 35129
318947 426716
749862 10437
50809 779895
902160 303853
372496 625974
680433 817562
403883 775846
767288 415059
912456 910700
36378 65203
474715 403652
395200 362144
768725 491396
384569 890401
110456 953482
404113 402539
525973 708427
744668 25964
209505 234161
699871 741189
607137 711231
373432 233233
331753 750991
161848 857707
253891 672737
2487 515673
617488 309505
976027 660485
710740 274678
557350 879018
152218 855647
687003 850693
732669 557211
277705 818873
987900 175525
613645 814904
108173 669330
349900 929913
273530 329497
564683 576654
843681 337995
741997 815437
880641 165966
625338 239955
141880 888101
220247 621225
702468 842663
37559 661599
255339 50393
228183 113884
263458 729271
284567 910873
836890 989875
965744 943071
903251 135301
401585 937303
310930 197088
667568 541234
844068 806311
254448 145867
150097 532451
14659 490611
799351 606911
680209 635108
308376 173952
666411 719569
895842 841792
117259 236456
253473 230650
781708 447255
874926 261308
680833 300266
907074 449961
988030 734283
80650 688552
498871 733061
164013 505757
897285 922127
845008 747873
992595 91846
74081 237782
541439 877258
153142 172935
816633 540912
527912 245439
283874 719513
120707 142032
664643 316399
323002 352714
463683 839993
902695 675209
321664 908139
162943 458845
500958 185781
864792 860120
934230 300710
87327 323791
501094 353817
264996 911444
169142 26599
547822 664598
873024 678622
918074 591074
816310 741563
648493 809570
566795 848041
270121 784324
997134 277462
127068 295814
365238 963680
268933 994413
565298 717602
708711 582198
630906 324393
637812 722512
785003 469921
236184 213511
685824 376144
96355 923689
937645 983207
213098 161908
317132 3102
428278 193153
427226 841020
986351 54535
873910 687453
9487 281320
199823 512596
876978 432442
356623 19805
698619 67097
312401 417545
60689 323000
670965 781676
289431 169259
404752 647285
600373 797471
476927 681374
833832 121836
244579 467994
697392 92588
429582 473804
231295 818666
197193 584521
656702 788070
427297 583558
603091 257874
264622 589169
863675 315911
383171 228848
597861 631354
961817 692329
921314 477847
488561 515759
131946 286832
997889 17539
607122 48670
871711 923286
897371 362050
779940 43999
15401 360995
994340 217199
787526 835893
721322 846745
986961 140790
501700 176441
442764 774906
293342 309235
221109 309879
944879 728642
596682 404656
495923 285573
861619 212577
62351 516048
260289 941169
33969 49944
449649 471826
669637 812181
214781 211699
703438 776542
531145 884131
236702 354017
409319 830063
428038 263592
745151 19658
576835 60676
376749 928457
598293 989100
493027 313960
401716 296042
200899 746370
835401 306434
349215 184057
444711 958699
453229 645288
684460 143454
648874 844993
421348 638364
488011 932317
370868 285282
32837 398993
557148 125259
727747 498740
461149 490011
794288 590829
857027 540301
708414 585211
296601 922579
9729 111337
348630 70775
669528 834260
651291 335013
898272 759586
706762 508252
251519 620584
532046 819454
819673 274068
848743 497396
41183 431086
376965 86745
475407 465410
606690 634250
612764 788071
727371 426235
671888 491843
224571 212265
349020 270856
126226 448364
49053 324459
826926 115820
231981 595995
998452 575325
843550 168444
895687 272594
588500 771651
193374 946167
260525 939041
211759 257380
722576 443615
929390 648823
212759 791979
476852 40959
216444 371087
800565 964633
520479 166266
608666 755662
861496 427985
652526 521861
191498 157075
501919 595897
970696 2559
747808 96554
989907 631061
176544 945240
698295 762061
888109 489114
931189 778872
615254 70986
903575 842161
296854 719183
510912 679748
21653 503079
92589 149216
752377 920945
828355 385315
622215 963122
691429 456460
996226 839665
343867 64580
376010 225518
27818 891183
966172 504387
18427 804531
454718 599566
568206 481890
606490 530901
560151 401757
59893 573940
471867 789123
176570 643903
414379 505174
907817 394953
816485 992033
116812 430554
540131 408999
521560 678511
844758 506182
968578 956003
281689 994901
261112 42185
119822 350333
77213 894229
376631 677684
878535 608990
843126 846800
740257 893902
702303 664857
804213 629389
275873 462538
523935 910944
737127 37626
92756 566267
536061 249593
822575 370790
724412 918831
366738 923622
824768 535788
275714 50744
475718 722067
404600 823388
4519 813682
99843 645824
690164 704132
580843 168991
971825 101660
987352 286531
862584 130905
404713 902486
781451 909902
471573 881388
817704 500351
100789 116127
318022 325995
831247 428722
94519 236904
862538 451915
212024 891420
693099 418979
822986 953273
81805 11272
283429 155594
11384 499540
785519 920956
143416 440897
456280 233674
698165 853050
484025 829856
483010 549926
653013 156685
780546 573820
50057 556351
388806 254663
149832 563110
630768 949026
551445 697276
11288 665448
803739 579234
848387 102236
812815 525277
830605 37774
516339 719144
593649 406738
448391 982012
770696 306551
400698 232766
448548 660755
674315 527627
577769 204036
684639 970710
860314 270588
225464 49205
819614 151631
637308 659182
825566 459578
376376 764716
769259 168290
832419 596004
792634 854905
890379 752194
217824 33511
533844 135372
329085 827346
419067 515006
205820 340996
490452 700684
431294 345196
233840 857037
690546 241002
135085 913572
445799 362997
996662 830066
786309 617552
597854 77775
747203 152207
561009 826514
27802 492072
967713 588549
502743 633993
893124 736911
164369 298533
7298 305135
298100 633037
942719 475046
213158 153897
721829 209469
484105 632255
656483 453651
278689 866944
633157 774605
583925 566090
315224 689818
894584 436535
334904 836092
834467 989779
832792 22812
188552 427974
745323 488102
148714 414307
352468 60857
624637 692479
793916 735834
117385 355989
995158 799504
783388 657448
897933 260270
202828 876527
749192 462746
202450 68434
25526 69604
537418 976499
761208 489350
815753 88458
415051 902701
917653 24796
358164 516430
943606 882626
437709 891116
564480 239788
919722 889974
649305 64239
330205 280514
668859 161189
962517 704868
148009 443546
489168 379588
15365 310336
293179 732348
946305 222208
250060 4369
667646 137391
5223 704380
119704 316235
830958 921075
924787 608307
86614 678693
958258 841141
642060 240317
367278 860936
905442 571015
328311 939482
745629 706649
587521 759083
663531 794679
996772 543922
50041 985370
758987 159380
551412 173639
320854 841761
315147 76236
331697 387086
90078 142165
410103 605285
874720 555037
846552 134489
892395 672995
923783 141529
672007 747595
296101 846255
586762 718944
718990 598052
140872 725488
681882 507405
209776 649605
119577 935427
665439 881290
591529 573237
719757 426502
115969 983926
977364 31499
552061 558795
391722 485309
631129 197011
445119 389273
919684 350010
885933 11972
10171 284157
256039 196262
770965 922182
510250 778871
324738 717595
738773 768360
358794 940848
895897 222553
986355 327989
449357 235902
117577 738938
117490 992657
24060 830808
302847 924516
944491 23536
621437 697692
695230 500636
430874 434020
992491 192569
915751 754541
151162 353122
945504 748457
334501 313485
985217 832488
555398 458201
995487 531875
331444 136108
415430 494290
692663 593570
423307 769742
476691 864343
457426 715629
559951 910096
779680 757456
544999 988953
265768 47451
528388 712206
817992 195214
626809 812263
114866 604457
12957 278319
840769 492850
207382 227735
360058 587940
710621 311137
39288 730914
472176 658254
911037 312993
750444 805208
736643 698856
347005 857801
197945 624778
834590 277086
900712 340048
103003 605902
467657 95583
255374 19048
581488 369731
376586 500123
261310 902447
198379 36135
597368 903765
206418 302843
709249 229012
740348 85822
965598 983741
340221 195091
659324 358166
995437 549928
974272 977161
915744 934431
473777 600082
82700 633383
476084 45791
350262 418993
218671 87208
930518 636641
777283 152151
859213 198073
507736 505601
306739 752786
769021 898860
277960 513488
516689 279127
525510 263228
879728 565027
2003 170271
155968 308242
285534 699385
618401 19357
249306 18886
405490 415428
905190 773979
879872 524469
646983 380255
832811 438367
955118 711801
308061 950890
694106 868566
85742 716899
933877 643663
995098 273391
361806 367142
939936 317991
683145 490221
120577 913048
131826 707304
431393 820788
104502 78239
521974 255627
549828 853591
632275 947424
164392 299443
302746 907712
359706 194546
360017 798284
562013 508286
843646 684087
911645 26679
857967 744444
273542 79137
3623 656788
988320 520151
804129 548845
631847 43465
325137 931381
297968 911542
177237 501639
448720 910772
116724 808309
842639 368002
368891 629373
774366 114482
501528 789839
126866 68571
459455 701174
837776 606441
758808 966035
395204 953879
207161 864873
365622 203708
601185 955061
733366 722568
65370 169344
398966 993790
926122 61252
96136 252774
807984 447604
157162 271339
997243 268660
328177 596178
577260 715489
521930 691472
360436 647234
511946 628501
850368 63231
275834 860824
231149 530759
910461 778915
953157 194845
767658 472600
804739 101188
293984 921240
983295 215803
591242 43459
39916 761730
950144 764293
369750 916718
405797 591807
874302 665004
166912 415139
435613 220246
267598 3304
5571 772211
818430 922684
987412 509253
857507 554504
365742 586796
238869 221723
279102 847728
693856 558669
425953 550420
468629 698266
778337 773907
871585 74627
191997 225925
957957 200396
644113 60604
866656 577693
704923 857321
43083 59939
679583 653043
900967 706102
930701 704962
790800 231942
819156 300441
632033 553634
158329 317084
130226 839148
764013 700801
613025 56410
610272 321770
350902 336114
971995 45612
124279 325874
676961 438192
840713 322109
333020 283973
708164 850242
62496 345070
299357 57338
940983 569045
564312 93274
952802 287510
225164 509854
47236 908158
620786 840352
763782 479392
246078 937686
495138 27454
94183 872340
670881 163994
923623 319969
719018 385136
798789 580736
505946 3443
158993 294119
166127 970422
907459 810063
793849 878601
609510 552194
904078 674130
716370 818027
461982 928053
491756 683054
168477 147052
929114 96825
900061 377657
740969 168292
618742 426866
859280 858271
218118 528812
453795 572707
829759 715288
68715 340344
480955 233439
942103 930663
39911 543983
712801 958834
383208 734699
268047 668849
170220 938278
858932 438700
508465 585718
235742 309871
273522 764687
713788 60182
378269 244297
543352 414110
192034 929915
34811 31859
860056 61715
558999 240907
82476 518595
874222 696189
447037 320102
942894 486929
489004 190151
806218 848923
234263 877643
992953 686986
983754 957304
671263 885675
491354 352769
121888 967253
803984 669679
825846 771151
742008 739001
789489 377510
273054 172541
464014 104525
785913 598262
884337 950047
141002 419719
827112 808727
412219 853703
34352 743362
47332 455217
825817 105973
212600 359579
927252 916724
302945 354039
396040 323013
553575 10672
999925 890834
781778 679847
454565 12437
467793 267876
509422 552083
614534 427676
841091 449321
804498 551546
684124 515483
348447 468053
552007 750883
663702 637501
963552 307539
62020 341366
912940 25269
190998 592472
463105 752811
443151 175999
187148 3808
198991 964747
178122 714722
632501 448512
426014 89473
501053 563838
351564 852197
642180 49436
837781 66217
150692 426329
178038 466069
232550 67453
290761 919011
664010 574692
903365 171563
527819 673283
497515 903977
155441 723402
311111 875541
47998 943178
844197 293252
43031 926987
764584 666887
836485 653511
8265 342381
242221 855902
768830 284720
407380 186744
20890 208812
871329 212733
302755 487201
274309 493519
659074 537871
611786 189241
172040 458488
937989 589705
593940 576134
643975 221309
843151 776602
677723 736047
614340 940912
977687 920500
651469 117134
745413 44198
708100 830777
985269 68932
75193 387877
395851 712251
898015 82928
755635 347841
2149 322349
869903 339361
458363 18631
753611 512284
607827 744173
155520 834041
330643 910356
74550 137423
577511 342286
314291 871439
730711 130858
453924 502694
803949 232697
367192 473245
235847 825515
510930 387374
13104 594996
862250 165415
181566 898491
733181 557573
654968 803805
727785 377386
859380 439637
415994 491856
218954 734695
851200 568733
426224 315515
809164 801621
15167 569658
249236 45568
113265 312731
539727 664052
677254 600036
139076 729584
409804 662686
997615 905900
602556 752406
541252 606825
89137 674369
66750 266977
647184 44512
884109 167598
713820 286931
587800 139785
531093 780945
22216 946222
512452 88064
625757 357596
970875 791902
842493 574605
976309 710391
399597 55381
17604 40341
367207 65441
901095 635093
898834 771693
302937 624020
720000 118120
54420 170134
350754 478114
862674 998266
906412 780120
608443 273827
270092 315875
122673 870694
193871 976097
648654 426988
58182 232637
87704 131826
181637 187895
800005 57373
868393 397326
460692 911203
83471 233910
235471 166430
120608 769004
951076 747998
943066 192062
277260 796008
383029 856272
661081 779475
860820 47469
596670 937727
721523 177965
405261 578335
313863 482447
135535 597137
8010 471867
600546 141571
279708 809923
458997 548963
886722 406086
599284 495023
605248 987650
372078 437169
778538 554689
128993 231521
63236 704192
232452 328649
639883 363096
376001 309464
579602 672543
65289 198992
433690 434297
410675 794345
992276 868951
157146 418339
478547 488432
736040 849966
76028 43012
923419 902605
840130 84540
511578 50360
614055 291402
118979 770698
81022 766470
598122 706384
637956 860554
804965 216938
142337 879836
664361 501289
954661 89455
627090 639516
36450 941546
548902 771268
777896 408035
324120 357212
822787 376666
502340 967951
427316 183490
296645 564351
411901 42031
425973 561945
430532 483361
576409 13503
652962 581510
250969 677214
122508 362067
882498 303434
66021 464231
810969 414140
578107 380881
111914 103173
550061 386804
668104 337610
589898 973381
501043 283134
994506 931658
652914 987664
456174 263770
839871 106084
279278 585872
679158 122044
888570 824336
630872 831204
462170 978958
580496 417308
940671 455623
5303 163314
328257 541694
547298 215652
621442 536954
712897 570774
827343 45777
167391 900927
217389 206735
968602 968281
504565 458564
931977 868970
260809 446530
136787 367147
809562 901201
812315 810239
295001 927499
963689 958350
67385 928107
761506 953158
27141 3038
685179 610405
806030 526093
333908 329340
396940 475224
914703 992768
494340 330787
429714 252829
308608 60553
343281 746559
741780 558291
81538 233054
503477 452617
434060 66454
599010 306588
161397 696175
622489 184064
538006 543598
832742 945486
504985 290390
439668 166510
243925 784711
722836 301204
250215 510468
286557 746697
966832 577050
869051 242010
915035 704401
787411 659514
630866 176949
68036 320662
667042 728852
69630 928404
976844 239922
257830 654625
456802 970983
386584 254206
3152 562282
691762 748570
201110 504325
796677 370458
111341 992060
264368 600141
552120 375428
302403 285645
842622 375800
656047 246493
729853 856362
920850 316970
577130 566290
683348 778389
201077 718354
881330 207470
628091 403858
411460 758919
289293 31852
100184 930926
510168 598074
720709 369434
813400 445033
444678 170805
549517 195594
786758 159346
627930 35582
117802 712366
829432 263594
922653 826673
140989 43808
460231 405384
287899 17311
868797 865085
861116 187130
221458 929283
927236 843751
990572 843847
688048 342101
50251 392092
999101 102306
586964 251403
869937 539790
86321 356164
802355 466573
792602 219499
715221 374319
836373 808703
168035 764460
372953 493823
682306 153293
333683 214893
807144 218774
857233 136243
215774 44513
293055 96892
128321 72690
19277 206952
391683 430519
809187 965826
352785 477314
221514 709199
305909 669229
190158 221708
402523 242626
69753 253209
506683 691550
641904 776377
424478 242509
742501 719700
434729 696751
562398 303104
332536 345273
339478 953534
240572 201895
85311 81047
610207 815127
471381 316533
444549 15782
83375 866491
385300 137758
179321 775712
397251 383568
679417 667880
808235 12107
295319 201291
487430 434925
798348 848370
856574 416415
600835 775921
634131 7021
942163 956239
460598 9747
823411 194190
566232 571493
356576 236091
971379 59913
523981 167767
304808 425130
532165 970786
221416 867494
188305 888360
597835 758394
381125 149290
694699 518174
335101 490584
850480 888979
25786 483555
47392 291847
998609 889602
288678 741572
746667 267048
877431 13461
680544 941329
853146 740541
808008 912375
485841 743209
689259 688252
928703 17356
391830 674847
521891 558687
171843 639458
817869 393850
505464 576115
916346 172474
293824 550623
540030 411327
96877 295144
428612 49160
713840 665121
836999 442321
410765 540943
73833 972499
776700 206165
406079 317196
207108 501722
857268 715651
184627 657062
365772 708615
439204 90222
504168 391650
215022 114402
954403 202084
162476 225920
853192 289539
708558 824841
423499 166232
711327 56159
944607 77563
317806 272692
422205 673974
520683 829641
743206 668257
299840 767408
336538 642308
996509 513408
638008 63673
800217 651365
31474 554580
741691 205871
165383 424868
606723 28902
444297 256504
76027 494021
325499 33905
107295 578575
86835 216986
546302 81453
472601 375500
416279 737489
155895 734184
736128 961153
466042 378113
564932 565813
201251 528469
385827 311432
136402 647222
933130 239142
231237 340129
198168 757731
656805 805725
278433 248359
57628 290067
804863 749335
598151 592163
651187 567027
969198 894283
638381 855715
399325 750807
851207 811604
913705 217127
574288 904993
466453 171072
898260 748678
335103 404571
850181 54278
58172 62748
496032 813041
792318 714363
75451 815619
722791 649092
495369 666765
558165 428913
347634 943471
407223 430704
886930 849760
478177 95660
607832 966359
205027 867512
565905 844179
988699 426308
67164 36367
592497 156080
714434 739315
744694 104516
420485 992997
677522 29936
960336 181982
866844 779290
348146 701436
337000 841447
563389 193023
263332 847145
888029 149822
714383 153571
958742 829651
246156 409113
97692 38358
141560 775585
878862 467811
186286 970926
627150 904409
566129 922162
577527 393263
620532 586114
979029 63014
932344 97847
792480 238007
526279 867109
565130 319259
612250 912539
334219 377178
222746 843805
153320 999351
6419 23171
69551 440566
479193 583791
662012 630489
828264 298086
75205 26235
584064 89978
460460 616937
18692 282076
571971 71425
963886 19290
418501 358348
993595 395497
907052 418014
937304 539293
573799 852977
956383 485795
68420 516748
474170 533754
436377 11258
507426 84899
648748 143377
945903 46156
814455 15177
624415 447648
597556 282506
457393 731369
193067 917609
776962 433134
976440 437000
885968 534232
873429 664690
771581 209996
439604 201332
146689 685621
171774 640488
358964 346911
636522 958425
476691 375839
807832 850230
847441 607393
790455 994539
285684 321478
202622 202204
849691 14492
668880 390988
488893 186241
581303 638357
973004 982906
563385 68558
924385 273520
828476 589738
728730 487819
414964 880293
583279 718827
107250 507740
44986 407190
404166 228545
568718 213039
19020 113208
976155 407282
319228 462922
778565 433486
277864 2366
550251 84992
336266 626994
286939 658314
835411 589199
173695 411628
986957 501909
742240 906118
701723 3595
879192 571558
780697 934230
759878 998788
626499 202367
958099 238211
500089 844452
270884 867607
965392 213235
181608 265193
215058 645335
674601 487509
44591 546803
172309 478610
236434 992150
883916 781985
960395 487907
294090 973709
350714 662224
755725 729890
28388 288619
615277 981292
570297 35062
226113 861810
332880 257768
93642 386578
962320 601751
360604 617535
347195 950901
8715 561675
782725 747887
22003 139196
84028 897196
819771 135476
762857 529067
72211 435345
88011 640850
950673 699704
444979 623976
326043 816986
209504 627872
338565 7468
850868 638115
891581 558355
972469 301192
354484 149320
608530 978814
923025 40958
989174 556591
751695 801401
213313 451093
372338 643371
281366 483865
811125 569128
271180 106810
57482 201211
347860 914246
422192 881235
13911 662108
492635 93829
336043 278559
711746 254508
18869 951435
948432 752254
693580 786518
97421 676699
105160 444577
838088 266940
752218 484915
640351 860450
820724 410032
309913 809749
394185 214518
38361 347004
456809 302551
437859 686763
585935 412265
723120 291099
74776 896905
808467 427682
429807 168820
951728 126697
936445 566514
357097 363229
702527 916401
729679 168980
8660 359961
779440 492417
621001 945767
24077 694069
235300 92705
813673 721698
624992 162910
285955 605286
928950 659691
933636 860455
820218 22196
756108 712237
513028 459617
619329 877627
103488 325329
968082 968653
301183 722938
339439 940117
75833 689718
630074 612713
945006 972808
654105 235461
965354 988528
960057 101323
756961 135592
122091 813075
886691 204741
686775 74528
78899 821991
335117 702625
648357 341639
181769 584430
403914 10044
434773 857135
53222 394814
785995 985093
539824 255238
6667 516440
174766 588978
545532 81487
704763 354470
792829 237551
809772 753077
115699 809645
323034 451440
685033 192178
383502 229941
709656 659826
330033 977711
435986 31000
864229 62840
589423 173090
934707 143698
262223 659067
940176 896762
947959 170548
544440 56928
960303 151432
263580 704358
986036 611392
459545 352823
729113 338094
559803 883918
885994 119925
300538 186275
557550 379365
244551 257692
302975 640678
678308 776475
473371 579762
560857 207116
670891 111188
466839 194230
494812 593856
31256 745413
312690 673296
239954 953341
950115 546404
493887 127712
950925 243833
246717 531194
477099 64651
227858 298249
794727 64455
12568 450250
332685 60653
292867 909098
884879 414724
787830 10531
52237 753426
423717 92941
598781 718800
573459 290197
553187 715970
525048 866930
958417 835077
350023 726014
985577 852382
127810 687363
298545 373578
570298 626396
987234 395888
197688 889616
872790 636532
194707 831661
667961 728309
565927 558684
332405 902277
238294 273728
783893 762420
492121 735803
652551 436294
267009 293681
98516 893721
777029 705774
122356 850743
785794 745268
540403 817451
352788 622671
3950 992182
56189 44084
310749 245105
412387 678468
911729 536011
211017 912044
121390 309395
775630 706969
138849 824515
354132 327048
692045 548958
694911 82530
953811 919192
305871 78771
757813 96734
919328 731940
275967 425054
893027 181015
497850 7032
459848 452167
824080 109343
585436 683584
283695 429533
983372 996365
561283 470090
345698 309761
452050 924686
665874 668377
184191 104375
127360 642649
392512 934426
728391 344069
343508 526982
43885 251517
494512 169006
242323 891337
362995 251754
330424 772874
466296 211486
400070 380432
23153 746255
72835 393036
290636 764100
227883 795950
733143 418896
135141 308004
141964 862975
646720 53750
490669 969279
250499 911621
413540 977451
295460 228669
85536 24270
804932 460020
375852 487775
330445 412349
772786 82113
845056 555866
39054 431581
362528 350811
820472 347555
713148 272961
573464 318635
593418 494041
793946 491965
441648 709533
248729 757032
114902 625091
8821 694689
549190 229529
663342 400586
911099 667143
658171 637247
747158 376402
42490 652207
786723 482843
728866 889143
122722 673220
344045 119229
509072 246531
327410 353252
550708 228258
109247 514055
945437 473083
453032 497610
246369 826282
105084 178340
321556 273647
473401 343327
670440 576397
31241 229806
978310 717298
115739 178358
258569 482534
430085 456985
390866 313432
508824 333328
590620 987454
380870 543806
383955 24726
950483 959258
244370 962066
172566 790398
507085 795755
469203 584041
959796 755987
57688 185036
371444 777173
845639 31549
967950 601924
170342 448187
778129 160480
566737 908202
35896 568487
807425 525939
700958 169575
502789 832313
880204 872308
31552 615792
456255 821250
964189 458980
493234 681
350993 124092
470438 687973
655628 8513
835406 448845
745240 817842
429222 761383
150721 512633
167051 440335
342759 959013
912765 580383
634047 157287
172170 668442
918352 673188
855188 164484
628906 549431
865222 552308
747558 988703
446385 668063
401467 891610
697459 887896
557517 277530
815807 909255
846730 102043
784531 716637
810655 8475
375846 658433
89683 150982
611120 264684
984137 186501
741645 421836
958710 828663
108880 875493
34306 628881
107427 719660
735518 863945
261418 59714
218925 102156
526479 507222
992922 839092
283661 548679
985710 443673
870613 365785
210385 738180
736570 407504
937255 156776
471780 185423
235129 529909
440930 418706
223119 274414
228078 948421
634249 906015
9058 283137
907910 243526
172861 760855
260506 422008
633644 211782
44394 416218
941960 76781
685532 800905
978439 68404
75670 163485
256858 597010
335017 689610
275273 678453
884293 964781
734070 195677
42131 622481
131426 380730
423543 540378
19003 106552
827922 149189
250647 983255
272687 906120
18 548882
459485 410035
774572 221183
847540 295694
120359 302904
669956 415549
553310 270276
10682 41993
426520 61723
461508 907904
900077 591944
13922 57154
415898 718638
956281 555328
449115 431516
218183 756131
927027 181793
220235 423483
401344 747376
626912 558095
634286 55024
676454 451747
540539 635867
310984 612465
456655 411457
963613 802902
998479 897722
389351 791179
955422 596112
421881 584746
762601 595261
191006 791967
7255 221859
399427 987086
714952 834558
163382 980638
339496 150645
434524 532933
363544 596031
566727 388144
107727 270228
821416 905528
523364 53959
665579 48303
830505 723028
290312 986896
247642 193551
264542 827254
981687 496409
162296 560101
640538 116644
243420 800960
730774 789626
325564 755030
395490 782040
518000 292139
975433 240182
399020 232859
972808 696876
973402 120643
690390 971179
825166 679559
501963 690996
815204 348487
707895 656039
690851 868910
613527 204090
167493 390374
17982 268777
635421 439397
517669 439451
508226 403724
143091 408759
410705 386467
909587 9997
16098 578359
80747 597204
255501 44876
972716 57345
930043 447428
437670 48167
251828 721571
900014 871353
22400 124715
968372 500448
960332 236405
14596 200224
177255 383052
427498 579861
988313 45343
961017 10397
207443 606146
897652 721706
67316 587610
672725 956847
907338 761817
736429 212515
200555 886806
515156 128017
678718 264024
935146 4371
756842 639494
724062 583356
507031 331952
399393 112510
739440 901368
478 642738
806718 333683
332577 936192
563511 308146
957926 598949
178907 466217
10895 668899
662150 82468
40009 37773
834718 243854
559309 411922
424981 148634
689958 751166
82711 748316
878451 45006
598206 625356
440060 963748
296641 394649
57450 868587
554337 848668
990485 969443
567345 807824
447473 336792
829954 771433
777109 681073
65772 236411
999244 66391
987896 250702
789114 709325
668159 331032
564991 19449
389159 865395
61828 591640
933352 314729
220263 226347
730671 599536
148130 69951
221160 81937
923602 710340
140768 876639
647347 961773
599375 638083
810734 898234
685416 749767
75117 670918
822883 29428
811020 593329
645371 949400
251704 255946
224132 628152
159951 197488
696550 516325
126216 438472
769624 562386
727371 296273
333308 992723
322019 908272
732110 825204
217341 788296
443483 528718
911522 489424
151348 745499
912215 246210
226311 13192
439734 947505
698510 739778
611925 508367
627567 930181
130628 345345
690289 159584
330303 325202
953643 965311
633724 350804
522832 357724
928918 253310
957120 114805
336483 956246
311930 415179
332633 195735
98513 127032
244895 534943
113243 577418
853898 366539
926268 517440
862073 519087
814526 761511
499509 931952
490859 219152
550203 999645
135241 531585
998366 649694
156595 427172
498973 631686
958411 319070
278733 274638
354096 462312
448063 136615
851649 884293
996475 447413
393654 89599
26306 672864
100910 738629
578956 915169
688916 204944
129027 936099
904707 816762
595869 29926
256427 242011
746827 971701
905984 98210
426407 782687
766833 293802
230373 986462
79654 661390
508727 611289
607391 916377
31335 548262
576409 104016
781587 136753
242680 127713
45164 506933
838797 369865
83996 187216
443901 941812
115386 858687
98935 541686
938024 68084
128300 743704
433193 826327
3013 603995
277877 415522
779568 549274
755891 741030
863603 178971
963386 660811
893767 826159
900156 173668
590821 545032
411888 373782
305262 903131
860710 979811
906649 10575
752246 639072
807661 102800
229025 680336
93377 653899
652617 315682
803330 707962
744923 243665
490331 53743
3813 660755
366821 46360
647038 330193
989647 861549
928062 891718
126125 581696
350948 768747
773329 373310
392719 903909
737315 834978
318238 316975
648439 835697
706458 801995
428069 889402
558299 52901
747639 696453
569303 426831
619090 110468
482374 602154
148674 757672
416099 979136
726891 568908
578693 17422
687435 380696
953192 28605
234125 283650
781289 861564
562882 640120
4682 718907
640816 687624
726255 637635
602493 281798
807629 588873
737453 34414
596238 747996
415945 939946
847419 303719
825060 430405
43822 153694
629890 221866
203018 37985
441203 422096
743181 816649
188468 882239
475255 997496
868378 972552
89207 818206
501233 747910
532454 503243
477081 624049
359647 653254
946664 808449
923786 722977
644414 339631
251969 554566
841155 908185
991201 673809
845552 230992
1688 457143
401233 644260
385071 968989
177569 679287
220755 573076
195825 259339
315495 553696
554644 299598
411097 715708
812991 323540
690924 133696
885253 31374
440618 361299
198351 354108
245642 175137
844043 784446
783829 571613
425756 105198
562239 876162
443560 384534
577859 188671
493152 948151
504182 733605
800313 456175
457343 683982
291610 670487
700004 451308
467792 407429
898195 384847
575840 334014
240253 96428
501187 460167
24667 544587
510146 535930
961711 231858
348531 870321
923157 234864
489186 47532
60968 42929
102736 434154
931018 30167
517961 314217
446888 661941
941806 752352
308511 646039
929788 546457
740497 105208
301818 733207
69518 179856
896883 756870
609922 756400
529116 705554
442102 289669
3045 49632
965509 295255
495123 264887
157581 859140
538966 71512
862643 162082
910502 620099
865645 165888
917940 466125
416045 504779
18809 65502
333859 209495
41610 596299
473006 700563
177199 138145
236448 280500
127893 535982
613141 150488
220787 496549
11816 124007
991718 91018
18334 647864
140058 852452
508997 858131
215715 425369
153141 111291
204219 103895
289460 162388
873166 675927
774786 68606
415514 886877
747884 883676
381440 257540
765578 881545
321281 664814
777295 331710
917800 828175
221914 257347
995644 15322
787319 188827
926954 600469
382588 564424
821256 324693
715268 972356
497604 598633
39432 194750
17878 337320
73391 774759
218105 946964
605451 594540
621438 167417
467923 400779
983472 447080
937587 873675
852488 144111
907955 612285
664350 213014
358134 126217
707977 27120
171692 887644
657758 454565
36090 793342
624057 234560
116986 361073
708191 47032
851085 391296
217238 275383
601548 712706
980126 479059
48698 292067
318591 255438
919933 669625
981775 455594
34246 792593
718639 720799
378767 470555
538501 470197
553880 726246
214003 999596
105501 474713
384779 13702
806294 281947
54355 700405
380257 951678
452193 563884
329723 427960
830384 355106
212831 453529
268898 422511
61355 146835
511938 865325
544096 419100
172459 662673
353972 704144
998998 93031
518600 13565
921054 589031
859456 474534
493544 207689
889693 390278
79595 556917
612701 447731
88611 501919
853857 851435
380921 840258
987947 482184
877534 259366
766916 185043
533521 930543
704867 808399
331775 180916
880896 553605
485617 815218
55293 314
946123 741587
543190 321689
644278 820626
588797 270087
580652 275130
62627 150354
319186 376782
387632 555826
454099 726814
423180 55421
446018 777763
506431 542687
545061 462104
228252 842713
930555 544939
928682 538043
228228 250089
468326 624552
400065 882296
700815 320867
912355 702597
944649 1761
858736 574659
281627 656585
140859 283089
944193 573005
611710 814320
585202 278742
769196 56251
251360 757068
79157 617037
919567 858298
679788 67779
779287 612497
148964 436540
677371 601789
883461 489758
352682 782817
679434 568694
112687 687509
620730 929091
117747 445846
871522 70553
559363 363067
485714 13774
346109 883343
841336 251444
401529 934768
861231 828877
194072 553932
845923 756544
100932 56806
400017 774246
601545 496508
635306 129697
60264 769419
631504 392341
809233 747539
373975 947359
648282 135279
161867 711774
156681 584257
334852 218815
474748 969493
779759 743574
895505 953547
891344 621721
57164 405525
484516 143740
953472 410281
539116 620026
793022 818832
952623 810651
266795 316661
354096 629453
675997 223971
984941 123575
940383 294406
938229 268454
84036 841217
400513 137194
288054 501123
477097 397044
293935 892018
585221 27158
484384 129417
846589 307430
594465 110830
179362 440137
570238 184527
92158 379795
905074 637096
729845 506513
108196 411038
619665 625838
806059 194618
335789 280772
595121 335391
67793 976913
99939 20811
971361 7082
732138 155922
352688 896430
847250 657407
599646 5774
649337 656047
819295 269957
559779 760553
19161 168905
261593 4896
740837 267489
341204 430552
876230 734733
609861 688360
995937 587675
410378 114164
865072 459633
688773 167849
877080 999608
107488 168921
773212 242097
740312 229015
858250 82866
306217 508840
156000 917510
399368 194510
536212 435174
104409 892533
397577 521120
193781 564361
140796 278252
357346 815175
528363 247203
47950 841344
558727 318047
395297 879736
259969 414564
61386 269243
509643 712468
681751 27151
144650 907263
713557 957442
154765 582358
807411 363472
458298 286586
953159 223039
643912 661577
938478 167769
502768 238155
997404 290865
590127 195758
474384 923978
874555 771604
61729 148855
970024 813063
703137 581887
678703 194475
198673 121604
69099 800482
311024 53460
871754 194649
394125 62393
788136 884774
975755 271263
636525 861581
772326 500497
502992 824298
349037 416841
62915 312782
994840 126423
591669 997047
899381 372506
620792 966583
26562 151261
782847 522036
933684 136727
207882 274345
258985 392550
949210 518173
987771 394252
623923 649312
335213 653466
190286 71622
190794 138176
747091 603131
277386 301942
839346 892473
563351 67074
574971 767888
343944 758043
995975 862823
108973 599520
16133 977495
256643 702189
268583 714829
102087 44905
762354 731846
707331 886283
725348 41370
73775 724855
891988 809050
228108 190758
544444 590021
877601 858272
827299 335897
455884 838962
396102 666672
452719 225452
122181 235915
491117 693104
726489 560637
496015 631896
855870 372544
633173 828062
663227 76463
47648 408299
732085 73992
661067 147818
232946 724725
26985 331061
953989 609851
298714 69258
832936 944345
489940 594480
577241 73783
627200 596593
114160 897679
34429 882344
686181 24386
218718 789014
468850 618892
695698 661165
758872 626811
155885 701824
48757 515551
421163 409124
328830 770003
92490 21427
317716 75821
906706 888068
783129 626315
34705 950408
453047 373833
209245 143127
690085 49835
110410 226806
436246 590045
648671 244758
98928 949755
764019 753125
449974 802519
162604 236582
994519 321643
954175 920617
990494 669850
433321 946648
583924 565821
520802 787105
244219 524369
731756 391235
825935 356952
541300 287082
928401 982646
852085 479573
963273 853980
576492 701953
951323 871487
766000 792662
16489 825002
932138 17982
951842 642861
525048 61751
589744 643618
40560 848468
962081 214499
581841 399527
83227 642044
9882 422449
549291 720497
936799 909970
94082 943038
290652 915240
795136 766626
525687 284889
719514 327410
869645 887467
157374 976431
613962 735434
406509 179306
631077 347467
826016 676446
148676 44119
491608 537947
540291 26964
582867 154391
706042 819872
170122 819517
119093 111747
655576 21671
746348 568572
784991 587347
159112 804465
89678 712363
155468 839431
443864 141387
177003 470967
352060 226414
2395 521828
515401 784068
738068 480911
697255 716637
492310 709945
716221 570355
197098 802377
480592 744601
833492 632926
282898 385944
8441 453079
498941 134103
655461 689918
535415 76687
950030 293125
403472 546937
398954 880995
86829 239601
143924 37833
80725 899551
67526 70960
959038 762643
599321 359182
717551 290454
946712 615121
273026 643783
865706 779890
422557 924958
350403 796401
418542 82308
843575 342107
236607 965041
295050 706692
163893 691570
10704 246559
231185 166206
22222 603834
718525 726882
95172 224629
532249 273440
739079 266264
318164 556272
112541 171651
960155 762861
35680 757928
810739 481338
235430 731544
145173 294285
925583 868534
635695 221083
536503 278616
354560 704154
393074 587373
532911 25900
208863 599870
794299 785792
725931 396374
489579 171855
209033 844011
743418 314522
132648 137681
190010 635692
147647 304177
676382 889940
52907 809610
77760 200614
33409 247393
4271 949593
791468 581892
290109 789322
56294 75352
122435 720373
833340 826875
504100 303813
649219 583527
159564 41851
912349 98613
626044 265765
467074 347543
964624 983549
290599 574229
921769 875129
792676 512582
365296 750442
798403 424361
48574 575255
707762 59490
743257 452477
240634 397862
879827 536936
699732 45255
435226 562853
738059 247962
600043 60735
796195 359878
610326 56586
684840 705739
954365 687254
320347 562822
597625 171619
494253 42941
617270 527126
498510 552826
145065 466608
894517 281810
440179 420243
514950 942575
722065 184296
114652 309512
118368 883482
818455 669594
857139 98602
195649 292188
749661 675395
236480 252454
34208 475203
566890 49724
537747 984649
986214 977079
144994 202946
790901 971741
602588 832649
714288 797266
145643 193619
894402 59216
420085 349938
818037 923691
513400 396390
714467 595633
939959 631467
868794 351231
281640 5841
196603 51869
261944 944672
736299 186121
208945 143158
385154 271402
985425 11485
411753 895040
678017 755691
464860 503259
508072 84286
760345 995565
671956 371895
247060 673128
899802 740816
381044 982124
94605 813676
615266 466375
248841 463727
210162 96110
226425 318001
58886 265404
11967 116676
992254 564840
965774 258888
504955 86696
829476 515000
478904 338632
728503 660602
815538 245312
82754 300643
737950 288576
859575 307437
580712 432730
975327 603886
663184 794026
517260 26963
934462 58718
265103 174939
867248 815955
412558 648738
668565 190713
560977 59117
752524 776612
934814 299191
39555 428853
55301 678510
219255 870592
893281 984952
205493 372662
569932 616362
199359 951816
51909 124327
984713 346064
27240 538990
417389 141482
375046 985348
754344 218812
927772 142337
773016 548229
461298 22472
1832 333034
484236 694151
111043 20480
139412 627478
823127 382161
467334 666526
258032 896986
791320 761930
507184 343667
308835 185847
262488 431559
863539 580422
214093 37650
962711 264195
247325 447556
162403 673854
641802 779079
291811 618939
219084 77679
991453 104755
93623 624886
844094 324444
670428 224149
789976 379780
424579 248113
239363 521198
929054 742368
586376 105685
733624 828543
887884 530075
58361 433872
919555 260296
407720 546975
214381 989176
161767 342964
692544 603101
865600 571170
6272 372286
85114 331269
531354 978157
661588 146653
348765 335121
253332 348580
205386 963268
407650 869964
58172 765194
52803 75415
102064 720980
789260 554024
106624 933030
903078 85653
742738 807708
544658 407519
960307 516914
307418 672061
964191 508067
740374 527710
266050 145231
72579 181319
853266 312159
815024 702905
461312 597236
98390 384421
717652 589050
319256 958592
784257 561247
47826 78567
138075 957583
263134 566540
543296 958943
436730 895019
801901 92282
250941 936548
640641 569206
888781 417927
213263 1383
775994 157236
48851 31770
957432 122581
641694 458187
726925 441984
233159 978488
848546 581873
245299 392139
419667 680710
896186 927949
169190 346142
921224 984198
159781 489970
903292 357034
382944 846103
260866 912314
127954 216176
756845 893438
938608 647626
577945 525972
804062 1703
195307 303708
604272 91796
505612 113662
64806 828290
33053 847581
677262 8687
427582 966853
443536 667327
707039 437834
56719 948380
693828 155957
6453 746792
397115 93408
473973 961273
276573 570485
75590 928989
993435 606784
638690 699199
72057 891
682054 53160
901885 102980
448923 418297
329974 450061
406216 212227
477110 570806
308846 658492
516101 203167
200558 420533
408513 383197
722133 822513
975415 371236
259522 561037
304050 530954
119340 615309
819692 24108
821517 87927
850694 589809
310744 505776
217366 599320
402588 197964
514754 276727
799081 954632
7573 132999
302934 593177
103909 699387
671844 514697
972160 943792
515148 708005
693279 990683
946903 516285
882258 407567
219250 148239
315215 930644
501509 596311
549495 144963
418149 239808
55027 126512
442844 393717
520202 176699
470864 890
143707 418869
663717 251840
496363 725122
964682 738878
534263 39770
109431 430614
668734 815745
792232 364480
930507 515544
324733 723785
797687 305875
53887 658770
766082 818188
275719 658489
577096 36635
483307 185196
72464 614054
348673 691606
519259 746476
18468 198724
771097 560462
271310 729826
853056 676892
361959 790562
646315 306455
745059 514538
8689 24208
355331 724979
933685 130403
342643 243673
39475 687300
372160 350547
755367 230931
81358 676370
937514 199470
100062 735464
546283 953971
417928 743239
61215 435366
920470 120012
476347 750612
778665 44117
925888 456134
883717 234250
792112 18293
89388 332679
30636 829544
106952 983681
923124 685177
196511 508017
698135 320243
890446 72698
134547 443547
554787 202167
204243 119352
753738 148980
411409 416077
605779 991675
508175 176788
251301 920512
852356 57622
122841 234410
101474 915426
395339 362767
582908 179693
825152 209270
749802 577778
457650 182351
910957 192064
492111 164304
330409 740730
520303 120999
961325 628895
27478 989405
123033 468397
659379 582268
784140 256506
171538 532091
370005 19831
474012 647402
874434 400353
382139 925043
800788 480969
343475 163543
542502 42412
996541 24104
498155 890329
231268 924823
435483 971101
674707 997008
123810 116912
268749 206363
425472 696348
324308 201961
632364 543127
139598 979235
71305 356312
603279 879101
770581 960944
246456 466761
466925 632308
911191 227246
677802 359356
473596 618635
235943 754124
862058 264177
563291 834974
680751 197421
580980 232682
175607 13617
94537 244089
227272 370223
869398 889754
762683 901079
872976 540328
46755 324533
947119 909746
583066 59096
758466 338952
127181 973
391322 387730
495970 947961
191460 885931
858783 986979
287794 293809
376488 745945
362113 106688
764199 16010
432050 901571
286324 802021
962819 753793
213825 284981
1428 702652
538337 726360
736552 234791
326393 55541
325623 578243
987556 18114
921957 823757
9126 157108
296537 875808
826488 998366
712085 231489
878422 16274
721062 298157
976741 674571
852241 821927
397237 738618
135647 16332
899435 417904
124867 392541
165747 387539
337825 698837
561701 309970
906077 146265
869187 419636
904837 572655
740567 371508
801069 973781
934609 360577
567944 372484
63983 868645
28111 513616
52278 658354
567443 696441
645731 117036
284365 296922
98203 653055
587058 14409
690148 668711
311670 830920
159837 421145
94115 271469
884070 993114
959246 765402
130394 624842
328055 405070
215316 515012
543351 533837
93322 121211
592176 499743
904936 815696
984641 602192
389233 877453
415436 944534
856874 237577
752352 28610
759104 565562
37393 215905
631469 542065
819504 964993
486434 650362
962097 677294
266268 347034
162467 612948
835082 857251
561212 321782
255620 171533
106269 191402
589547 805805
102813 584765
469545 334487
784473 664188
387477 495178
152833 615455
130579 810140
770824 966506
983189 468262
746626 478602
963364 368882
765266 145705
112712 364654
948039 537134
211273 811480
325499 197212
214352 518475
499666 318574
920980 810932
731063 466511
114091 715993
483641 454237
826265 859981
868425 235760
966086 821889
654807 229145
288546 215749
25547 391366
664743 511893
103386 174268
536793 888347
545266 824768
522822 573260
851333 910361
664936 580209
193920 490564
394551 869995
867963 630627
598997 303669
889520 143771
832454 29637
913437 220509
389804 571133
470960 55229
687341 167993
876980 819582
202828 200543
570965 451326
545801 165005
2976 613606
109043 26599
48913 695733
588459 464896
164999 86269
875490 195171
946316 390488
520192 219166
708590 231771
636861 507848
365725 769725
793078 630471
801001 109376
63507 917255
595792 587852
487791 765484
596003 423912
382322 122188
586179 203934
303021 916175
48235 746292
211685 354634
962004 986667
335479 458272
624210 784316
445448 753967
87954 215999
378210 720627
224458 568885
516172 194354
353448 170625
991190 612518
622035 193175
677781 164540
38635 200862
15039 927142
59977 519319
392086 906422
951765 237896
116392 455761
699275 703257
79348 870454
445479 552185
326302 415877
472321 67343
511902 543355
799347 656266
426054 127627
188930 732890
607093 915742
65662 509514
682717 917231
999441 645124
738334 345024
576190 349701
671021 333619
189014 455681
931145 249873
248231 592025
459816 637761
984541 870341
155256 643455
335407 910473
424685 435983
710619 658777
25908 103720
382005 393670
482483 428288
644749 656027
906236 110337
613503 818341
693980 44114
370577 354445
23799 468072
730062 18084
618421 755899
64080 219116
572203 629754
158480 113660
518925 655213
637072 366
711040 771482
729458 24723
34845 202376
699072 861275
752242 999449
904631 824506
812496 46305
662557 722403
578270 188945
42307 530521
205734 116587
931719 262821
731464 250578
901966 685385
985067 403165
64388 639331
867074 525548
882218 671807
355248 318136
271583 896232
674837 943107
560197 462411
603533 855255
466372 79797
123315 831378
256351 238256
193198 877194
487611 200213
893056 898258
303565 307393
163467 423416
423380 967119
112430 913370
7928 441393
333053 883669
478730 55300
901108 851469
818201 252952
156954 73159
210270 548406
799550 196474
478380 904610
14715 825605
606416 100814
774754 321470
331604 400362
113060 949687
3845 330301
577465 922200
369150 903867
645180 61242
213255 497855
60369 389699
153688 792081
783396 535853
294981 183233
709673 804179
1922 268756
16627 151863
384015 47548
115028 275350
783024 366306
912937 942720
671681 257789
409900 650354
751340 338999
793857 519217
520028 3127
763090 690424
145108 73014
851229 990688
581258 971645
548630 463840
134998 274759
509036 423541
50407 614320
406271 516042
945609 670479
247675 96578
514273 145238
782430 258147
608130 171246
481469 366695
365783 526609
640857 855007
746190 569239
779045 969058
391597 739387
405428 494967
56405 592123
231670 581571
717702 504743
966766 650401
953814 306030
685307 719594
616872 779110
6533 474015
68614 207157
213995 76898
476864 301152
383493 282435
925896 15583
414082 3300
113468 771335
393296 348464
527904 311239
55490 79846
898403 970599
473562 724482
958578 244365
262618 720227
537542 217782
219292 455212
855547 658202
559180 318493
626460 53234
112997 825250
247588 100441
5727 584614
104015 974950
760045 381924
226307 877010
284042 643306
300729 325924
129843 735751
891540 562687
560132 526653
723472 563013
654912 379276
334413 481111
344458 133224
491424 185571
274974 271573
590719 579329
891472 721478
823716 579506
759360 645372
17411 897216
271911 58030
429705 278894
727848 846323
856575 131456
419015 945906
341049 716958
556177 263222
863983 333426
924332 100812
909674 97239
530310 526209
793747 147564
27068 963018
20587 947198
810454 334243
544683 996037
923723 384516
727642 809704
82029 18194
88270 275093
33618 990974
483377 909987
33339 613168
950292 96884
219187 412107
534993 541059
494657 162396
171080 607132
149834 628406
275223 263809
807440 595502
252703 122911
879928 706072
571203 785136
185765 290850
292456 639615
841208 997332
459376 393126
690316 252758
206358 421427
969912 898611
211688 226789
414146 243489
864645 123358
759056 692794
120234 236106
235441 179515
402021 961239
76775 756204
835743 761346
706421 858500
7923 852825
833691 418684
795950 915515
775012 782605
422601 607047
311235 954452
202953 73534
139235 618969
96362 532379
780656 829802
927425 469547
767361 513113
982414 882096
776843 868249
320636 83186
806104 513727
161630 905140
564082 226972
615334 537129
215113 379560
273500 920703
66108 683971
82798 635960
601434 643521
751191 534598
828560 218903
453547 702516
969272 55150
642918 729177
424850 194858
846144 161485
149394 135004
933978 115585
421240 281390
777899 693800
69358 175541
422235 822042
881836 94828
431901 746154
409121 288480
474675 678629
880913 517027
71887 80886
141446 674411
354041 706588
713452 602003
792226 791234
336788 131732
176937 84293
152022 972438
750273 663557
636491 783647
740037 542111
447430 694623
631190 739933
689206 454938
855636 97780
151450 664260
787926 874942
541132 744859
65128 930959
74413 347901
275164 448155
5724 6519
12619 582025
630412 45449
245225 464367
245563 50939
941214 389614
197994 531412
8466 703192
18329 888968
102510 809370
858574 89317
948692 786186
961537 963280
885801 310282
952940 827827
531194 460798
915770 346140
684599 329068
305537 384659
296381 521784
713072 1438
296303 77029
500233 177951
357276 239114
905912 316263
605599 165719
299006 222182
801495 62593
115532 944171
928386 314835
824313 27711
163483 503462
359425 458450
158057 977975
155683 601885
889438 401085
221363 450681
940934 416088
955539 511200
794369 614595
837788 65987
223690 826975
986882 663892
632312 345937
173451 491873
496824 618549
873331 37599
808459 772376
398744 399857
169421 499081
19876 388264
357190 695522
832232 295103
225419 943502
403800 849965
940479 522978
135515 860962
885778 399776
925906 829207
593141 804984
946618 888474
655460 932233
599088 595253
871073 24696
759948 62123
932616 396970
443132 494919
310059 646310
451418 505887
748471 110897
959535 539365
916306 236856
156093 641191
328357 257629
873436 969175
688591 622454
397256 289887
595797 61922
273091 990956
881496 643648
735769 992518
497502 190491
37295 552478
710391 978622
212553 515059
269110 173717
408812 664492
58279 321965
714781 384828
64121 957595
408386 551012
184873 295020
163468 329029
371853 491934
781766 406672
524886 805524
96060 531203
613618 67255
339740 333846
100682 687188
945419 92892
33002 235818
775322 810792
99520 918789
381364 343745
700483 516557
830693 345911
33658 294912
186593 313845
933426 839788
673005 310987
208785 345708
916225 7967
830164 666821
786514 168955
399507 680251
807552 223945
967303 744036
675469 933053
786324 960259
300749 528126
178805 399700
57760 20262
928195 643320
226612 527730
326146 16938
509547 688759
849543 872283
901703 613306
105613 203873
365573 417953
27964 580317
51640 728190
313643 817030
794911 72850
149173 671628
412980 944024
664274 650261
433901 719489
688948 838492
743752 50044
479496 830358
112601 993285
211316 13354
312519 791339
779614 329970
890822 314169
834197 8451
7046 580623
249019 806242
518471 678351
85556 188829
864614 425491
377442 113111
411716 805275
303126 410212
606444 39316
877795 516365
841361 619131
522673 519254
361399 65726
436097 264281
684364 365952
307756 281291
597792 638591
571588 772214
94448 271191
957636 811974
334709 246738
92185 368046
76692 955547
610456 119852
17338 239985
564472 575882
59825 583810
723727 378739
86615 106032
558565 494675
443671 818780
467693 700233
830456 914990
960974 416358
495049 170396
607381 665973
394578 546108
352149 427981
8230 696620
461970 928988
584355 714274
687813 17907
937881 582952
962840 936929
167279 762261
457970 113682
505052 460237
445460 170963
866162 416382
615240 824809
641480 26712
542626 752060
402798 2760
105510 725595
58976 928347
576775 746122
964063 845482
290474 749910
927600 663124
435965 206142
702536 208170
942904 218741
379490 577974
261018 196812
375 278004
678567 123375
404609 365689
863361 862483
573125 153693
740945 229463
489200 293831
750935 819157
577381 880598
97644 818453
330694 582280
160041 881334
232665 116349
76491 952028
134730 953742
556548 597404
641838 959709
404530 685165
859512 226236
353912 419713
757474 897395
887788 516712
34939 45987
68240 578933
463606 245132
905036 426385
993942 664528
997999 447820
736768 479320
281483 156376
694514 312106
425954 291062
68528 305890
837270 827884
747981 205248
318067 619353
972775 175661
891547 353662
676492 668435
812665 626124
755303 650157
622023 164601
149813 115014
78942 376366
901357 715407
944547 668157
832378 842708
14297 923739
163026 755787
891666 663356
967272 626675
338425 111450
939753 512500
316510 419226
389365 185316
835384 937847
515758 53966
600123 186646
691700 462235
303579 796059
991556 609626
255091 807003
520113 575193
375612 555275
21328 923520
811118 150649
687444 645564
812252 57135
350608 372891
912173 369233
798919 547753
86353 664222
170525 902664
765042 457985
234057 751680
145109 655938
490743 280498
957021 182612
241290 426097
874662 571295
309841 456822
559784 422882
775780 964364
680406 317191
222828 855565
932121 878290
306054 249813
509551 596928
362710 787992
259438 539938
658740 790072
930722 716272
386439 546558
390574 826295
342179 208390
122819 400443
683353 735223
483763 66164
937110 987608
137334 584912
847740 859986
106346 424700
264029 58860
913953 995047
509000 929449
184662 374395
850174 102007
582891 611758
900360 685092
946072 603469
927653 231865
953602 163209
403344 38288
469497 108822
924300 316816
381190 789236
696144 908050
244851 945188
396585 995590
93438 518610
125174 204744
208374 491575
502518 202669
281392 530537
754371 872239
591154 991851
491944 194199
379554 229630
353995 607443
897562 403033
750193 416144
319906 461109
572813 815933
140949 761633
974793 32489
683979 437250
765358 787201
66463 70360
28249 730848
33247 989272
140008 323451
34577 459435
672457 876497
48098 520859
958640 363638
257850 390119
210641 333833
149867 416210
77327 673869
938725 496817
685690 684881
455175 304485
701902 873642
728597 965623
313831 402771
409792 792822
837221 685220
405064 438336
250085 379291
92017 929864
919183 450200
109969 258976
771648 784382
78782 513133
736923 354773
208382 101321
291889 789882
589410 266211
219549 550927
771708 499752
452523 891660
491512 521237
941069 804353
811466 283247
336819 982656
222024 530913
966695 88783
956094 78582
12307 355549
747150 124902
470421 694281
499169 456436
361066 196461
610433 844265
663029 333394
78997 939497
468827 758105
757580 549942
913961 250591
417031 125956
207958 359564
573640 391257
864293 179861
931049 651458
812074 309816
762920 66158
483241 311007
146509 588436
901639 805910
872359 290825
872631 247678
203907 297543
420631 702304
676744 713221
89156 728755
278014 859430
705823 307295
989467 263716
197065 556819
280318 888551
944077 856271
319071 937994
93491 241103
18911 692890
13711 937815
536652 966999
847994 532404
608650 522724
191780 527422
842501 343249
522067 413478
423923 581196
714489 234753
365501 154696
481842 677133
275359 499283
699144 583441
765731 211772
696758 441307
797176 942763
548889 282116
623696 777685
569940 566627
766730 276810
548966 286767
878807 211248
624706 382104
956721 517685
45725 182554
680450 223325
261437 438663
177044 534934
17344 954780
322881 440064
129117 190370
855405 98541
611092 604964
67752 424242
96734 317639
485785 292127
216959 649852
6051 762071
568394 16244
507980 247297
301425 874038
553642 657059
105968 905299
776833 71605
442431 748912
637973 78440
795589 989665
984159 148167
466314 188478
155781 456495
440780 810987
524801 986598
173772 95186
791643 226430
880856 707460
505546 342565
388011 477782
388921 633395
650289 531376
549386 723377
686087 879054
373912 163617
876322 662364
218886 834324
292838 510232
908901 246981
365919 364505
424756 407901
730191 243061
323873 43063
483370 319678
668209 607510
966950 851990
417834 912261
849183 781773
144087 898117
460062 815978
839486 470116
943620 710788
581679 981108
284861 101291
584723 332363
634624 139775
499864 46577
114866 828489
97028 400062
12324 847878
355758 735231
846755 28455
647590 892013
435854 96928
898072 821087
151212 150353
477709 895192
627900 382594
716977 749968
913692 993171
477541 258550
759774 788583
463281 893227
344653 66716
66362 131487
90515 777069
537827 915533
341968 147691
978718 778349
19666 288721
19302 666792
329650 110560
937296 585291
396106 190881
857231 422695
84905 966932
195820 806690
521554 268638
24968 297303
660959 758690
838411 196944
803427 583600
680126 481424
239106 388920
825795 8491
491261 972476
337307 265827
284722 11434
43203 736972
252446 886339
684424 522565
370762 215188
611724 133890
388486 397528
639490 237302
253616 540756
884398 872689
380079 215085
76484 969472
968870 509203
384947 206376
487575 725664
239005 437817
228413 928337
22370 833028
424001 747377
207245 145439
240191 74823
669676 902421
401432 970745
110711 610302
692930 892741
214888 485141
74234 947180
521017 453546
1551 38669
837530 523435
285969 680923
582599 610024
843191 94537
599263 233157
114041 650952
925572 370063
703899 756078
176859 844020
806036 519376
947448 523321
910858 22666
690316 234830
594342 882580
452015 295082
302714 180472
983689 373139
165875 486427
717327 999920
611294 93405
916684 566554
799393 384066
957825 576017
830292 238809
217543 927991
539006 689110
319879 656
674011 91408
281722 816454
490576 681660
301863 331475
77539 267480
978192 627463
462136 983204
772526 117293
619541 856131
374956 674230
816692 923465
228285 658166
392891 680592
426116 327860
723332 911266
563163 814083
517488 348487
269449 58448
264560 654897
736381 571857
121972 74323
915075 430668
279187 224267
10629 907876
515809 163177
95971 659917
771444 788095
662658 392522
149238 500395
51787 893228
238438 772448
346947 832234
279218 264962
196083 572012
77721 201121
764379 220828
162854 44404
206698 436361
859125 893115
922973 237933
990846 794306
453248 399021
619134 328193
719096 742514
883252 386433
399278 452154
458633 858793
985871 495193
436954 738811
693643 527442
860050 779313
676392 119884
182427 725939
17926 118193
902775 434778
980882 780702
76152 836669
521750 188872
26173 19670
20366 822420
485729 700901
383094 31794
467485 334014
96846 723035
498867 299294
890192 301815
583962 273534
859672 647134
343848 166220
581978 632565
97210 235517
943068 446919
402707 766959
304168 314004
913667 93352
231512 255942
670616 205970
507276 472102
377840 498856
16140 356596
268142 695576
207011 47751
543071 673125
249150 110423
471249 303567
481433 825786
221724 596048
614327 436305
802541 378324
836380 187498
471253 403131
748976 996812
824958 490124
469401 403974
927995 48341
667613 910752
937360 569891
998738 714100
519125 747718
559523 623233
834650 441142
307422 403091
1623 942550
413684 497552
602444 671404
850123 386185
745313 797265
627516 436693
640851 514064
762774 967946
165212 835122
346089 388837
357936 217064
107738 692450
557573 86445
249149 50693
614408 123602
911182 90986
760089 887801
680381 570321
191333 5991
584158 908872
608792 860810
958953 138675
561643 184135
167963 51454
219999 538920
322476 405122
535035 431641
1862 858246
80812 308641
20991 599925
219629 168902
469376 172168
863457 458357
684151 434393
679161 221467
902438 950180
144259 47902
672069 807425
382664 313880
595909 868285
105974 832997
861744 371749
729074 773044
83296 612766
135009 317795
541282 475446
4987 759194
666243 466388
34002 90497
275209 790304
332152 661014
733494 37464
206989 431738
449474 932048
482873 986203
259959 233402
438961 54944
160104 439735
339432 870068
368334 698911
329994 448044
357639 391840
679690 923225
937136 854611
334843 691177
958700 496524
199220 108681
293263 372151
999148 122456
402634 975228
95874 24311
552891 99473
307396 372074
248516 830727
970635 335629
657239 708502
5529 845270
725542 335834
886900 18800
775583 983408
804151 669300
418472 698549
556856 574887
201606 48877
60301 705354
590517 974761
543150 521544
238678 553953
528573 83078
846009 688458
278234 887671
709758 136381
84802 341237
224905 792570
331260 855715
291657 463984
64646 505283
574864 729586
522361 113651
821178 469717
714217 193325
112058 391672
255414 268976
430726 491947
117306 962821
802258 428190
706796 620267
20790 664220
675587 440414
572034 183196
415863 499484
243407 848114
371679 397513
785658 274043
111069 604400
894613 112508
543721 722716
117082 263706
800639 301851
172164 12890
694238 466541
80165 662586
986654 649038
65791 29456
361328 979226
333847 429144
651502 685235
555122 943940
302480 410221
610116 17106
394902 760158
363675 679527
572465 220270
604291 230483
601796 347582
570879 76274
482498 856277
960121 385514
667755 161063
714038 517022
163400 930819
150310 129442
713171 616059
716229 356509
86136 586738
497769 889147
302438 856994
749020 242969
82766 114054
367123 565523
288101 292846
736231 197004
340907 189770
670349 46567
612651 134033
109980 115630
150540 584230
69029 197818
544281 631511
842638 932644
315076 138715
922783 489878
263692 780981
77690 755886
441883 335522
301967 678876
95519 738371
7182 705610
907258 383921
109919 680255
980517 72436
671793 755086
839724 388543
862805 950064
575516 44221
289130 83484
610473 895356
879280 140215
774934 597903
355270 437753
722673 427943
479226 775336
450334 420015
3574 330146
494979 858519
954959 388877
968149 94960
172330 494301
762327 466969
904449 182742
930359 377850
211499 100904
832829 345579
662793 986030
815273 539515
254116 944184
528939 454794
323388 367955
394944 525123
822879 612770
977290 726174
761702 748697
505138 473048
703428 575632
248276 130830
987814 213766
969954 903425
240148 974511
449334 523089
660976 123943
430530 346881
885831 365493
809539 537702
946341 497404
116403 31875
507516 924540
34990 553074
547982 575378
917667 979783
565244 600174
923598 947760
658867 732649
304787 267168
999787 893732
64015 154971
209961 958946
49430 953522
213885 924953
200361 435296
286448 496085
269253 316238
623779 760306
752443 759173
108225 954393
166791 654980
732947 683983
412296 711894
591410 409598
255228 343657
138422 994974
279977 119087
594522 444442
447396 38108
598892 570929
119671 969524
913516 722594
343440 806871
631816 429805
94398 17618
686515 574513
837240 449178
618574 517635
997562 363667
613658 342780
332285 380912
762920 460931
504847 983428
951745 900616
118976 687366
912853 254444
900737 10095
817676 317426
919567 930735
902487 696049
591009 127353
251267 788156
861432 230268
93646 795036
631650 450045
114444 694963
779160 728815
215811 868049
440647 959494
801005 968890
834773 190885
58228 13485
29794 698940
895377 188727
324084 902314
706355 406474
405653 720512
460783 516120
27052 897166
537979 251237
748199 666358
535878 344072
129534 71903
77255 254927
632857 284198
813701 128671
547870 193138
334690 660335
601901 17082
985076 104308
610309 226855
619933 788536
793320 227861
733274 627282
280512 175247
160732 456108
374255 519681
248371 782705
28441 660992
382919 46240
940786 954360
9519 254119
151546 431725
293201 70418
260839 73159
52764 434854
778125 717909
632455 953500
444999 140355
863143 897728
13764 51925
66369 816229
513881 731660
68272 298395
464323 55428
96570 677917
377669 714653
105985 98556
454442 209960
950073 414020
654114 375519
399488 50632
938633 865455
263947 718201
988581 745532
831233 916270
232305 157170
609261 386612
906495 605540
956285 114346
718559 95436
207226 448531
166874 501569
7775 483212
784839 792908
512021 952771
633172 497942
801440 386004
936990 738670
224263 229223
62205 467889
751836 943957
139338 4719
295435 764249
179508 86910
575537 993173
201378 994058
532813 719601
535855 806123
370768 920636
929770 362731
452262 494146
531425 275248
149730 886027
173206 29753
910948 856792
756093 609090
365807 919547
456719 401016
946318 678677
614721 451637
218717 536587
587969 919581
788304 647083
854729 194476
939588 874708
728736 260369
688597 255602
943022 459716
367891 225904
839759 323755
746929 968207
232166 896788
412288 113590
531543 587479
712379 240066
945929 33920
74062 280640
925932 665324
34434 360409
783253 828913
242779 884929
88098 581511
960445 123160
720536 398725
450635 576465
993973 764511
923428 541440
365436 484220
8675 234855
108715 552631
299525 89174
177484 320859
884211 899083
330019 375127
733243 769628
725412 228546
887448 200686
889182 812881
500637 263111
881505 93801
860553 14774
958120 858213
384503 512629
664676 367027
28490 224800
361313 929944
555295 298521
272534 30223
272579 233160
819079 647747
875180 203030
144823 625043
322393 729644
379040 29237
31596 49470
47567 214340
394871 917955
255800 203130
855704 839560
981306 432411
529277 529519
431515 35217
330973 846155
879771 871616
63088 285620
391000 486553
21225 78314
123982 929586
99441 247359
433887 712494
477436 311017
779791 935998
88180 895996
172932 820363
367764 138461
324967 111479
902146 32456
189513 327786
502141 175671
642700 611303
534118 637595
634752 426675
503249 149329
104555 61879
984933 846188
563981 779161
845308 315204
635797 787430
744286 347496
84453 910105
644216 723096
505087 262027
218309 694027
513966 581764
985931 214675
296089 614980
313166 316922
524272 596575
809745 705480
60788 848384
464295 863394
866347 153444
461604 658852
268728 656464
106458 525043
976306 478037
832818 504333
837232 464149
47733 750275
786138 744206
128504 547494
618738 474362
762412 35058
508596 439564
644899 827697
857606 878468
436162 428322
931961 289914
924808 848721
208650 771978
396917 841295
341390 199246
339938 918153
802546 810983
9539 271082
769465 145434
859080 826997
584725 636926
756822 150629
743613 68267
970064 987111
654498 429593
783875 935821
930369 968827
989364 131599
147894 379252
211616 545052
202134 789408
123407 19717
624064 520580
398855 131769
941615 355035
990684 119725
788169 481141
75689 294183
910571 204614
922663 984309
634665 168210
199276 782830
323046 299366
871844 989919
874560 816592
645680 839718
650311 173765
866378 203822
322059 992492
817341 764478
684070 640845
927752 689418
419067 381915
782316 997247
769077 480621
926331 546072
413968 281710
549573 422305
409306 384640
715364 199984
147012 214727
634576 215226
285339 571904
707858 619520
251313 141495
931486 929536
225874 929075
690579 10339
57689 538103
807327 343050
612624 313197
726409 89495
803724 132332
243985 421109
454780 582809
570156 120831
63480 968881
903870 735793
731059 643977
781497 610540
812142 247922
221639 252088
736071 727352
24725 18909
362137 481733
427204 177359
936905 329334
723453 429679
735449 421139
670723 934769
293320 953656
159209 718226
115069 780019
536869 952187
988718 846643
770924 939463
791808 13236
624116 209002
8236 135468
689459 187636
911266 211144
556652 174876
668796 853020
446503 35245
21969 533515
653100 541205
329442 729005
997421 937559
561218 973209
873693 93470
152465 202881
963925 538198
562597 214866
884332 621514
962853 552674
244625 746844
775022 207828
826277 146002
836443 117096
660727 143275
568414 426483
569148 163679
311634 171470
613887 15754
806388 760308
930239 25260
667965 139257
901653 394500
610443 21216
592367 486315
653491 312392
457093 354373
291544 267963
623723 498916
928962 287877
716475 114206
275681 159020
947280 752712
460753 345017
457050 692342
817875 462640
800134 598264
791205 307746
66667 725771
929227 651879
299701 83534
262055 657373
37313 450787
176422 422997
79050 333466
205736 659107
273327 304491
584843 841112
736326 328209
786292 863744
739829 994230
149676 272433
541220 554573
256116 63654
559244 464507
258270 726679
195209 350830
204807 774771
304830 974175
752899 781189
245416 953633
253025 584147
189728 439458
618980 46157
711636 62517
518587 364213
118365 881246
712220 409007
411079 514583
435390 672364
11139 629703
650713 607203
119858 719640
205409 165713
670628 223462
829519 156381
477027 455040
355676 836793
753709 90082
746123 964720
987232 651870
9752 453929
160395 999854
948961 624027
700413 767681
628299 122822
282806 584806
717396 975594
220676 544666
475253 469439
23943 101036
474926 693603
210553 223571
871118 983464
471786 392733
680128 945545
249456 966044
748556 859530
543856 199706
722248 839638
510031 969501
744374 83732
254907 296168
781683 230367
521592 217396
351499 957722
779133 13706
549734 836649
384713 202155
271903 410362
965 853285
352576 587241
30059 637050
56468 231266
118146 67975
863146 288093
488143 511582
63858 580446
547786 510254
839975 476865
513840 480203
910401 401179
733274 217702
471049 956102
151425 963622
806578 756826
56031 498449
324765 500917
136860 992458
454537 730336
777873 31086
664828 603818
713863 966159
935680 985094
145068 470414
806575 100231
820152 602693
147523 743755
785897 120046
142023 539261
851287 85043
622810 1826
626603 69503
913629 533923
873093 316446
238517 183992
30990 287269
146024 375055
741627 419787
457962 900725
174397 376183
917615 3162
362875 748706
173217 926816
30518 460906
451112 837607
953259 825561
958556 145138
248489 283625
427661 780075
388730 776318
437961 601781
15778 34904
440646 96002
994619 942141
802250 246941
175002 335287
618724 203618
791153 613946
675106 201438
840727 842821
943764 598796
219743 705206
873785 378584
67085 835144
568103 232326
277493 109143
763764 669933
499516 460484
258872 931565
969394 574381
177820 100462
900834 351982
968567 981769
782775 475128
277098 480694
913983 780933
515875 252589
66431 556045
834858 819232
442617 171850
517130 613908
154355 757093
402676 713820
317616 614359
604814 900142
144069 674443
58161 876192
46344 412351
607839 412655
254254 542345
316848 61457
537849 303539
388709 705857
670304 539633
548255 871740
193136 943159
861678 646712
886481 214761
75860 418952
604404 577080
575220 205336
519127 639586
79074 574648
954642 129510
704077 575638
19949 254171
298524 263758
632299 901670
182258 250600
468663 399763
547028 727713
60541 181794
416694 210560
4767 549662
69353 571207
164504 560116
508402 523930
439157 557132
48897 895571
729002 327374
26252 836906
586965 763237
813169 18645
687890 725044
868887 198871
351491 981443
676730 208551
20072 315722
320770 364945
298497 92571
155533 481619
702394 341638
158575 220635
796241 682818
326294 723767
518979 225854
512819 558296
648272 359040
908974 519501
537423 388941
618509 599139
416586 136643
688497 203075
192011 606994
538063 483107
970143 324887
936123 892724
548727 429153
890452 109911
221915 884004
167335 463101
656037 198498
70789 433932
176501 92477
666518 88919
774266 374401
877453 785887
555003 490403
454873 508819
805959 343250
77354 237384
295630 11243
962648 288355
648968 537663
714557 302702
501 360051
486201 781723
555884 554063
384680 767547
435267 356235
214156 394345
717064 86958
59298 162622
679802 620396
863848 450472
483635 98604
651063 361627
623229 982187
988396 548128
164888 229530
850893 681822
774608 339672
353257 464546
928997 591968
86144 693461
915723 361068
752347 325933
912437 538302
340821 756643
493743 720132
91889 325860
788816 201540
61200 713107
245170 431146
123409 964666
362271 825002
774209 32677
358983 66012
133650 717208
26973 186726
413351 767509
144402 610731
570594 672584
926701 212415
503723 580068
291421 291226
934734 680214
218104 92741
160574 639270
629918 18130
771898 608771
398958 758056
131576 935703
867419 933081
44720 989013
187096 42449
458980 488795
547073 471885
246377 3146
74774 278971
392538 90275
571232 335208
337790 465940
929565 60421
329491 725630
14658 911540
633075 945747
47350 175808
694371 534878
657249 606267
583271 937469
199805 776456
373938 322499
314033 334409
421450 73942
634834 696671
548157 336789
3324 220831
905949 350977
535929 179802
61006 642577
490169 568534
462913 886726
93235 205386
559694 460031
69584 834034
224055 348908
813752 790094
601218 921189
908985 57748
330973 261959
148202 305196
424828 119829
50994 169045
975736 526248
618682 965267
364551 95515
606614 826726
433088 206392
631959 513409
615337 8867
264009 702645
843820 205773
269118 470410
546680 76678
348839 272857
644326 33133
907562 200993
957589 495417
346778 348126
175697 953321
905067 176930
695208 243943
38461 334517
420763 323651
205507 514303
235280 944306
346796 661729
375267 324553
431699 232803
310613 645192
981916 740667
945731 307084
784736 461615
296859 642156
109542 450321
13186 675581
800697 69155
63623 777079
570912 622308
189165 368464
235175 445850
211356 103627
171572 509842
767859 586166
78837 978996
434412 347963
679533 383419
872043 151636
132964 979020
629147 226409
220345 965830
289287 741089
801888 820429
80099 491417
425252 773235
859589 212096
545925 559283
265789 342827
621310 957883
6641 350401
301118 384827
706105 783223
208500 116893
319090 736468
390232 111084
245470 475114
668621 251677
800194 997571
501851 408879
457655 275943
602420 358132
511326 597466
277766 40435
621664 877636
622743 913223
239772 11571
690421 426714
736415 840608
525947 387807
666322 335730
881588 339667
21644 411280
241021 778882
9234 273806
186465 2491
841043 862821
95308 518108
362991 683135
171382 346942
734158 635374
673087 109010
126737 555776
398736 60370
259270 523376
915661 729037
325419 443103
954271 208123
376893 242859
668639 384205
652702 312991
542612 259233
596143 563011
331767 465222
419034 231052
588614 50514
925057 384567
720370 643527
372926 71700
161761 584828
33225 101082
795030 39302
909039 14175
785070 685075
695725 810602
827361 135449
496582 359428
5232 5848
732534 168794
998555 635591
253316 845475
574598 195316
435080 722136
988000 505883
627061 910236
599884 550363
460731 942767
462662 846933
613004 51313
220421 524534
364114 170459
808312 301881
274601 470104
948477 648445
389929 889541
981847 549243
149374 606306
734375 530050
239696 792091
952475 863038
11656 862224
844012 124107
917338 614298
395910 20577
409484 312212
765719 337800
258118 947876
241092 886005
127178 304791
252073 902476
364306 752022
166993 292794
729886 995619
871772 31909
370747 832772
310111 764059
695250 693294
684735 127477
281726 482422
168534 432532
268456 789967
887165 834207
347903 635343
709240 30711
289329 908990
499156 845861
766 59647
314422 193408
752782 237537
337711 322011
869460 747989
270129 257257
660087 782689
212651 137467
808543 7062
413395 600948
332753 593098
40007 33911
89552 423861
72838 919936
2901 430904
406268 191231
518421 293545
622308 175930
702102 634264
663972 155749
112534 715931
499359 954125
178876 446729
822768 728457
381297 931174
18452 474669
767359 515069
268106 315938
389550 201377
515147 238037
235422 150334
822037 509623
564445 133919
220495 904533
474381 462267
352871 910892
447497 547530
631708 896150
335562 937511
336224 163754
800052 923886
798260 663820
958919 492461
102093 86188
860952 124675
892592 598832
5449 523059
1824 24761
642674 492363
407748 358222
983660 898829
797232 399894
198823 48529
352637 75149
249563 435918
257854 344315
176875 695986
861266 718138
816159 569786
489674 744459
891915 363885
432233 653460
311892 757498
619112 765459
941220 314623
78837 810283
934082 175534
832085 102931
890620 127910
857362 928412
566319 191357
2124 674876
707155 500340
15061 747122
918860 305833
884236 786952
924419 172243
973430 170302
7303 195849
410503 637060
847955 602893
736417 774610
753764 999191
949755 751075
355489 234295
918295 861192
298881 989649
873094 801407
20592 490809
960613 820798
517602 712910
868011 167311
579890 82090
390862 817797
642821 695853
446373 645999
815270 607144
471068 733133
333068 387269
662182 451734
952208 282837
559603 135506
781455 457453
857160 392866
276076 901619
855188 223693
45979 881479
262149 476642
787368 22662
996505 928111
345308 748221
704103 251538
947043 747828
742230 963907
938598 236546
501763 236485
854360 787256
30509 880618
451148 122799
598694 782610
205691 488565
388132 823511
582188 965880
928359 761557
706109 637954
213665 194588
923482 9319
392155 28474
689097 191952
493033 822162
833559 766110
139905 805266
208888 442013
923508 766496
550146 349223
304380 604578
782916 503930
466374 543538
959519 386747
815511 573014
65845 735869
648223 829699
384956 290414
358048 816731
481882 726255
757626 710924
445677 177944
118737 197566
839810 798230
2444 759160
50669 925188
853444 915771
848403 503281
202193 284407
382760 311732
975493 379416
750792 405917
143904 827970
119546 473127
672389 75987
437004 711625
243694 411697
363588 513434
611182 694902
221183 597347
125228 131905
878120 525689
425371 661092
416448 624429
839731 607622
308089 678084
46852 619565
819391 419638
602089 454814
101301 390334
725145 551060
490789 557260
244284 608450
439582 667008
849905 270167
492654 167462
387437 773581
38459 335853
458254 389989
316949 960108
877822 726655
841760 592602
745187 961574
718962 351176
222584 254503
998288 748263
658313 383542
375236 550934
247902 87193
134070 347231
667228 563549
562278 652036
735293 940533
984533 938710
257698 381403
840050 719272
649007 406178
168916 134955
684419 632340
594316 554166
757930 543384
802839 412575
736897 872227
475805 252766
921517 294373
612287 252917
12782 956552
908351 310602
143265 763286
202400 119371
692236 199058
631605 123846
45806 144606
838105 403668
640529 16146
853312 508629
934795 927662
762698 220172
746480 766625
951382 569223
216325 924557
731548 810833
236250 633997
101941 568036
55257 769340
920150 940652
481641 735725
307376 8608
639930 213816
868134 491355
616504 502115
25652 45044
669282 267025
648674 669140
578067 846302
259253 209392
354658 963700
273452 343205
592788 714427
874932 562767
123989 906494
434985 840634
705930 907422
372252 295113
790644 190716
943463 233926
388533 943136
922127 394493
815282 971784
680067 428699
985748 703918
55497 670593
672381 335680
524676 803746
10811 60854
884170 480517
549693 75324
117558 340863
548218 432469
831657 116848
427326 221815
937617 416602
449574 501731
707090 409099
181127 198939
29443 773544
460427 441434
313783 406425
268762 179629
50871 777537
536231 80323
182249 950442
44957 224147
39979 905184
506787 874778
253429 625643
137282 402012
234225 606104
383003 619054
189612 451733
360463 264083
54583 530328
189348 415268
400663 978440
898455 795918
473037 44633
159084 167986
712553 935359
45277 561932
630188 33157
171698 287440
919008 929767
843678 955251
466443 42741
88397 463089
12641 483019
922135 776604
467789 657651
936307 347903
638441 469045
115729 384359
623669 210846
378428 76224
835055 474992
214678 631950
342135 237422
837542 530222
416774 107148
98773 524237
684477 768503
29575 954183
406319 539717
195100 614809
661274 78616
378207 447648
838730 846902
913986 569889
634561 533233
705370 233217
794473 131158
222675 261877
761710 517157
115881 972064
22090 569828
306668 450215
654608 74105
518357 744401
432920 690277
715561 586281
245398 305751
478481 128226
265300 40143
297887 779503
856450 696929
192096 350510
766141 158191
529371 828828
485196 606254
679094 290644
753941 372402
668482 545943
471022 816521
868545 245094
360974 566921
32360 767968
85060 999785
673893 769892
673162 538617
502855 655207
474692 199145
378359 291982
648282 700665
347439 462641
452900 756402
352130 478829
386508 152331
378419 120762
285094 428705
834575 100507
27482 159886
307388 845998
493390 517957
862499 993990
980318 658006
40503 622815
107179 328535
227846 578999
241919 987515
457445 659844
93313 351138
424920 943725
960048 659752
93503 331558
479282 193843
599592 250177
847752 522137
838677 362824
285845 520713
380881 565680
409443 803364
293370 489241
802673 779637
195283 628504
558405 797055
657418 341020
745738 710455
529032 236058
926753 898665
809092 644612
473280 641217
514424 394591
334087 789608
642982 620688
55806 941853
78556 697620
777333 77489
358129 583899
484298 522380
281888 244422
346709 629940
911386 836599
701 418746
271330 819333
213137 598437
941594 874664
349804 582125
339519 790306
895221 51002
644 321000
978074 731210
654397 497529
965403 155157
562371 56585
707088 308041
948053 568752
780654 43548
408919 843466
446962 868219
377473 11001
710990 945040
63656 593327
995709 257720
114657 465184
166850 539200
271590 886126
777443 827355
125777 67412
962467 782572
855186 159790
844090 818688
870467 345514
552634 285155
179961 727209
913595 850903
249261 278103
363399 670075
274407 790470
917965 492724
793494 312820
240866 638136
771207 216244
894516 524349
365859 7975
432181 223486
110464 888342
143051 9117
487976 710679
887881 395293
900810 5242
927573 892450
55421 421815
196799 863760
993306 908588
691466 235412
207541 209769
627023 825739
258310 191894
343616 983234
605063 822688
911287 81349
180896 952037
732358 14919
204078 742407
94645 516408
116859 751454
580697 143149
870075 169567
336535 61209
526042 442139
587183 720078
435747 959564
655128 84430
724929 129528
496742 461818
397108 859869
337732 407383
899947 775563
524900 109521
650508 939969
526629 379552
668141 108411
796485 537902
982883 412217
299920 833879
311678 847425
820271 688848
802851 731481
231521 478697
735355 288972
271277 637253
714055 401696
49301 355316
821003 994677
768117 563225
736279 477148
689257 593416
92076 770238
316147 161742
535633 757908
548216 394440
763792 964439
903035 298241
322083 370375
17036 304548
386150 907016
210756 330602
528857 160071
524370 134944
278689 172557
810902 912515
355629 601159
56330 727786
828817 369218
651513 819551
482365 241098
746739 864635
456151 124666
782546 559643
439661 775623
267824 886882
631781 787632
329575 489386
912619 193902
110424 351237
433795 629654
22693 198021
314233 418113
78492 858608
848641 864366
894613 837196
139772 263382
986047 970440
327022 640390
744725 463699
409030 300320
651984 113499
694117 88139
794363 37971
68104 402327
167744 280658
193493 564537
891324 237053
306808 605314
363716 569658
568023 794958
103679 596477
142331 790711
277224 572245
293398 271155
804952 980170
924275 92286
939065 153879
862469 480134
822568 473455
414516 535390
74861 492431
784860 994780
86865 191977
997365 195843
797056 93747
811138 361985
476734 366981
522818 308154
625510 683035
972771 679919
50760 210276
822419 444722
299653 632434
953447 847165
866994 242686
35136 948122
856341 625300
750477 794644
823928 375619
798008 760466
844037 270406
690665 629938
861756 463258
349084 10900
505599 197156
121858 754340
2281 416013
848813 512447
474769 914329
115913 514794
839932 30553
861568 788457
677278 332029
835032 609264
81320 974077
299590 140762
107045 175699
634637 287233
612879 546833
394180 831137
545783 494635
560280 315239
625762 520561
113182 596324
190542 258187
322756 120072
3651 241685
383948 481693
6721 801596
298031 893175
665235 930163
59767 394447
840201 982173
100645 383665
461922 474518
53600 856850
867786 813195
527323 103511
814072 950587
589079 99059
708352 407743
216824 46735
309179 962048
859871 699749
172342 145504
762792 508442
854722 575310
655637 677940
705782 297484
33372 9404
590698 406656
789204 427783
266367 862898
133622 307742
887933 718390
27483 586333
451141 944159
268430 479298
803541 42349
409538 138062
681170 580801
755659 89021
78007 426667
293814 300976
755688 606540
142380 313936
746209 696883
602026 25873
540873 851171
595651 49383
529883 514450
23328 247893
914141 619485
879914 300634
309884 846692
481902 248134
949352 178166
864321 156230
926562 473257
821537 305259
258073 113523
857920 273985
292319 392744
294459 59975
581061 73509
149840 412686
728298 302218
791643 21835
227797 360480
505136 50073
891729 582333
126788 970600
511448 134160
85659 616947
116432 716576
120089 929304
483272 896426
510001 152524
869147 431263
20659 930258
852910 802216
190287 335677
359708 326359
714764 916672
372929 199593
119271 358995
769347 476210
53790 948861
662900 86623
600321 983814
363476 278560
377848 376035
10458 183412
820028 203750
556842 362222
142395 690075
829276 599186
974131 997986
975648 8397
853000 219015
740652 899409
748601 733645
75288 452230
737788 408795
492628 522606
619019 230859
713806 659572
430460 637298
527630 401168
493686 79615
240024 266894
557020 625341
981469 373047
628456 6163
6736 630323
122577 442391
441291 976419
855555 948310
671359 99023
146270 36136
363508 516041
234818 486318
246810 168795
289921 930339
449885 72732
770180 315028
318245 121629
663217 266561
555934 286432
462647 206285
318292 809576
927223 276347
598493 225549
82724 531248
778554 615443
192361 416318
793100 959853
466827 866353
290116 933572
561648 425914
700985 468090
181131 947150
101495 476587
276969 86043
669043 355166
612037 940166
813482 144473
229429 642497
788880 245251
431442 645546
640479 80905
944796 837757
427367 572097
232216 205537
104349 850774
260863 490638
847240 847662
549275 872638
431365 54900
937450 766378
977912 713380
667514 647378
430376 320082
768895 463844
316834 752774
405140 734037
461597 446463
829087 29679
287276 806293
496088 457208
995461 450930
850442 721076
577694 128458
603412 711688
331220 898957
749884 848877
818808 187292
329515 381553
606645 612663
235630 285853
971712 282183
838135 76030
968837 618556
517477 519275
456288 455789
396113 15649
766444 696727
712183 724365
976701 720879
809431 129633
531202 547031
79871 599043
721660 183332
514850 355525
298980 73755
916830 245317
822308 214058
748812 691613
849839 763561
224844 161976
621011 736693
648142 614701
995545 690467
901329 265259
279312 195670
103125 368430
289961 267830
40072 454975
264533 855780
834153 599356
355976 367769
553540 468308
530204 701904
686506 882656
716950 797732
575346 150018
988192 674840
378078 970326
629871 479988
775427 906781
306453 577689
648019 464634
941960 595305
585162 115942
182279 237997
403723 94648
283378 222295
684165 342872
37001 76890
231681 454909
729084 515214
526358 978242
53449 652673
663080 432005
513131 694721
732829 909795
246625 964417
834182 225468
798143 787061
391897 407490
477945 178784
884415 325676
613070 747336
296851 923044
398297 656106
991821 540152
930271 781380
722824 799003
528320 165291
882900 867989
224945 999221
884543 832628
235671 792401
356636 708058
316732 28406
231898 324833
887088 92054
569479 103308
267474 816953
266198 609893
609494 174192
649324 47552
998238 35755
247414 586220
95549 227362
228502 164880
416423 550431
748567 882164
601998 789778
525051 723220
315618 785381
176404 419142
955977 727035
937486 399519
510527 203184
483013 749611
973265 421850
834538 487056
664958 640785
94812 447869
440601 888569
249182 562900
932575 278974
116757 777195
955445 889936
254495 60314
33691 712940
493623 526006
929033 135217
883836 217159
444088 760149
190825 635671
107307 560866
662453 298675
220004 743660
393989 828521
876548 289519
946348 197120
606918 434733
146092 29369
905870 907295
181520 237962
907462 499789
664696 318628
177059 940065
6565 985688
690341 864231
559536 862975
848180 685155
97506 942132
907132 134716
596804 274048
318026 7000
99491 449461
237641 44917
808619 655844
438216 256378
288279 901904
453065 159063
266631 767695
918392 640742
575881 243579
124464 641479
125729 237216
11900 777258
737745 983100
849942 339948
103515 211158
32543 332795
924112 134334
294572 533134
512091 908024
863172 21060
864706 896748
81249 234089
188969 603102
597402 81780
351668 524049
321591 859325
366026 505656
54094 178178
863644 991763
503416 538646
838833 141184
444101 818401
813627 346447
474169 589719
22048 921946
475092 483526
385073 512795
206264 165344
612587 978291
557469 311325
274460 453699
536584 895568
422576 929932
197469 343327
513532 519979
120673 840334
537878 951987
968528 840634
364650 831238
13727 867047
887251 418218
501557 168129
941226 213261
963140 432275
152761 58106
250443 994105
419051 284034
469443 66819
557083 603093
724742 132528
866840 7780
776194 328034
971270 248746
493050 222505
243511 74874
160304 569922
570051 208249
535944 204863
601780 943352
159680 825023
892373 794013
158886 784017
205904 752825
789534 291644
709956 157053
96008 531986
587519 563181
117088 122266
653651 782759
790709 280066
141677 690169
139950 704289
282190 903355
100835 364232
598969 590997
688138 241260
85553 292674
18823 273615
767592 535893
109371 863172
518660 30960
818970 440433
303598 890172
789787 945851
144969 975647
870281 856987
275942 849608
197368 820588
326281 987684
686896 847268
852792 396527
767926 299690
489268 681767
473883 185635
84066 948913
960431 146878
14395 289698
523143 827278
482439 25082
555686 17538
784649 779438
866409 683129
758344 681784
454451 785663
364135 801361
296709 631797
378260 945139
653008 877952
135402 413476
602772 75101
183836 952857
638682 754065
461448 385512
751295 637994
554332 169793
102598 496619
971302 776242
403510 184350
937497 267702
624170 697445
807414 249206
118005 949932
711030 688749
177616 75241
523572 126435
262298 488137
450874 754610
529726 739922
933076 749981
871224 863903
498259 759941
930407 215107
312507 222641
111754 304005
939870 249316
383167 983636
928991 640363
196161 537617
706790 782847
263032 187334
12072 811466
872594 901286
791432 267409
945533 976678
893721 761621
71314 683465
872691 470709
806322 592605
440895 341915
937883 408178
551463 933724
395427 476824
304792 546663
52420 520999
579660 563440
83880 172605
606349 866933
134832 8052
448816 349161
781381 726036
155749 636114
298995 782332
451120 164589
528350 179874
794440 180889
489119 27620
612725 349520
748454 826480
30166 412297
855158 596668
63150 452416
551990 993500
769009 808092
859762 369065
970839 469457
110711 452511
848243 81271
607053 969601
179174 477886
739583 405790
232572 652904
482472 677752
127934 323213
213898 426707
411560 942526
101091 658658
430194 918730
542098 319030
315258 785038
456647 793787
37031 253040
24192 542889
206009 604840
963795 124891
250850 273724
528715 806214
992284 53584
136881 640576
424545 162038
695952 482143
303375 890245
341694 804321
999830 663370
396816 952364
511730 122121
484364 305183
285729 426732
843992 77106
731998 814284
482734 25884
441260 533482
230979 853351
577427 85455
477697 216668
313424 145395
798293 24227
148515 730787
178185 79857
844370 415878
153647 118916
668334 874880
14045 175796
145839 551212
251797 883664
360136 231693
604832 856401
153090 206369
784455 405192
958360 277025
180787 319968
207676 304778
955627 829330
947137 612728
466992 263469
261655 73692
564294 991018
166099 505430
495178 700127
380237 855461
262016 858704
364488 4172
22251 229832
558063 657571
786875 395368
588148 403386
179911 154416
142924 294441
804020 394891
770586 85518
888944 36007
378277 256704
176587 442988
874195 62098
666954 339665
28264 47812
727106 792228
523210 982800
972393 21592
327566 415302
848566 528559
353780 430556
917536 203697
731223 294864
706137 291183
625668 415302
494370 273794
302466 751440
73459 877019
770140 539273
931038 188314
974009 337721
374503 74722
409748 83698
553616 410799
756561 321588
634720 634664
21872 36752
455538 190329
428566 350156
29573 537802
383410 339891
220280 672745
27673 643972
880524 176097
418518 890281
144965 488656
775978 7266
511422 950393
214760 683685
87512 181556
17835 302377
307757 754111
142692 106907
181622 772144
232535 793936
103070 510312
5274 512903
87376 868359
198474 39422
756544 187561
267189 871400
956574 971609
768521 578005
112121 299478
434463 785225
594937 371995
910727 794400
222682 749301
781287 850178
723573 683599
553539 595097
754212 262297
157434 212495
234235 305046
783835 108796
208172 735988
272005 537679
424237 513811
182135 713847
178789 445353
849405 728490
317301 475387
734368 663963
123038 987538
552781 285909
635517 133132
752822 436347
40259 655056
483210 985731
600504 443815
87938 945390
313797 708373
576871 81799
78956 86848
328566 992099
177182 634827
571668 129183
791538 552792
486517 323410
928687 311363
821311 912826
755945 226721
254898 504454
921192 789382
138659 489073
386331 839941
729140 522257
973476 251562
837336 323425
841958 45777
124457 379368
746234 571060
347758 636648
983461 660114
285814 474408
170791 121534
310490 45660
303507 17413
793797 719474
56864 157822
677030 657399
474887 83476
707725 538167
833140 342525
13439 487057
542865 814639
481991 489333
732082 594458
314457 152077
738997 772210
231618 600361
237150 646253
620164 202975
93488 541299
963121 210735
610644 989228
641628 619466
969419 181015
283159 276282
684341 159572
495625 556953
722645 889965
631487 274502
987296 578661
928046 536790
376278 407014
862564 213053
467695 953786
984763 757696
319081 170424
438956 688057
93303 887700
634753 230787
353213 707274
919219 613940
163980 323161
363218 690124
324661 528272
536585 956730
744971 44949
352982 746115
777640 176237
27297 416234
867366 801063
388234 42082
505846 852442
251100 332975
896 897485
315348 318250
261148 673070
856807 629424
12260 380204
981700 897756
234299 30583
972718 62420
427518 743238
494229 865033
474246 98
110045 552653
786612 467216
837255 546579
583502 691841
384111 883096
410952 157155
395569 823920
977408 832680
266455 324018
975495 38191
97161 296400
986785 549562
499416 831068
114350 982425
425234 955511
458638 438363
26914 329865
856372 752031
686498 550982
415487 284400
352931 267765
548820 308067
541832 385800
596149 102558
171948 111449
273663 516119
79795 217624
899881 180393
179980 324096
927219 19784
608316 298880
102968 615891
891242 290100
392223 89999
536091 301069
94125 808315
741313 867432
268786 890623
228437 929049
557172 230089
562089 998507
77161 8646
67652 291939
390338 567767
541670 599375
363672 512673
593953 323782
607647 995868
858977 950897
130680 659450
599087 406760
72473 354508
74425 477849
916327 545285
933502 716043
311039 682740
897276 368219
299529 143770
872722 139225
372553 945219
637652 204313
304589 414287
30585 909090
551534 891953
589972 884602
417223 222433
257095 339119
440012 744835
476003 376632
171866 637883
804231 149412
900738 979831
451235 334433
95055 503858
541057 722906
705247 514574
397241 27227
256021 465868
14604 451472
749044 838524
749460 635821
449320 514606
835601 508417
610916 673149
772564 127757
364172 117395
76118 48473
780810 295697
8008 2055
290189 789643
383204 383107
536310 943416
470110 97187
164953 358229
518985 726597
376044 897986
3664 515907
309535 296592
312351 41252
950521 178936
819988 9995
977469 223324
768258 577859
560365 347479
754393 423495
724492 434478
462552 863629
86606 994427
370493 613257
563354 26353
223065 143408
654724 653057
52681 53296
843763 917555
130055 239883
381885 564901
202028 941810
868305 464733
92681 791351
924340 152573
23238 525680
412481 710815
675563 671320
465450 23626
446466 834183
597814 416093
730779 939089
981651 553995
223199 161032
394009 168603
771833 306118
417402 784112
140967 948851
893744 54972
281374 145436
552802 961347
282492 699204
214391 611008
238783 594281
641723 787279
512704 582267
841382 676304
648550 111164
5236 399857
243729 351559
159916 877125
308829 3437
806152 798471
710331 851749
164958 723715
443838 295390
810067 953054
913325 287306
597655 324582
397897 727053
623781 271418
311250 827580
761614 707323
611119 931847
846629 502374
453818 878237
189068 192182
491596 358253
349481 642827
46146 924890
725347 788540
82774 253980
278944 272086
234987 698196
181447 477403
31672 829102
825972 529832
294099 381089
257216 451195
795824 389976
34845 782704
741763 457569
36851 776189
687101 227357
392260 384101
39995 147836
816511 836119
225939 455149
457554 353368
713611 831385
549031 639955
13548 636158
315240 684457
511428 187944
73895 476027
404635 889731
794402 8731
625272 302609
929809 373728
781949 82641
700616 365379
711395 629229
210626 579235
708559 193204
432974 605748
838259 407107
236635 771068
788125 623617
785992 780795
159883 878880
759314 172443
68384 409465
916812 999370
205825 314620
87039 581303
119701 478535
18361 761288
929129 557303
538900 619141
514359 573138
201825 682987
897107 505937
284634 544380
152140 74223
612695 329821
70435 811004
492324 52761
337285 74231
346134 812810
447822 963453
580023 423024
425671 387009
664960 33953
652624 795740
215602 130749
186769 395383
174879 568019
616519 726694
654785 616983
849968 874506
623635 133327
392623 686856
791866 647153
491036 932911
563103 76232
546317 3663
578548 828428
413532 419773
509743 393076
608783 678389
977756 371509
597847 767205
911281 340908
37472 859372
184731 390954
707195 899364
657206 463166
590553 936506
611685 28661
997310 422001
489514 659993
934891 363598
74130 882667
619124 447050
601600 664443
652370 188155
817161 977369
761295 354650
938050 490306
