7000
751670 595993
430668 22387
644502 404807
913945 503941
168700 808030
583302 968199
912522 435118
935736 729804
343153 984958
12390 39217
597599 895452
601766 207881
495409 336450
864346 626690
423786 231420
790378 16591
371175 722884
583043 634627
13026 351581
485518 419869
836915 995739
759334 729194
413609 943249
278430 620393
16282 907375
856276 244811
360919 535030
474403 224204
325807 160386
53849 341439
774952 994673
855021 401830
672541 141006
482606 991263
851614 937447
730861 962263
622912 30976
421221 153139
201448 842652
373246 223204
892131 41762
455940 363528
418689 173630
429158 655580
570406 581034
666294 859814
27057 67286
270585 119869
774210 793000
394356 851630
664116 323385
992537 442774
181506 704208
676914 387889
928623 180482
386333 662709
477658 925522
402441 244585
539710 203706
461069 301135
56005 461688
211267 672200
647972 274390
506836 263527
966980 575225
940972 837361
455478 788374
764706 348294
485578 807817
873101 481879
963246 713670
429032 661695
845264 235144
243746 271058
867017 727452
626727 985791
532082 397430
829582 271067
8473 610840
337390 323628
17473 64521
832043 799747
538091 945665
765911 341487
790379 526003
572395 460486
54797 606006
358840 993025
794261 260244
236096 142679
343998 844310
442882 915803
655979 94362
329440 304982
757947 956736
216900 373481
908133 46310
324552 145588
18961 869317
616799 519921
917491 865002
924108 887189
982704 34601
277220 237660
949052 27852
418394 167664
741862 437338
987962 844771
228167 689343
825652 944384
110492 140841
299185 86981
772801 324427
112828 528840
604413 559589
46854 81250
684181 999398
653585 815489
769351 989137
142995 583818
551780 453383
32495 636401
539069 114055
356134 972722
671815 282011
38659 17191
665179 204998
837056 169444
237946 88718
246214 923164
604520 236908
279318 292474
99929 855201
486355 873767
71395 150178
184844 521209
915940 407563
351824 922470
640801 614164
709288 613880
421534 930553
801211 644843
106948 828847
505919 151525
364164 580814
499254 763955
148783 414457
247335 333797
982866 72220
372066 298437
106913 431914
795643 7671
547595 777069
999674 680807
65037 346962
928254 942226
23304 692315
32714 439654
644817 705848
686269 139300
586363 303143
235543 372908
864934 218077
898754 961159
203332 731346
785658 105115
583523 799684
586542 244251
871479 133486
607441 767950
7768 465172
975684 293279
389657 415992
215364 376643
146635 129861
350227 293125
55206 451204
80028 525435
160588 856664
672060 746045
507870 386129
900851 512983
181865 971946
677752 622741
597294 47055
978483 213172
673208 923875
899129 158516
988597 668314
991214 928193
658409 591770
141729 442629
218395 47947
207180 853610
837132 99574
91617 867400
373007 725059
769131 57022
924603 84747
634212 982386
389234 173327
398255 240852
228755 435746
104593 820230
983622 984360
583702 769329
390749 96972
754775 638425
217971 341925
273137 276832
338169 730216
693657 521084
960775 734430
486750 733532
373623 218273
230927 449132
713876 139426
740738 389938
991272 447172
332479 666369
480594 270994
497387 706071
927997 842779
777294 912698
764612 230677
505666 714474
94010 463412
972214 829419
817616 909461
312622 376439
896181 644539
863487 587395
718107 205172
884784 996241
909712 780720
503007 545238
44824 717463
547533 151936
106422 260933
422292 590999
888550 722029
343383 306449
63197 672903
272845 186027
570769 602209
135588 241008
988258 151426
91371 110077
599584 701993
84063 381176
985674 862598
109148 207024
206169 682607
533109 498543
304136 301127
459620 232231
964915 719511
786410 636675
119370 788224
842248 749652
302384 756357
263318 294605
280905 816585
80891 561377
688712 35992
637925 269392
340335 664685
161458 734034
187162 560386
507094 550538
3420 608749
331865 26608
749634 928986
125437 390666
876904 862749
539574 55509
123905 772031
492923 811584
307329 447931
115292 498506
414294 65284
214461 473885
349044 985783
227255 563890
427123 934891
387169 89354
331952 597847
343865 625873
835221 738948
424681 310003
429341 818187
650080 87150
299508 602427
157127 935474
955072 785161
171746 85171
491951 501716
85064 705147
914335 830602
144688 583275
608668 534475
207837 612386
286081 950531
470586 695421
333298 799321
780443 985828
352030 565710
312027 272443
47431 328
279215 474531
429653 345889
11749 765649
463691 915218
177022 298714
677143 254397
411729 68526
561138 350942
462791 167776
743133 734474
453337 885916
84528 491798
12418 646211
278953 962203
501593 774926
659241 656850
776355 92890
810306 94200
168235 244972
491500 310773
957904 276752
160314 709876
19757 58343
991553 835049
858782 782590
472121 392690
532263 33298
600698 510387
291310 766284
779885 307971
441435 960636
928898 648306
478073 324726
929440 272357
992927 257431
788416 661628
811598 247188
762543 454756
581571 405917
287308 576606
891815 304105
598619 115046
82241 920879
219280 519768
437581 843294
700137 420436
389481 649932
170511 901212
107553 705597
516893 456112
7478 729812
179257 11150
900554 57979
897776 780718
987693 548871
408034 868453
714213 678103
440047 520863
266005 88344
367897 106289
390260 369757
597305 962762
293755 312129
982606 425022
540675 148516
477080 870865
595840 80719
708593 890311
473312 312511
442576 831063
836156 42190
508502 377537
16713 261985
540768 562380
1215 579884
424175 467996
48084 314844
427588 753491
971180 785729
862903 247838
234230 496369
469822 666932
661998 229458
36543 812151
246961 656272
861655 560229
680889 839299
463754 134172
371137 15026
524314 477224
548837 170434
872622 68263
479780 432263
683526 712654
40729 994407
576449 564052
112081 965484
792091 573645
91305 684960
70764 450614
824870 128642
319808 765170
633103 74905
772657 597498
176645 390473
559741 174137
600516 768627
117515 908462
35517 35596
207119 49946
307804 361865
414426 873547
865748 837805
989739 444481
382786 687887
831169 931489
781759 765998
330766 763552
788556 557843
504368 176616
556364 251228
235462 167814
343512 158940
875159 767352
518432 699435
615207 722574
734126 169520
272866 874487
214567 15673
300803 338524
735461 446799
223536 31241
988320 998575
274455 871827
554643 816542
504149 164079
461294 760519
743198 950948
940688 541759
189122 353885
780942 75724
716383 104641
843409 369781
538346 852351
769691 90953
455818 833801
375041 180914
106912 473088
369296 418532
143634 123555
637407 138588
28161 526220
938111 242278
207512 993963
315303 240036
405120 217962
491311 754106
642737 548483
145608 900066
59548 24045
461781 195065
446282 939336
892174 169128
318291 557056
985925 509233
625764 816775
161224 274557
120901 565883
593541 773257
538256 296432
420439 53872
304471 179800
789586 619059
997489 628346
168574 177804
885172 446925
713556 538605
886603 775437
627657 50239
649632 653567
869185 954252
942615 153705
736981 469273
801912 184404
454842 727702
420369 938339
731364 60422
808026 976412
320917 545579
61243 419681
505523 407064
620217 527063
999530 656793
917037 634092
417918 999226
454006 639233
509308 435552
608141 474390
264496 955306
107329 467418
803105 19742
133206 500230
513930 678168
279864 50275
716724 463254
962881 169636
791346 524149
795505 562540
215541 826653
800710 500866
957100 636375
481131 98848
691043 231000
404889 64251
696250 169568
25124 405031
122775 924103
303505 19970
680223 618097
1266 808799
514550 208360
513721 424945
860860 512356
796577 368451
390446 974650
327971 241323
303742 807208
916451 206843
667250 240758
198091 186158
91005 471345
638035 158458
375182 549742
647833 985760
901806 103633
860660 603883
249271 143890
686896 377270
283677 493946
800663 751546
277156 62581
97117 862709
815991 769815
38112 458485
340903 969773
886268 155615
401161 441842
277258 522952
843608 296
248427 973846
79784 164478
774282 513016
851537 561988
146147 659820
529861 381422
42887 948392
119103 649859
37170 508038
852283 246199
746550 247156
432696 687739
57114 294592
955144 738992
620343 981818
202519 32765
241983 699396
119654 479143
789171 200887
333936 395486
651800 37779
422478 647156
835043 616030
705023 701995
375159 383908
866262 215564
43423 204100
62928 784526
368371 297774
226062 800081
483038 949215
319004 690756
975131 257713
685592 285830
882616 866854
536047 108864
329082 518638
357797 45463
558348 782649
110666 428450
600084 408482
78454 540936
782463 491598
28415 84634
576777 821143
999961 810658
934704 159617
846794 141995
891529 886246
209153 335162
935196 421519
527275 718969
568941 11506
118258 794303
948574 958899
380347 399090
845206 448581
997952 1932
211001 367082
3858 679313
234270 354188
680754 338966
945820 963036
138926 525244
484924 962756
802605 536910
772149 799854
245055 932569
425911 703401
491319 563878
726594 824999
786234 28620
795818 46466
290186 966564
438703 589540
687856 426509
154339 495375
501969 93733
420401 699732
255830 705782
336788 737540
359350 385235
679431 699424
491612 957787
299595 283047
211455 52982
532727 614553
578844 883505
244306 4020
72307 941064
500399 865622
479882 276232
653188 41641
881769 436836
751524 834479
109858 882787
330372 211991
343862 123432
515050 109540
225208 376111
327194 550272
714803 946884
438996 352357
97520 854311
163330 374162
713517 690971
353900 162966
456952 693206
483699 718363
588075 106395
106558 535824
531329 536348
449409 245785
888218 650467
842887 447068
658329 879273
679329 681731
735551 955964
664079 695518
612143 396702
945006 237276
216987 441413
13510 467307
16166 509001
677793 588362
227364 854578
917800 773055
550585 789554
770017 192271
928029 722133
557450 68194
249031 533478
617778 309899
651728 466131
421732 53990
256560 101076
717539 539615
559154 955563
718381 387506
28484 231008
987945 510601
452212 647923
968620 401206
270744 869430
454602 968125
589613 541823
855190 659443
368419 371200
875944 927672
858098 644447
274655 231252
826057 14457
961675 299320
262460 929049
143059 249064
157405 107703
365636 947318
967264 39084
133841 246784
983064 316436
356742 735734
831904 560986
23073 466011
208915 885706
873209 306517
479918 170178
681455 812006
797557 16008
982684 445356
878708 848785
686253 553670
201637 512941
271101 10371
94172 40911
329199 198347
43234 678051
912365 711873
190596 842779
402959 864142
130952 399969
928561 995463
149227 638656
242389 734689
709018 300542
704380 578361
248739 785916
98918 547674
636702 639379
254044 469042
815318 545998
961242 18453
187745 515194
686454 468592
73800 52081
336478 309861
81953 850929
858853 314919
424097 679354
393653 413209
111996 934864
769219 102450
746253 849713
479050 400615
255631 887833
664240 63184
764459 462207
284965 9977
104691 855818
77177 741944
562713 740247
979839 978599
382832 297120
162809 217345
208168 945177
159713 424452
641038 562957
974638 136322
313446 619349
510072 189044
432722 82724
863941 710592
974474 466754
612040 631333
657001 693923
33680 306519
455131 604674
63208 840036
177307 228123
824557 430284
915864 364508
888713 360509
939748 219068
568276 159418
149192 510729
970802 425232
968458 549264
546319 232061
371033 497702
716977 62176
89781 502648
371647 789077
745751 452075
396559 967495
801180 794963
654552 960768
246107 758989
950324 831334
306451 321386
391457 283354
735566 686043
678117 513658
155271 888963
295367 467238
510185 450576
381587 716783
238014 694900
294122 22241
37543 302884
318055 110041
484477 146855
956532 738246
817546 686406
912119 795022
916349 984701
223610 327467
924391 27470
263038 843775
57939 176878
474705 749432
293082 200088
632278 152253
702081 37576
450740 487975
966088 46350
199349 700951
182404 175103
763350 548557
724901 71996
412481 498329
731756 801305
519416 712134
851429 492425
546200 167633
323934 572558
347551 567317
752015 929886
444749 623821
551984 297230
470296 296472
834095 473710
590855 144791
494261 632928
607083 752310
41482 555297
834370 559112
884004 93076
774835 411326
662766 410781
394110 617326
414973 125991
274841 736239
714245 693502
337294 556150
594163 39597
173690 82935
205951 865718
842313 657561
306996 119405
519827 175556
5621 815956
727207 318408
930924 846224
562657 36412
385870 595459
971549 237836
584896 723129
887234 353810
864897 852127
667805 551531
834835 523138
35457 910547
630772 622282
770151 559399
878161 663333
210924 655200
209962 680143
725093 399146
155269 723353
156873 251459
547524 501041
197576 416243
584451 988125
562359 230164
544879 995577
981824 331450
581623 682538
712781 604898
490762 345853
835711 205571
212314 76813
664563 607244
181063 282264
937564 639001
491323 756229
239201 85392
486463 932030
190934 193014
973687 144188
159594 979693
659462 772560
531813 404284
802050 243138
659602 290441
802313 568107
540948 12589
761588 322037
53429 396331
639472 649403
262969 691467
438989 260974
554995 594993
657885 342316
130717 387311
802102 356947
311005 794639
854032 24668
17425 535826
345065 380946
89173 207876
368280 940852
73905 243472
702634 922206
666329 630924
493059 246489
508384 894337
758165 352679
704600 656016
340634 668800
635222 672420
653920 971195
464642 122367
827941 3756
604013 562873
952344 645064
479647 57302
339814 101130
115572 432840
415981 19161
724154 359294
970133 18640
480938 733400
743848 500657
162813 780247
661505 288024
238418 990049
867073 397089
381510 509801
266082 475756
723206 191766
925721 907092
579079 636704
42952 337466
399136 26028
710417 865457
270628 458956
68512 318490
802036 574244
934461 61984
816295 56964
836154 216882
626221 535229
140421 257162
162974 292622
910980 727570
593991 305405
50270 385196
388932 519138
126059 982061
120064 255657
559345 997868
550863 548297
121573 21823
436033 527721
788689 747135
714242 169137
167138 804680
965497 632089
910367 373872
61550 442688
451877 165362
420585 903803
196652 869996
101553 911952
828655 666182
839560 715798
324338 350349
948356 668471
390191 489673
697279 71992
923713 219657
120190 196390
516312 412778
254940 239740
289599 632554
761644 954730
286235 345535
755328 565623
773357 31457
435130 403442
132511 244383
932794 854588
538736 534463
19195 158542
870055 390578
472155 35198
972296 726340
449786 767777
164944 689905
197206 719209
476798 964486
859231 313962
781003 552879
911127 126524
603189 124770
325931 796490
240295 698281
994268 916187
393244 512756
745932 481838
481413 923792
444974 404256
253926 428142
217878 735079
82775 22723
233380 662234
511401 782458
294149 941261
768313 984742
876617 431054
507471 663748
385068 169857
137242 324895
73574 925291
752740 795506
967491 820153
527514 205851
974858 295890
458909 559802
830424 968951
504020 11660
769274 21927
904949 193281
902204 493744
179943 713066
679714 93733
592773 638410
835944 529327
610305 641409
885446 729839
570698 434285
563579 872850
728950 941181
323717 267664
698339 768788
444363 665671
371573 58845
139550 763640
691409 936965
306852 56908
145779 476066
539028 838368
228352 701808
586790 436106
964943 734504
661052 321601
559253 612116
37706 325085
57269 506157
373158 930581
994906 73639
803821 305325
324897 700128
176812 195445
510881 191897
382284 595630
472328 306817
345116 340806
8362 142118
848886 208994
826569 865704
629204 211693
38577 197402
961883 646360
483362 71929
324245 272248
416040 475270
671672 998154
32271 24264
239806 226898
741033 59902
501344 912290
118589 766094
970668 13796
823428 93992
586811 827481
906282 816415
622358 681008
207925 834782
424920 530211
416711 780730
238026 11743
893040 368341
225503 400490
322170 175510
396342 233042
428546 779474
416161 785508
563778 273224
323697 442034
84863 406206
836756 872818
717023 298243
930618 692314
757102 171681
246621 133349
896575 668145
543859 383711
572744 980915
762293 608068
987907 742951
69266 851048
496337 170814
108198 882723
348719 812138
300427 403432
970433 521291
488099 427065
877201 875088
693605 13070
217422 926417
862413 653212
77521 989269
250742 946282
239676 99543
67657 404416
358876 160951
85407 572999
810949 336652
240404 923568
95258 974349
134011 265749
41692 124356
383844 187732
756812 593240
866539 200531
321710 415645
276378 442504
60165 661690
260996 950079
444116 151604
50988 130174
577419 307014
463346 885486
456665 776272
46785 265543
585230 696655
701858 17406
694673 540126
394834 378766
608687 460568
505640 230074
905345 621978
463889 378523
469145 145593
845530 583514
928691 78252
400568 573379
774349 928035
539461 740662
86784 267501
782845 539228
557833 760151
254960 320275
191367 421340
547561 173684
647474 610900
8604 942393
990388 172640
81471 361506
228771 100873
673956 955386
946542 204230
667056 770529
648327 97198
433169 892074
416408 253798
108585 412076
58807 74928
495482 274801
801086 384888
641417 567263
387275 36746
930814 884555
980325 844546
277018 95149
616003 161004
229094 489848
413347 641128
669375 568197
179298 13064
859293 331196
165519 403303
525100 652638
775831 298546
328118 959173
280063 940993
263391 405240
555796 397428
424039 692681
97705 913837
339084 179097
642604 502337
46846 538493
658571 285706
422581 810632
53060 25906
528807 185266
560167 605897
493447 116511
412637 501225
534209 439753
720699 613761
654289 11460
608227 517412
679555 784579
556275 468124
362506 737516
386060 248349
171998 391233
324682 126674
127655 623914
336629 816611
758710 497458
785576 839641
668126 801336
433199 394352
961281 288427
98865 283344
935128 436209
549518 451113
111204 748337
920421 877376
195366 476160
119175 694837
193015 392069
922929 547260
288711 935049
723060 785257
140554 598414
897474 33788
537423 418579
750068 301337
373474 726258
134975 866578
480621 353719
733700 666899
458417 907955
69350 46939
66335 373085
968019 901476
384060 499609
367783 422341
527537 338697
455581 61456
415271 859481
845147 363253
236402 435441
366450 585205
479013 258948
205734 907536
647585 21949
992700 215607
360302 351192
749906 593234
985101 615176
769014 887294
947944 934235
954993 413580
983245 315168
26969 563304
96451 367126
59133 83113
687215 810203
867017 450434
827530 855323
699956 904908
859573 961719
336044 749461
100418 434805
967230 487918
906813 200539
385120 274192
765588 757353
591334 723894
214398 619614
929069 153320
890323 976518
391916 301011
252411 418439
116774 662544
107858 594437
247362 23759
282904 377851
693964 439763
84822 673283
973702 273988
977926 39058
405375 150338
791984 910682
266334 813834
360793 16340
65268 569846
150872 634067
654463 145579
542911 212720
242050 169992
178090 57664
479752 644122
913666 34753
382325 632763
960079 349254
592859 804677
360322 32848
619394 19838
118923 269655
622059 613485
648493 435561
116343 516923
692631 427281
450275 620945
715500 431904
796198 887816
991203 347525
618826 648092
554966 329647
957994 549649
809337 35091
378469 285848
143947 546033
842678 545363
48534 609763
648193 376190
181449 419649
916974 986197
633382 559880
313862 177979
448475 458499
479110 287098
842372 753539
50315 340811
90321 398631
409024 737154
123389 791567
675984 749098
809230 614247
832838 749432
996488 405382
982616 666150
853256 430416
695785 802184
11882 725569
980591 138702
863542 440967
64215 14779
588624 798803
352510 589665
451968 124742
422107 277950
205322 155862
360460 751782
623696 617269
64734 369583
472496 667306
215663 179099
759156 870269
304956 975455
391540 926477
491001 798832
555987 14273
430594 809202
233929 778590
233727 469859
973846 881503
444251 812605
986544 980833
34870 862101
548515 721007
731910 862685
185731 488531
986895 82422
835720 564538
511352 301628
422858 714837
109543 994347
183810 723947
857807 60452
569736 314518
861688 233789
243652 340681
51458 725007
804861 738180
965083 56236
969584 737
77985 560145
174123 335325
769130 984928
524665 323714
844434 336031
667429 833783
443908 887815
969116 558798
979183 834316
985288 644798
131909 636050
473272 636182
814316 486612
784670 462527
35052 704431
368309 210605
458777 629797
652363 840495
865683 203383
526727 335044
506939 859782
999024 621796
200102 822763
962596 540718
185991 910940
22816 802127
913362 523308
995437 390867
593770 650264
634302 443483
213739 58377
354110 695404
420376 678630
116303 887043
491361 691741
311039 34948
888629 655601
917329 268410
64274 813096
366880 267514
23925 379685
231260 714293
156350 361141
970999 410468
555264 604775
933368 595205
698800 818201
860651 300059
738427 888420
268448 296954
546344 743637
602021 455835
371187 940469
426437 83739
186858 702029
839275 809649
601529 65625
939020 699232
690289 140103
111103 707173
787450 500552
128895 186605
385380 941975
998305 790607
574338 506608
796994 605415
724613 753409
563238 215966
24365 119491
99974 164763
376654 449704
608439 537177
592388 383029
760683 72125
419179 643789
410839 648324
325567 861559
855361 32382
733486 177130
92787 972779
999514 738926
671387 96294
740749 577
397064 980044
752174 694748
967751 155903
814383 364845
826161 11822
365799 307625
463468 312247
996445 644692
841147 806513
123187 17925
314210 46186
198294 560701
556797 866884
88911 842765
168014 200136
420639 881666
552310 410644
138135 88643
92753 456630
766070 734078
387305 591652
136923 160915
175924 223223
586661 308785
760334 795079
314663 152114
205976 636335
893512 227635
942784 127066
520294 664828
924873 258961
258237 9749
493343 809460
149629 112281
945585 882157
181295 198946
755842 51271
877932 499582
824850 17931
941351 604361
716541 936914
441183 746032
775830 585051
663877 284661
34457 768420
597094 746038
837938 828188
366909 285039
311978 840389
119207 724088
666287 989847
62291 589131
16974 153468
953909 116705
820414 92380
726915 285905
472817 509748
42873 8120
290175 464252
977418 881065
306819 689642
178904 100426
23648 989013
737213 369264
972073 149723
909514 333625
183762 675324
635114 920103
893002 725701
767464 945427
729389 180666
585006 971547
385513 976900
24662 162671
25247 515837
200486 81184
508912 704521
253925 671702
219185 575733
107670 865981
900105 394530
90996 798014
752891 865337
158778 473471
133817 883143
201768 654148
615920 602205
509999 790019
640312 550231
808098 145072
693351 157014
557395 791891
930192 240132
26064 502404
737837 556149
792560 700045
351381 3528
16582 974817
479306 875267
869312 196861
674307 915262
219505 799257
769389 216184
406655 649924
746163 420246
636103 22276
901702 628069
354271 350212
316162 442768
349078 139378
137805 354370
780867 427219
125289 590150
812613 409567
725315 734045
626098 58607
582549 469500
386144 412853
366900 335824
418239 592385
214098 451039
766515 139113
780760 924687
735320 487581
380926 696171
449139 522228
406387 829941
123607 602986
265818 705258
548760 964691
249619 920067
389094 778465
792061 41671
775331 599360
520829 815257
329944 96472
399433 4403
633357 614461
233668 428501
677238 930505
577957 408563
51718 873020
8988 641785
87606 469762
126721 345050
194247 943850
483181 747710
901224 954381
474839 292342
80068 815271
356686 565495
969442 226373
328885 768364
206964 462266
663354 899006
652446 209564
837735 561581
147477 107525
716434 967259
331707 316972
69261 148808
108608 351315
778783 223280
294454 457904
543546 961035
761765 640788
106030 148421
18985 2677
758872 793638
495388 380740
244827 648600
74412 851532
478714 872661
971031 635105
893623 788913
335127 877795
741707 365160
735214 869694
671219 622256
417004 988318
62518 397239
780 675787
497917 727673
838944 213527
101015 887337
523873 957066
784709 773107
464429 463612
237065 298545
350893 315190
809712 764912
579019 661164
528733 718936
768351 687910
122093 931890
380327 434579
960593 369600
361389 171218
441255 441926
332355 80208
608731 55889
985850 990497
782540 428356
565527 910649
731697 698432
43883 995894
481508 748377
723599 375285
45923 418260
253172 31710
336790 71735
962882 32856
623809 756685
702281 968953
45210 700312
528830 191626
50627 9561
826223 729089
431340 869396
664137 357549
119889 580154
910666 31161
137167 715022
718040 684701
852366 212221
501303 687517
29997 794002
490604 327839
679589 662251
61617 867229
491422 120839
545428 793426
664494 246388
453443 248672
453219 778210
791082 973585
273089 689513
106826 562694
857209 218340
625005 260976
540388 843670
456207 528499
361930 781874
563911 19509
406724 766956
319689 964068
782643 716333
460818 134052
107871 602769
840889 880841
63474 698850
51454 2239
903691 980209
529489 196691
118357 612104
855571 702322
641999 921775
121946 101488
27346 158239
35287 415110
271459 946731
722796 584691
378631 731267
123469 374680
331166 703933
604088 591649
904646 288068
136464 553997
730961 77370
482094 594193
528206 180226
569681 34023
925462 127251
110693 248039
932477 177039
234288 594296
824553 376171
527110 972860
423404 705679
2507 301915
805495 568800
832931 803940
89494 566699
922821 153732
126725 190416
148901 167260
726039 188463
640365 575272
712844 943563
105287 517100
638505 883000
227295 328915
387943 549853
376222 458791
134008 725339
329455 588362
360657 62255
990023 384379
446161 691974
14804 630288
885711 17273
58815 896232
338039 447485
982466 394840
981320 642407
308601 15166
514299 462473
716083 165002
599543 588997
531123 523405
807510 532662
316280 902531
862506 63381
480068 242390
447780 697976
722552 687375
335971 628221
142737 705809
471786 76122
650875 796038
876294 904931
255419 584499
92881 513205
68082 740599
116813 443117
37710 92248
657028 435386
513593 392740
950471 551203
634122 601575
26869 433242
40562 57041
629139 183933
271292 536576
22770 998885
47020 807394
34268 137971
651823 30957
984889 661644
977514 308691
678957 528361
445344 268967
142111 259944
588460 446013
240867 348400
63872 845017
865988 196151
51685 170943
850069 181016
385724 820420
409041 612970
827562 90287
854973 897104
751098 973971
876754 880167
904024 391605
404043 351740
509751 294196
354179 623273
519224 422368
880127 851384
177225 350301
404113 216531
435247 946226
373937 248011
237192 773258
371663 798587
898163 948804
701293 483413
429296 688053
101903 272294
974519 140564
649759 69129
385538 673672
951194 515242
913604 593172
374265 479216
399661 515720
693615 453863
48572 775610
447887 712413
692026 437613
503784 248306
531322 573004
888145 180703
515363 442059
297538 322220
713761 101558
789438 363836
223480 327573
727436 346649
573634 300310
191448 672101
460075 635830
858149 382862
228431 811352
925214 971688
632340 859367
113708 180827
127614 345190
407734 98468
74506 863045
640881 130463
172378 160849
374043 48979
954986 975335
926708 486151
190190 668515
554936 9527
194717 568650
488940 702265
421303 215324
124416 987913
840792 437783
193756 682668
99565 951573
359308 532358
766313 186665
319858 220079
471342 844338
455592 658000
521676 760297
148373 314495
902580 363822
148322 658007
673926 199628
82374 830231
487316 968444
20856 644969
51273 345026
267506 525269
385943 865912
352730 316196
33713 485326
675707 806624
380453 971531
763249 568387
579789 996842
850799 504096
249488 2619
823318 600864
504630 102874
418317 533864
839927 232552
87491 427075
520965 815942
553906 738142
187605 825286
575052 241618
23381 616830
474765 51853
962428 817594
474553 435922
47355 191021
161369 991767
59843 564528
413208 756938
470084 639646
739183 393428
636425 694524
441486 242792
806525 406337
814519 568567
210947 525107
240286 373128
804315 46900
343676 914681
410346 726209
34372 285842
904106 343494
429926 877790
103265 64391
731957 498024
608968 601406
837986 46937
699636 210111
751796 81136
258954 876545
935209 621854
352381 574078
405677 691484
799016 586557
185674 259864
666520 576228
239848 572837
29386 630586
544514 779748
407724 380061
737429 632748
228395 907694
918481 852871
356858 917914
514036 807173
28170 280402
352209 136001
300779 110990
945315 373863
34606 391279
726090 246625
838248 293511
144861 260028
20971 184451
588064 731840
425492 226859
255216 759044
119897 677843
379107 918871
558317 929943
587060 383423
915246 820946
466209 541136
206640 626554
53166 855331
740260 76827
156693 221782
703405 220250
636521 588736
484739 12961
563901 415882
759263 439477
735665 727336
831311 372368
907674 748853
726896 926730
337667 614212
752946 348694
692191 188585
543242 598733
931876 468245
911337 923331
855036 503469
43955 782172
65838 244200
915080 253178
504479 595492
329984 838107
334747 611481
699988 795257
993740 922584
236605 719096
143073 882419
352003 548957
69243 551472
480751 497473
327925 635053
126116 547188
45322 963335
361061 205479
205140 692913
413830 117488
203656 804910
419605 859609
894295 86308
225272 319545
420422 222878
217104 596076
500800 565976
684443 715623
635999 438175
754022 818758
867253 747558
20002 845459
500406 499534
984171 295188
235722 442687
421607 120770
72269 429143
364703 688903
713582 42
995981 318809
998994 615129
898686 238392
452267 609491
206895 609521
280789 122154
695514 463320
438169 21377
656973 407717
190657 524834
603998 380896
98156 556671
115846 340031
130994 777769
537086 894393
510540 107506
258474 73708
633724 939452
972910 16700
594981 381405
483841 471269
383753 822043
645107 150306
588834 134330
606003 129575
526058 82850
419291 860219
473621 18526
139865 246234
999968 837325
200396 643533
149404 320455
954982 969344
717109 124481
918430 720996
721001 16959
235201 175229
830828 932536
299089 975425
432682 571473
707731 219227
585165 298625
906961 231483
372080 715621
727156 439984
566717 178325
369500 740145
34882 373457
138475 400177
442127 385905
516377 427233
928721 978577
935501 639625
454764 525544
194859 97694
925696 265687
718650 592282
75697 315724
923141 706059
386430 666222
268668 42001
775606 816532
446067 62499
113591 824936
505215 129313
443058 80214
729298 102711
683397 414642
488921 505711
383597 842105
337298 457837
121240 574303
975904 872686
32806 136654
550115 604140
892877 102614
510896 929479
149539 392822
177681 596749
721856 570985
47324 152147
184702 318772
936552 45424
268089 909476
456953 950860
446646 724034
740256 335373
996352 312353
535508 355108
981572 458372
394267 800929
910412 440108
69129 41258
673128 167879
704525 909625
973876 100067
369060 78489
99121 5739
644078 529007
242804 813036
269956 334444
986341 146927
706622 225531
220818 720625
106827 73266
159831 476770
45010 145062
598504 770458
582824 280645
514805 684144
87866 340195
838667 55105
483712 982088
320129 514932
128713 522273
336134 187179
312339 760311
312623 415501
158944 537133
851215 233127
152278 481684
402472 167498
19978 886591
563162 238409
286578 689595
848999 851438
578182 981822
52523 683547
828779 583210
396399 87691
957472 712133
361860 364525
991562 422463
652848 895839
927579 553705
317626 773773
929914 459331
213626 505237
351770 33902
359264 955273
79592 773444
348282 373270
634714 810538
812762 144871
804836 779521
817643 95922
478509 192605
924358 765587
221812 139747
912425 483700
581658 577819
873254 271635
167723 501608
668412 978971
400686 226810
348868 837898
50191 214540
902714 863862
176815 531108
801060 927617
469334 672836
239072 791574
177990 295489
237187 873415
588972 60456
51611 455486
45812 712652
504310 233780
945111 48014
612828 550561
139853 664488
805753 165880
239113 864503
686863 363691
449267 439180
225888 566554
816423 60363
622515 808699
927269 828772
964577 679437
981435 407291
526686 209215
753208 795291
22522 765880
82052 235061
272171 948436
986870 850208
949598 285410
467635 606589
822536 919764
249821 239270
632322 602147
561189 315042
796760 6578
250001 421018
67943 541832
918441 420854
483940 334204
810139 172788
978017 181205
675844 243911
782228 132729
136994 341148
29032 953697
885805 663686
769905 455233
3970 187721
858332 94781
613406 950719
889336 11685
299117 877371
306437 430628
715514 354856
969399 850318
328578 209212
356887 544234
333925 849616
675793 764520
225163 996099
193222 177212
730342 801342
671767 937566
103113 961594
875769 153323
596463 978156
660910 679589
348032 11253
526936 273966
112754 528078
706325 609335
839894 675901
277558 837441
334424 37543
571570 595237
965195 892814
761818 224416
157627 358263
767092 234866
49882 730094
182687 298842
114411 763983
404265 838499
721833 104876
404098 610410
942211 463427
749243 203024
923746 461751
730598 784433
931794 998130
580 791762
630463 829750
153898 644804
79611 876128
962398 620173
314024 773448
532239 756326
492873 666121
441138 954730
705693 695028
985172 514052
459802 731791
731971 585527
917862 494908
510821 292050
928276 462662
841842 957878
982146 897995
261852 253935
311800 734975
612881 714699
687967 265075
962935 31083
720921 547173
326024 935151
20224 568822
186179 935329
527732 158467
321013 851959
786114 716536
109947 404520
330549 824034
127403 999114
301316 338818
291970 613055
933594 607230
131134 717643
418100 284506
254 608716
473653 453330
775560 483443
134666 754466
21109 187237
316363 39662
480546 170121
27203 925148
646204 123691
97886 18792
595340 795755
976880 859394
675347 463362
932479 848262
906113 569066
503648 119750
868723 889496
917946 940510
858751 53435
133690 814841
435937 113831
302083 673886
149901 507042
883013 682601
487095 781334
181145 804923
848625 173915
456891 440514
746507 854749
531097 157185
799937 985243
576181 957164
487954 405234
365948 214436
427411 485656
220220 134370
216558 463965
597983 164452
395907 251090
217105 852557
386710 898831
110671 241423
857884 121946
137806 158157
796896 513978
861312 194166
713452 347789
125148 102840
464185 862572
573193 252835
877323 104863
292312 998192
902965 607985
418528 480536
597902 984859
647867 170751
7735 688778
128861 609515
812655 576983
237011 476615
33474 301409
370449 649530
224198 930121
429540 314304
420631 314105
577747 695011
476182 907785
136506 388770
770924 58125
982233 350843
827699 939518
308544 279258
357420 952693
886356 16819
87096 223288
137600 9326
855561 533243
684748 724070
326776 694573
12769 355025
389762 930168
61762 456453
910253 91489
15636 238118
646344 658262
896726 182507
431954 872200
767360 811625
914013 683926
454573 571207
625717 148381
128488 430499
934797 496846
431570 291806
890285 488854
72265 967852
979687 946292
49340 453562
999827 799167
405128 562055
998628 772929
114102 551555
810678 288189
187381 889897
194291 272626
166888 670891
983185 672924
294098 783686
555971 611426
260500 589535
998672 395178
280163 107796
425187 291240
18486 134084
302716 996087
650806 692355
221148 405392
75654 73809
142404 592405
573671 588320
154306 276525
108474 902051
604806 787762
991410 201885
560503 969216
282039 948156
494009 271336
437167 455248
245165 342137
741507 717099
347209 436692
617033 420277
240700 120711
641573 89328
918174 690413
197851 995398
595801 747338
73050 583259
841720 800220
244154 715335
765628 487616
541739 567713
820768 722166
439025 468200
386382 22461
179810 139906
194740 634733
71766 387603
576950 510518
363494 732818
824188 679327
793520 868540
357683 243647
981804 430871
272470 949727
903143 876539
500260 47927
414069 786423
943710 61124
355461 144561
166084 723261
882790 796140
830732 359028
655599 805235
688281 767872
194523 915597
685922 220663
846117 99915
637431 197944
361138 711438
280687 260719
64816 165349
543575 696120
65672 435812
656425 453997
246285 723303
833058 247136
785683 868524
338814 887612
671971 544033
574634 221965
107563 746284
686374 116040
874338 850764
372631 969840
708322 411187
950085 234162
857884 236593
72952 601922
173377 48388
901190 771118
908029 807203
320550 878522
39004 948289
120945 37550
27771 563267
663005 273049
318578 738224
187007 989089
916904 918793
129004 865286
577475 60112
521544 163522
113809 943336
979714 334189
588198 937874
756141 275675
21471 432294
971325 468935
922486 160141
265125 761154
903837 863660
302636 100069
582282 908071
500927 698999
700822 442932
404357 68462
76449 64061
727920 732450
442450 951546
514143 187015
950883 477446
114551 479800
958492 39554
78715 965322
975252 613625
648209 805821
393942 617846
341067 378067
114359 891422
865545 213128
817271 450963
269950 280408
549567 454754
116571 540076
667622 14598
172403 250946
90065 519949
748850 270070
466879 721764
790836 153864
99142 124357
600191 876986
468547 41656
382854 244408
714247 302213
582008 528665
898500 622958
831212 202795
410966 267921
646384 376956
359264 879963
933442 274337
830476 951663
977669 291558
840456 334401
932936 447944
941645 761213
596576 650340
521450 957286
734488 452194
207511 26328
429620 11993
183330 779277
769234 807211
478400 616990
405264 73346
50686 771848
728518 107120
235656 4732
983952 908878
82599 446062
315451 71557
310225 919101
669391 100237
300986 478660
32742 986886
109627 985996
520924 711330
918784 272326
639189 964988
211507 547804
191217 836325
836267 31313
482522 454094
618610 474925
348993 594485
257075 821419
316998 736121
387033 134602
834500 705925
730493 469864
5345 342727
189671 830456
841410 92997
415306 556010
926419 382812
546995 635950
638627 157995
631097 732197
695448 987134
105724 675980
536399 169617
384050 960608
244404 483757
66057 268267
602672 965004
55680 8985
908699 455790
76022 824702
858394 467268
465997 487189
91098 438538
657535 403601
118674 836246
948737 301438
396394 471081
916429 339808
266077 703606
838269 148105
722604 655356
418480 916109
711269 688408
573207 970686
824178 252395
100821 732647
52043 720666
747006 606705
716654 832856
289418 833297
870407 342838
91185 480314
851645 384459
334857 50510
360687 587022
182979 65915
948594 880196
114894 338979
932647 863946
435821 538118
846643 705811
899614 493156
615423 727949
427471 283861
372069 910581
89210 185180
273925 607113
273797 305268
738325 821224
279070 978750
715735 791166
521346 676712
700272 513063
571793 808426
691808 160367
176685 471808
615743 972995
31198 833015
1676 552252
419444 27514
775926 341145
6300 656592
60490 139030
515581 613641
131888 96776
362433 265813
812689 735016
790272 482129
703130 305841
581945 518474
104510 687984
465218 320999
670124 773667
457995 650623
813197 186051
310194 77648
295226 457848
840 822130
858616 58946
28900 334039
510397 239636
123264 410851
410375 283017
525042 29872
671819 790944
20427 274552
138230 541799
750275 88698
658071 85500
637786 947874
359040 786343
648459 596570
762237 203945
839102 431923
444021 61707
950291 972297
325379 372732
904798 171738
523948 156067
493221 118975
412121 950639
653468 610508
296627 116449
218813 859640
489430 648768
377748 918889
772950 561844
847035 927032
231578 964168
435529 80697
477929 472024
306530 741492
662140 567777
416100 437424
313526 676509
529982 184102
989670 243684
692106 173475
205588 84641
100053 772791
408305 986482
608183 491165
453354 321282
189445 255722
350408 824242
365292 145530
137174 817064
363026 247845
446732 291228
615274 566001
803362 358921
978702 662309
15060 125143
134017 457607
843642 958699
119041 837398
14264 742486
507276 921818
580424 280313
599650 569332
380072 717514
928069 696028
843656 543999
426813 996692
22149 69883
641925 958138
874423 722345
168845 589295
845165 680826
228422 656250
198325 852415
202997 854168
842964 730224
951805 201664
1841 93813
409495 179639
83946 433325
244938 89648
583206 264384
155820 743782
778869 508631
71486 218741
496740 752822
169956 636813
226404 558823
54735 213599
393172 365713
508162 255665
920277 770985
815447 173748
152691 735734
60654 240726
418268 542842
915676 180655
501668 493676
438288 981197
840638 945666
48892 879976
511338 119209
718228 176347
722705 389702
155089 69025
876334 474087
749420 141491
140861 239014
796088 127670
251210 725809
30298 562446
679756 951185
211134 208374
374670 642321
383062 886478
272726 557653
748348 924486
33038 586235
852377 794966
891711 402548
940194 897449
278527 477264
560158 141795
823913 36585
509920 969606
686002 358650
816996 968862
904664 15415
203731 371399
492634 867849
951139 679847
82389 706188
626398 683542
919312 784690
629469 64513
641380 195623
273094 335921
125346 584159
92996 90375
88115 942636
981354 454022
425681 341564
554910 572324
970437 442748
370888 485919
810520 469623
403376 302604
846152 698861
341727 621835
865631 258706
621734 425534
925331 543746
800939 680133
402511 563027
822193 316030
439828 462668
832160 335158
167924 586982
808359 129824
167140 455534
704132 662137
437323 241944
314343 344712
799089 565105
140463 302654
451083 141483
888829 63131
555812 438813
996614 267403
905982 794581
2078 588917
550239 285427
482070 505690
497671 98588
643838 263344
860061 579326
959616 848701
377727 278598
982151 105558
408583 653175
416287 496629
931253 814971
148765 34232
435893 545979
968477 436507
833407 921128
575521 698492
832811 758960
942489 405425
276045 322697
626454 973519
971879 909342
628955 597207
989006 852234
939602 326912
650789 739367
154761 126446
43956 125808
52017 925824
362805 749690
233020 838704
176339 422858
432849 165140
522315 142726
360921 676481
461800 376355
474222 315660
462656 568049
211035 835851
508953 532417
299393 238358
236764 56842
649466 110846
797693 53328
82232 461890
293749 6790
822763 981048
202446 648504
294113 124301
736514 151578
735729 901089
634114 950115
591438 911805
463765 879870
832420 343258
553106 71896
12207 718805
49175 568303
725748 889329
168859 791376
88191 921935
672600 800809
627239 193943
606500 791420
530415 666869
110635 720375
966406 625913
495633 702448
684474 175387
202519 774461
129380 103277
47127 597791
342335 23869
620271 116560
260969 966796
938070 634447
397363 816652
121626 913283
940678 386939
57067 775492
202336 713201
5466 779282
315388 798436
871989 200174
966978 545958
230327 26049
7799 196784
768720 814608
762307 385171
119927 685622
215903 708776
569916 948430
146994 562528
923314 693809
606618 320772
912414 418094
180013 351652
795679 302147
9171 857539
331819 617750
520054 875024
417472 580699
365674 366793
825768 955693
610458 129259
219912 872275
3885 443379
114749 894376
411232 250053
615621 443576
21500 357954
407989 114464
640807 155356
881536 635976
19134 387449
85259 353248
582659 985867
451711 872342
273529 21334
122172 903257
947866 720665
867016 223241
113510 131899
593866 964089
544986 405778
132676 508987
638169 321237
85292 610698
449508 739118
679409 433181
663922 520395
826979 522610
101788 201833
919434 702981
521474 465314
840816 823161
44144 393590
572155 135531
295388 757578
911588 73256
276730 830866
533449 850648
398013 233886
143266 888924
471495 642793
261316 834791
968373 951200
238709 32219
556681 662742
278859 177824
364544 129264
383878 324528
802565 631578
652958 991735
713645 509089
146703 781397
600281 450135
2668 608144
770130 476227
351701 582382
193267 425150
111439 448589
909532 159119
24924 20522
373862 140607
212736 195666
575253 334153
559819 324900
316301 243313
368676 41175
704763 376460
226489 543529
414634 417720
881232 468221
241590 660828
916738 603645
597750 496895
349150 263803
793866 986389
739028 44380
603590 417874
523735 855390
857408 532826
259603 828426
116706 660811
111765 212061
946238 59012
286899 957673
79205 69635
933907 59976
197438 698106
245109 269269
147874 593244
977795 960966
620244 285447
763143 980420
583415 532981
612059 195571
489142 705852
962872 308136
771155 40832
237774 108375
554852 566089
821530 139066
910525 350408
696423 896271
673040 73480
604404 189133
534729 525132
725561 150148
348274 856242
869354 44891
514927 963693
692713 666067
281355 343012
718316 682106
802574 230371
276788 168119
721731 698703
790886 672907
245877 432056
906121 478945
308505 257552
912010 52471
322189 4930
294566 868510
581092 400256
35020 73181
574367 469708
600502 926582
737899 60081
200396 925850
398844 621953
712479 413965
971594 766116
98018 414808
772399 856880
828520 68441
341697 1530
700613 602675
815558 252487
349021 500322
810616 141711
704619 728048
102130 864493
650868 929841
705284 436425
392577 658171
668976 806998
878768 587978
244338 959312
468214 368684
164853 881932
94422 412092
565719 377420
29835 936688
149843 928129
643178 275162
423626 422505
537433 213898
287491 546927
190864 124913
942877 836006
127613 2748
49985 821794
287114 152454
760554 936881
515030 396658
358583 221091
282096 103117
758832 484845
232509 470074
700610 624289
942796 749110
510561 754306
842001 935415
367499 128440
661520 271799
603818 698464
65657 335091
349245 734260
202953 639634
864944 95050
345289 227039
30385 18848
378060 976497
988701 659740
450085 287172
767876 74810
478043 530590
917849 721361
418788 998646
466654 110468
562329 422526
279788 791908
212628 159335
740519 860776
32203 985966
653236 93099
395332 679621
743383 611419
844276 635111
544384 596306
491317 76915
593875 170210
1988 263284
48816 545613
151810 526064
922600 353331
839059 564883
529936 895491
497453 359361
590954 608172
222982 393022
496883 298388
853036 874175
184431 15042
186731 279325
676197 969627
286638 732560
914057 27387
691751 248270
221858 40049
180129 329230
153120 710582
409012 495699
986658 404657
456350 357185
366922 647237
193749 961647
346366 897792
642862 916882
690446 83066
547753 232459
855691 637446
220704 786215
929211 852475
793255 654078
192661 110174
696366 165046
188296 142901
487390 732495
399250 993308
939321 824806
773007 750654
149503 492066
795911 111646
564979 397614
758770 703833
300036 815134
623544 945258
960200 410448
494327 867041
28462 821557
560099 968606
497714 141654
364530 816480
615117 265879
952917 108002
285894 961730
572796 99451
751997 236560
207969 976171
431915 149437
727358 38765
519840 354684
75470 144868
913220 500691
64731 351806
360719 770858
319601 876347
760482 137257
909793 899441
290326 160723
318608 211923
217489 735167
218354 546607
645159 553049
899323 131772
226542 795011
738101 553793
984592 443797
152381 638098
19966 278301
839450 796167
614316 777342
623579 288527
691363 506247
768705 47598
913251 738487
287882 335236
19460 932426
628341 542594
431991 900091
421819 445402
669327 583407
370178 420562
883246 75661
621110 839328
31372 667190
183997 387978
294639 32306
422915 347265
39890 931697
984230 453799
716627 391060
759641 967740
82687 716048
991089 501598
351918 916325
921602 514264
667579 289374
110811 80016
913753 250414
986517 7317
613062 906721
170898 924146
895609 293104
64796 811905
420198 255841
685111 794985
19458 15971
876640 519640
220198 827610
655474 130485
531348 788373
173096 523706
987566 426700
968085 595989
181691 865587
277480 744520
902787 159950
777149 881834
148162 289266
926968 961934
429959 272719
51801 461677
912408 329021
587870 192890
371901 76674
100964 418067
352316 116285
154383 685898
444713 186472
223179 311717
617315 350378
590196 502757
769735 370735
323705 161727
524321 553473
447646 466261
187308 920423
452706 729681
810725 364561
129283 669859
876706 104762
894340 14651
358201 223491
76302 777825
600760 565129
88357 195420
390055 101424
372257 14424
987316 252563
457475 609696
408732 652649
115882 67268
163501 816089
427525 301760
237623 443648
650538 224639
116843 271665
504757 620693
833237 533891
786694 900135
996211 842272
465586 63978
689538 451434
925324 852998
179901 886376
820942 912060
645616 264904
638999 466622
626221 651861
151855 560115
6155 559527
909597 251462
751485 275664
509208 523227
110319 357680
818113 154947
347242 650064
148006 807943
207849 465671
61937 74134
825508 459227
842692 412603
603640 576900
101954 925046
42807 124567
309400 154755
678766 699002
438317 414111
498617 223613
271586 561932
91194 91228
761653 204850
944725 173189
199819 562465
832045 210983
643466 143139
539022 609500
146841 882210
847995 258286
528976 870995
360009 395788
233889 30443
39816 827297
788949 458752
24815 836064
914915 25941
153215 803601
277856 478786
483121 798690
833275 928889
120560 310333
950321 646860
757986 134105
756502 584703
470243 943045
229215 522604
166699 564541
726083 223456
706891 623831
728811 159834
772202 414294
752905 923875
116459 256155
42658 537936
911551 717457
145315 252201
444275 966241
741703 238820
772068 632513
785032 857854
149670 747192
857046 589371
349851 76338
212348 525698
620332 575324
689771 944375
914355 815329
152545 349387
118876 718820
912342 241772
390515 454208
164026 739536
843366 77960
38542 200657
953301 569311
398087 159625
683823 349008
22130 492236
912234 954311
678986 199603
263117 820746
750918 789737
842015 71216
43149 594036
398127 511406
72637 535426
35849 40396
584792 286343
748253 748615
910902 230936
446893 42489
950836 371270
216541 123407
702555 900592
775033 778093
956010 161993
604524 13160
431123 613545
918610 290744
545082 118773
190023 359187
838374 614207
523404 765957
729492 931769
980523 265362
712534 272631
971745 513550
238021 184393
709535 40468
378485 727752
675408 191217
732493 43763
683369 641783
588490 732156
569607 201020
203770 331547
564179 352476
191169 361847
44029 587671
114222 939209
113604 126321
345351 545083
864559 18095
71302 665287
323328 551704
522860 435366
320108 170517
723353 348328
153752 591423
696124 13208
396672 699759
768587 731802
514285 345428
94295 905684
659826 45997
594413 105891
918228 861008
194000 742021
509806 579323
891917 718274
330073 589412
379869 180071
742880 379255
123419 943454
91557 579350
399511 213877
996237 304009
278726 863189
346095 114519
51847 319552
717568 44353
675705 638764
355920 699455
85602 387744
156543 895067
445507 564311
93124 188580
387759 771084
871993 20366
644892 422496
725876 889055
356369 211748
465532 749953
437815 7028
504333 535837
278731 492771
134981 422524
806999 651509
398945 315215
328830 463672
684736 394641
814467 752891
480760 933342
626398 918795
486442 644560
966733 160986
78806 537431
795654 823614
456783 639067
112872 10774
353496 344439
174852 775672
955295 731599
895622 864833
201191 309567
926830 939402
105580 93843
526911 217111
434017 718595
700222 535415
203619 706759
569041 243748
62500 380930
506042 947143
370742 158877
947487 41487
121989 121081
432670 277755
190061 689103
719904 197160
722381 102142
162842 812838
228202 566119
139254 992929
847834 547269
202580 464205
26564 44795
357907 596932
306533 941274
478423 19510
852340 377452
759934 457610
23629 421234
518451 709491
255288 102059
33594 44377
488729 185184
83730 294749
855666 613585
207761 648218
845944 938948
326747 550711
936267 673911
385689 502886
561616 251752
382427 585033
753879 392401
210985 761448
454462 671591
375995 50804
714899 906526
633402 531497
755237 958016
32180 560316
983422 961851
749603 684831
86972 205500
238357 495595
792689 126304
550016 631136
776574 586916
788451 978712
951668 863000
447830 64764
70171 550626
747655 891883
26345 213040
568380 873186
484940 123315
495134 345083
332485 33347
366294 778471
241410 554304
259410 388362
947193 856821
294203 354247
3388 42321
135206 789333
782508 961911
498028 292053
353116 942532
120408 724656
759335 920134
935063 871063
365906 502686
605554 368239
463837 605732
777134 627796
207088 875814
296638 775331
102980 166266
358898 696077
809253 203511
991878 246103
835837 104844
232266 438708
87513 222006
566145 760710
327704 386951
63687 989811
812878 116614
239207 412814
779956 712577
734377 95708
607438 863894
802 23453
3975 749591
216303 699504
690543 527309
117775 577193
665242 415576
4465 294764
568878 481610
749980 899832
440690 835398
871158 17920
414519 42691
766835 463431
265819 763146
226393 499488
905339 648062
100295 608512
447480 200409
671310 857395
364517 189943
41498 91334
626708 519111
491458 433708
734406 945882
424717 99586
68222 959116
459266 777887
580271 843659
767265 922992
452086 968019
161466 105988
841982 525317
823862 780342
960843 965600
128065 150972
754674 139902
150506 74768
824105 534234
170461 392521
100625 850147
30839 34774
541274 804045
583188 82435
174195 877243
140697 1901
593801 724397
596254 718530
247125 584008
871935 821337
537169 953832
523832 746834
744086 462644
443196 314968
960369 725212
57993 4635
802585 835125
220176 299493
613181 215775
28360 858667
879642 148734
865900 801488
963313 809087
743942 682331
777836 128033
531416 236972
789660 721718
195833 534242
255308 323253
619192 504535
83938 653809
956450 341157
19391 161489
263571 138254
356205 691341
969963 744840
618434 304372
944660 708498
360971 472727
403356 338903
980495 569054
479056 65721
760553 469913
580814 735129
447344 154016
452737 844819
800014 286076
717405 611228
315112 872772
476886 440807
983657 758508
135015 778425
501265 166152
770704 264919
406402 199294
698401 250754
468501 975209
277829 274006
153291 725610
770676 615850
883931 399840
110241 188360
167202 680349
820989 590635
205278 543081
777712 148312
416795 221800
641746 505772
672367 83701
768027 911915
452551 194658
990131 440524
317786 711850
738095 435485
439427 816661
213517 679737
455935 467200
237881 814480
390121 752553
234298 670441
900755 299664
35196 703058
749474 532280
268764 904054
666396 773653
56314 80971
659654 226069
6042 302291
954655 279038
155397 744919
8785 890977
543919 698513
776490 873048
187390 623649
553788 355301
144750 325047
965050 355185
695741 489783
218121 991287
147012 475882
34234 201239
614745 630883
641892 17401
272488 913759
602091 738384
989656 295997
175244 225514
910066 298108
906036 884194
443121 642731
448569 151341
110014 775948
611514 984161
168452 482144
419569 488758
372360 656839
311624 220340
711659 801294
547608 544005
732296 270673
318285 525728
176903 928844
834904 99244
555741 113673
460445 786193
927135 583368
989355 136471
542697 961280
35032 537804
286722 418732
584906 700547
700513 945684
347099 760141
822825 68981
915591 963107
356994 742041
987042 546354
582854 735795
122589 576838
627970 968653
231899 393955
100360 492826
730744 144722
39689 337461
617205 894911
219242 586067
776511 84103
34170 546937
949361 90395
975140 842230
546463 453694
43962 992067
569445 869271
193930 762943
348267 606331
892815 466245
557590 646162
919316 872725
762569 315034
38313 649440
354840 751871
969424 501848
782111 445882
54775 5561
463944 43736
155354 853520
132493 564294
486983 322206
136048 532415
248314 573638
583096 522183
651413 45655
308365 679641
287951 814171
5125 515285
23473 69195
442363 645026
301607 751430
439180 266462
355185 218929
956399 105344
561914 28446
8173 779302
875419 478789
45952 628696
398893 670130
415670 905890
136646 891065
217972 577615
442832 76597
715582 223007
891037 180767
520779 250270
71479 864802
507697 557507
567818 806347
996663 465734
518336 680612
568726 403795
814992 653201
983611 896505
30269 109285
12583 148820
398183 540522
489335 7128
739647 609814
160596 421444
148341 415567
242939 58977
776504 641981
222579 37639
107505 825495
536172 329186
57548 787161
957923 469855
362034 612072
925437 268238
507678 430247
396497 895674
346642 870101
797025 664336
378069 248234
130019 799924
92296 831427
528384 632910
552986 178640
97893 251155
474823 221594
467024 43603
542328 154646
970658 71604
618419 474927
903676 339939
610401 660069
527094 610423
802613 407431
702351 612527
931474 328768
882661 448017
129265 491047
788793 894005
546889 103979
655322 821533
90467 101801
616198 346064
480025 934374
445317 686357
337889 517266
323588 565393
570087 409636
125326 893651
215369 398946
591347 287193
719878 280804
422649 213467
300769 623540
24974 972194
102794 189587
440502 89138
471786 560762
10822 500316
635873 698613
512041 206225
557364 715405
30359 160483
671318 251110
433847 380609
774009 256202
950926 511558
35720 674382
634093 413758
662034 99883
647335 42652
521218 706983
690319 373467
944079 368066
628665 116038
828376 235391
960131 693204
592104 45924
652358 168751
465376 486683
424789 15164
316359 852681
639930 933559
994580 718710
295180 956741
688928 525296
642938 892684
669245 14936
44123 7156
179157 156073
759164 694583
391605 444983
305120 907975
675336 150217
738985 913009
472118 625346
750990 342734
356115 817996
866393 177748
658482 203768
909245 948321
114561 964759
151723 373885
511366 573238
434336 359705
31201 10111
336325 301333
308678 235582
765402 522618
545172 854379
956024 420799
889400 578316
957672 275508
937732 850687
816071 12694
214678 36626
953536 88995
303827 854698
919871 953319
852492 187768
843641 552948
389376 996514
488846 283820
291589 525897
45082 458837
634475 881260
455990 964891
128888 141704
254091 58039
837361 868716
632957 873471
114992 871455
317956 814066
279900 698146
444180 792799
554497 659165
700969 58008
21274 643966
730811 831713
737774 726317
673568 656236
644383 36027
878646 885944
408123 929996
563530 343914
450419 700719
550192 448324
5733 477866
354029 917770
678882 788998
967770 262187
888047 794172
950936 321443
389141 733491
801594 943933
249814 887233
173804 355516
782153 754498
425983 701815
990189 514578
921404 868259
90033 997002
516908 94730
498549 99438
997251 119428
572695 391809
262243 653355
389582 553840
326388 944422
366145 399090
608945 784418
401978 584253
798428 761127
368363 747020
487379 384167
850383 90598
700801 707215
799684 497288
466224 490978
423039 978344
502228 480338
98821 921894
312669 433698
405887 272265
892327 20712
73826 798974
914041 616947
230370 901116
938220 862266
650680 294939
17559 589842
839448 485813
262275 615556
148944 874063
630562 475878
58639 193219
707133 645066
800081 99272
579557 150442
872416 699967
480247 270792
312253 950875
433990 247027
594248 158228
695778 136720
29307 131699
380309 963310
455121 802513
474727 89260
66698 519157
465193 804479
292171 720253
803241 186580
360562 780014
716203 184480
702384 315357
417833 191417
884631 642696
381701 64106
844665 237665
902243 647480
10977 358828
157135 936204
363922 760520
918431 233085
959016 723739
991159 170462
824389 205037
223342 89149
90260 622178
822097 352828
359874 42747
81159 687470
532819 48349
252990 130059
866610 939549
650027 306868
905513 34818
69144 82531
824984 890630
355577 745224
435363 459096
875527 889115
372818 708721
986075 446889
757931 220540
223705 966842
177400 5353
426770 827814
988701 862918
951433 453673
145448 187256
574091 327870
411803 798891
524030 443104
946652 391622
84864 153917
895705 270236
39369 922619
448500 296863
105625 432533
60808 630554
982585 778176
282209 248418
888801 735789
686443 182323
290498 251396
478219 464551
741076 198970
217616 484227
168382 891031
343002 445460
989013 431181
767161 24481
601925 989248
503154 445040
688702 461359
838285 362886
516836 271995
376460 650935
737651 368610
125759 609861
255921 292629
837138 163787
783235 472622
515078 377639
928665 379202
908245 658463
273807 421928
989032 480216
962654 789311
652454 365032
537695 887618
623732 836496
722123 604322
200881 215721
95927 813439
378423 837096
796060 658118
131981 286988
45973 39421
859150 268592
203185 643253
843712 104450
580274 733973
889646 120886
133344 598835
540979 319600
486584 762026
932521 919508
535091 948939
516980 509323
525580 218102
906123 872032
599976 276689
404949 690039
972178 11525
321527 71837
783058 705745
653039 519228
11004 604958
637329 202492
614801 357573
194615 974209
96115 30982
36609 635654
148966 849558
722148 550102
804566 237940
449655 456892
727941 304869
786034 355886
187805 543846
778304 945748
461740 988580
308964 953259
477921 634325
912154 514687
194437 376728
607840 905450
12297 729830
406580 411890
578513 804560
455289 179465
241561 515876
248451 1884
381607 51550
337695 560215
174266 344521
950458 774972
901303 592043
46539 864295
1525 403287
715169 671846
128951 450290
835156 32631
104056 555265
494939 666845
635478 218440
703913 558415
864693 185078
427960 592946
701528 132609
875981 922288
54546 628999
9214 462938
303541 586150
992639 405908
526862 275608
819981 284804
161784 415370
717959 78894
365006 489478
478627 882217
502979 546632
7409 980594
338505 48555
977035 602134
548805 855563
952626 163384
125996 871005
450050 23378
274702 771835
526225 733926
365300 239513
593245 200246
354926 931182
728887 678815
373228 822930
684352 750371
359693 787480
902279 277794
801737 690947
493684 646587
544405 441579
624049 256648
565460 563253
21358 855364
175999 571436
859157 693807
300086 810465
846921 833211
583120 114040
563013 128343
500585 636910
759569 591284
523939 831737
996963 192283
441036 337118
539726 655704
558397 232196
930305 108251
382682 487066
302885 980399
323936 192032
8933 809712
140883 963776
264901 207072
838679 159124
392655 756675
966492 960839
67955 969509
723899 213384
752176 949352
337260 836615
643568 396266
931957 903273
111600 415019
564701 880988
701005 310567
796800 434647
208499 431359
264964 582417
498555 631548
813637 203580
785924 521984
659236 953498
776342 437180
133209 208682
828711 276986
338912 807163
395500 122428
718426 109556
125194 936018
514542 260341
162047 977584
387800 109801
423343 934398
164727 462765
509848 15083
494854 221236
500662 66457
349450 216809
23106 919964
565700 196314
671529 931641
371955 234980
509449 630363
805504 796895
422116 505490
280933 44758
194857 156804
320345 826047
126002 255806
599891 309547
469279 74368
841275 990165
969235 478847
79729 953560
598618 530034
391569 188018
983624 237334
875348 316465
109013 502296
781069 321353
201685 67560
679203 188537
213028 617279
819304 526552
67992 965686
266083 905783
388875 273905
806296 86520
767171 344174
995587 750940
863745 553388
596250 865471
121120 664853
340268 7639
52410 758030
136056 360863
29350 373837
209581 513661
529522 130755
745427 707570
755199 617350
439531 721216
726483 694293
39123 998293
147588 784409
946042 53186
701741 813196
810413 232782
16562 914573
371818 64764
509085 190009
889713 799342
994377 446903
866498 29309
142461 958875
855561 254476
401550 651756
783449 592220
189439 725556
80029 836198
433840 324105
438267 694026
242212 666877
315487 739591
710937 356902
423542 756577
997507 747671
724768 16157
84090 908076
273443 205438
62798 193587
339873 672196
223174 631474
829964 646089
54192 382125
638644 356004
251016 6866
402500 768631
106105 924051
24627 878504
57778 364926
983424 982312
929541 406448
603564 628581
61724 50725
624813 7748
871454 606877
42101 145233
621482 162818
371459 353252
278661 81199
631189 37912
374883 408468
177029 691985
36403 873034
18067 422900
408479 491795
966626 914984
985165 189415
192794 502135
885797 615355
556026 464975
400150 572255
851216 450017
230936 479493
797689 614002
801186 832542
988254 357617
178469 971039
77391 877029
645960 8128
717382 189725
530457 951113
705519 922831
421608 88914
527923 148298
510223 903572
803792 669805
326615 939899
737336 976077
444383 924204
489382 656083
716608 574888
950978 481081
328857 277921
846076 853132
954945 126799
207865 995610
880072 708369
549859 558606
353438 454683
513363 6596
431932 143158
763811 915658
932229 518365
736359 82759
910907 748463
42666 560413
46442 50192
73021 710195
394975 704747
884888 470952
774508 861274
406749 701210
468458 845954
230 662498
201119 513749
213653 449704
205924 374397
868525 125855
914684 954770
770510 845531
315438 184054
363141 381675
960789 460405
365719 343502
341512 7420
588004 169933
865086 525216
428063 372971
391710 891085
141808 304732
163799 678237
324253 525446
848344 437971
600817 361665
319741 158002
5118 279011
676742 469202
972569 650563
769300 640435
558479 121554
175855 754103
922113 303698
673690 311833
478911 260797
51296 743631
369359 355974
657072 735828
100757 523287
854437 449852
708003 451349
629201 689243
255316 398254
525171 697278
81944 177386
233911 691027
725886 475310
448558 840773
629661 411839
14742 224745
441854 568904
659499 482091
142558 880898
374665 838104
361407 584259
991656 16322
56286 616815
883048 59735
899744 350373
201638 764858
511380 805112
884312 501906
199153 865167
425158 505300
303334 630307
440406 349888
631253 797851
892753 308187
989829 170206
83289 362099
338815 604487
936215 11492
955030 323305
986051 906312
278091 821407
386932 346934
432725 516218
938956 74046
75783 33354
359740 958372
651489 262232
109781 161071
704674 263571
22498 483796
791397 364012
803464 870759
691054 245860
185809 877465
924935 845491
506850 303275
464951 870589
251502 805610
662208 5496
117464 19814
400104 913946
105463 610385
810615 369114
589829 150179
708840 843868
586785 850719
327460 978289
144459 947072
894177 58104
707385 95224
131644 386944
626274 301265
240864 439398
226055 28308
995905 118476
85884 61831
920469 771165
973816 687113
391812 362354
65565 104557
174146 321696
779369 174379
331185 834233
42662 599544
88048 208175
912788 351507
264318 972385
958549 214316
628883 533880
204707 833692
494492 128985
590461 984424
364621 390482
837189 839352
807003 447859
823548 393357
749690 607049
465864 894240
595237 271593
530748 508673
500157 500087
366812 302329
582185 327077
621395 985105
974547 414479
214988 640862
551708 731727
371639 635879
518836 226752
280528 472027
217275 180009
732550 913050
345906 964052
857519 82705
52920 983986
983035 44373
720621 37197
127892 278047
667361 462649
553712 75857
996257 442924
883483 748484
772116 751882
343032 547340
494855 148312
172705 749776
975217 861691
798173 337958
338857 525973
97971 123825
859960 681427
527649 157738
495825 666517
36418 525880
810064 824945
468976 623080
501605 102106
636148 949584
229521 534170
692872 881190
404404 397599
723529 701626
397933 784430
701440 775341
489330 149756
44583 592612
883750 688409
864475 969487
118375 844479
309306 998401
261988 668235
948708 160992
80642 431145
269764 338488
737635 156827
79963 303071
214986 685279
602914 978580
790736 611373
321931 113374
707101 849905
968149 530627
455931 896939
981905 914280
67133 845002
908172 665714
65338 241414
813091 49728
791899 379391
437076 552985
19180 917567
673011 56495
95643 772336
222939 286437
550962 786867
756356 239656
810527 160146
992124 112448
633218 569476
2420 377675
784361 521315
734715 444910
976475 201337
544440 352980
797982 880585
908901 88924
239592 967308
149963 265762
82433 256931
688147 253588
333417 533408
785208 259278
264424 426978
193794 722321
36747 859239
445875 689713
897130 117676
731561 177858
654660 883305
94473 926624
408277 367121
605557 575712
299173 235148
289028 782946
620042 876127
29289 264257
273306 963388
721726 204595
609468 844229
152365 956115
137479 404236
829622 107039
611784 470525
406767 450100
12022 905698
265374 448966
805358 501662
142484 202351
532319 654870
580959 345376
833099 540370
455411 346796
241166 869093
186688 577157
904889 591920
932233 164626
344384 899203
771367 201186
1689 725168
632040 740307
506388 619065
175740 359319
180052 809368
213730 397791
735836 977515
300566 339797
535677 153063
750241 716048
39112 271922
680793 292386
139963 74204
629225 259118
142639 48929
676552 198807
476400 745369
167240 272465
104727 399244
405905 610395
972453 254789
385326 453861
595924 193388
630622 745216
561467 956067
390237 507251
613504 604788
575252 915300
305104 861698
485869 562284
924769 271182
421853 691272
463500 300627
612233 323352
656275 89273
601424 104047
372610 745710
773578 394207
527736 459553
462159 694132
732866 984369
426052 490284
243101 774485
868805 460057
99895 234155
824216 873649
183675 463107
934719 322449
663027 728171
857523 654692
340033 932848
953242 241640
384928 562484
179742 846373
251291 652461
502427 901416
612690 468990
312752 734726
168641 487452
614963 17349
869413 372577
709614 159994
952775 7845
736761 281350
13647 806959
442919 971962
561591 726208
481227 84626
348671 685042
237508 174559
743219 145767
739923 580722
817816 184402
502783 371971
255042 866339
915210 312435
592066 751275
911810 264939
950744 141148
964119 430529
149561 8883
360594 981096
339739 897549
586310 644545
103804 558886
35003 896035
677465 353705
167007 429822
817220 614475
398890 525477
853906 326655
501331 457193
978443 155516
871814 760144
593478 170496
93086 275102
788766 486692
69791 507135
293931 567325
138901 771388
539172 448536
902093 246464
957256 558520
472652 930095
312417 657179
272308 756743
414496 777734
937701 842231
148142 898905
817051 632044
988018 757164
167952 298279
907961 878321
83372 513400
519156 942363
100058 381641
161678 804054
893613 306950
617001 424643
27446 346270
959703 779836
728103 444627
469697 701458
61845 879882
521590 987365
229047 749527
72946 702307
275865 711120
242061 116065
88067 81443
63608 290647
244120 915604
20034 527606
880713 320493
999315 656400
916746 811744
510058 337382
482621 529614
826830 364509
126781 421657
351452 305020
101528 115234
853352 546518
746606 778659
792734 41786
776574 274337
952443 300520
565586 552920
920487 623902
35790 392358
70348 65333
267159 925490
187473 832142
625588 645177
412487 377553
793633 833481
850490 478789
432119 465160
985416 855957
447102 437244
433742 808893
502092 690186
364691 697758
403496 427852
953972 40658
663273 279836
7510 747485
315762 993953
679314 525371
506256 458732
446227 692691
846514 442674
161603 85302
757293 862389
351863 918398
166527 487951
822232 445825
814732 70954
666096 129077
155661 132586
662566 608464
258049 994449
783720 291515
972444 148680
263512 934655
92773 96913
68929 820362
466448 321275
882046 177510
438651 732751
610886 623725
844365 933126
792108 728621
755533 47181
489200 624360
215746 236341
511899 880756
768009 462248
658202 975131
412151 442824
879553 178937
176953 864222
309262 289317
496175 139058
599127 436749
26276 572987
922642 73398
581178 293826
3530 407323
401213 430740
774578 47567
73910 851921
753209 789204
901576 533303
503508 854403
753470 467065
979027 25515
75773 510980
51107 933308
444702 293374
287777 481502
638752 986024
32908 751684
900644 124494
16058 475141
476096 101497
445422 408956
784786 702849
264163 786094
809128 49574
235937 579236
913391 359179
137080 400679
639695 917544
309944 55577
985860 35732
466114 841257
489827 647833
198393 791493
970023 958414
141930 275841
335974 18547
458775 939236
540199 70105
233990 953288
595120 725968
311619 152405
932686 291417
398842 559586
165691 634846
272406 340095
710243 260728
903714 156724
243276 382621
182883 258773
954113 534061
910489 51394
188668 242031
842563 24561
834184 243115
275592 845440
37875 270600
723101 247182
938976 731920
817910 699768
551669 899167
61015 242018
786775 782118
977843 115982
363968 658757
375208 707305
513507 176193
18255 269758
157345 975922
573991 632540
519997 220100
326098 771603
822783 47413
569124 118262
907748 456559
9510 575745
204564 670623
24010 18256
581470 699298
165451 725139
290287 211488
231444 86519
124957 495260
930855 34784
492568 301555
712212 893275
544990 183420
558192 744452
257070 445052
762251 62789
914354 574764
346865 435674
968671 560158
841996 456669
477214 800254
243348 520154
374099 588009
556864 49224
750373 286471
108253 458767
880927 145881
540835 796788
956926 371846
518176 45224
262067 924959
49080 59521
719703 989756
205538 864456
8152 315333
79236 706929
112301 316971
814111 385965
30604 68535
103387 575255
31994 909242
453755 661756
611993 992121
146976 681430
849715 466491
202512 169146
622619 505716
126893 721396
855324 525117
484432 276930
988534 392050
597272 517375
944258 152488
225173 172048
196201 554615
37500 781270
92520 768458
315141 884301
937035 33978
320147 61368
313681 891576
720281 171694
973377 975986
325472 180156
433047 627433
495949 401254
307263 946344
184641 666592
608002 489160
709552 339398
622042 928312
459363 745424
350405 876166
571059 890387
360415 406538
350947 851380
558345 843465
451777 830543
520941 273858
821164 699958
738830 641002
693973 355931
99940 771554
226752 692928
983896 35321
131470 745505
845446 294299
124739 243999
46705 868044
630624 196744
689959 687158
176709 753127
48121 416065
346397 647192
12628 319147
428738 816307
835945 859046
496202 827783
727685 631984
263949 81073
10775 489411
816511 5749
641090 727734
58108 296076
567178 670300
381588 709992
19458 865733
287618 602583
901430 827016
107584 879458
421643 763475
767928 119491
770694 404791
707349 879268
299908 535408
823163 494011
967181 424292
526230 631092
891816 410966
88581 286339
644384 988632
71511 439701
923448 810511
697776 773310
866481 933360
222664 229686
443938 616469
245918 490647
220421 22574
924556 966695
796619 543467
511298 673973
167170 196899
718637 89078
405968 570865
860789 492401
512679 336799
355914 353091
960983 341649
677183 340747
298744 645246
445005 596786
550913 222474
382785 512406
227309 392446
342429 788983
476508 60848
603195 247187
250368 140904
590324 603770
888253 38868
462898 786031
379224 72302
739829 804667
342865 388306
583294 151404
599619 530078
138082 305185
386544 998168
902804 617825
352815 314905
108506 895731
21378 814382
594441 413839
490847 541016
108730 349160
576939 672955
306555 953158
44386 820525
996865 694105
433983 392910
539455 749769
67621 849614
401974 181195
597495 403994
300013 476036
638734 990647
254815 167146
663985 944849
172223 893820
267486 242639
36731 45149
492187 564209
262443 4558
258524 535699
945701 631225
948888 708524
587875 658599
142985 651944
9135 508365
736627 928439
391943 922355
226898 378168
309275 548927
551406 863672
546934 257491
674296 174039
807430 790299
327963 337788
196189 72360
859128 728949
449800 609293
669122 270533
212641 349533
773518 408090
248828 847882
765349 702185
175661 917073
664076 63071
349056 639435
814950 125978
459367 761936
224939 982513
793988 630135
112061 845595
513846 573624
829053 625649
977558 359920
661797 536195
266824 719696
394577 29827
681447 854391
557371 297610
104541 941787
813563 404663
445881 705220
290734 107569
46493 172379
168584 990580
596576 930940
37000 702297
697336 733136
128163 754559
964553 705134
11591 309467
960002 631514
125589 657683
849236 792581
699790 555137
581825 939415
318286 995591
544651 387724
814306 311621
51994 875202
979813 108387
778410 565736
446498 790740
689140 971438
740520 332378
247711 7329
511816 320255
14867 635335
918423 996037
292937 372101
916832 203473
258312 26476
984580 685064
636592 204863
32420 445113
68319 858155
744726 455137
21870 560723
671877 244091
105517 37156
915295 50316
350302 337805
504550 109291
137714 939458
503930 397110
676063 295555
954718 778758
556878 496674
615049 44129
390076 740168
188255 83874
299234 585531
644875 210413
379424 978843
764380 46769
517061 265549
10412 825566
404390 581620
851797 148548
484633 894145
402908 673823
33917 86395
27756 675184
749602 539105
45009 600042
37118 597490
216993 58064
125530 993617
325447 314147
112156 9002
369070 567514
638081 124603
574663 780578
742182 487674
661932 395722
546895 633044
186555 591074
134351 382315
701932 181775
510135 316872
335199 646777
763366 985344
449919 897698
221925 373490
766110 450815
224940 92690
426771 310453
200686 253686
489387 466855
660492 740877
45068 286697
813112 328877
915846 479119
371861 492422
525805 953750
177375 94934
539718 774671
158583 818698
482564 173453
829336 543348
206722 88060
485462 85654
312979 702722
370742 933838
521358 408230
455457 253559
257185 692755
327464 887804
763002 79974
271176 29614
768030 66890
151259 22653
877917 802671
983018 157897
520463 260321
672501 162732
861991 447898
847796 413538
585759 218973
903839 157889
360749 882897
666878 990269
681213 320561
966444 508134
138065 210345
191571 534349
666170 287284
350204 912731
250429 330760
959363 734638
788466 382578
524347 996653
389815 834169
736488 735491
648039 721977
450440 558844
583089 84822
627367 534764
822777 17260
155142 212824
645681 323350
998548 257660
893885 880517
624900 646806
295597 41201
297412 25799
741972 16051
655581 537965
209212 389390
609991 278858
976611 309598
25323 53815
824147 863652
572132 537114
759498 953975
937397 132944
722037 575506
782734 671309
465386 941136
786666 172511
464769 218616
334363 191187
58981 99298
775398 360853
715428 179299
399368 882981
306905 434961
210712 901936
528102 561974
812253 496285
206791 816697
857190 339639
202429 880022
599999 86049
284706 285524
896233 462122
689293 240326
622128 63271
330303 383002
59665 743342
3519 343206
675394 429032
735246 241081
955304 494579
909140 635661
342432 841248
111417 918097
809298 834021
648145 145941
897070 470510
370951 325042
40153 501489
29208 26138
865910 658043
21273 592222
820934 918937
42690 172074
769275 50355
702651 371160
71054 657464
192192 764351
46488 705278
567345 757494
779020 837456
128503 153960
166239 637718
376801 125834
950516 35895
437151 517948
380212 561288
699203 106112
926653 391478
193980 866532
143155 168738
605060 377761
405825 571061
216964 34448
719715 273154
193853 43890
235628 648975
523456 259100
937426 18918
19023 371173
127565 260716
144498 615697
729373 970136
145989 436628
56798 947631
630443 665632
591198 197159
562014 999134
665840 441305
674066 204140
562308 390640
922050 56386
755223 221083
363073 247468
851310 711307
159213 481024
454546 480976
354380 247184
995884 346281
232002 442997
101940 429321
803551 188285
281614 933688
689447 884431
805268 513488
712724 634829
339316 536991
124915 979373
915196 475834
326231 989877
978125 454893
612339 731519
194150 691200
291066 390215
936298 859707
445865 339763
843209 487568
925916 675961
985692 380802
78159 971211
566694 741272
873412 524128
93260 212496
695236 633952
469520 402303
923496 824792
288710 336641
783150 910653
402616 19476
90983 528404
421162 332952
987485 642773
564317 667715
688513 939092
379797 929029
271239 484189
9986 728602
313610 615097
204051 805072
146658 186767
33975 680002
819166 847919
663837 122567
386295 73237
882050 146806
225283 11033
2808 714815
937208 245519
102257 727715
765489 12500
710060 774777
717733 431256
407408 129556
631518 728827
486036 373561
573474 78155
982254 303680
128478 442247
593334 781718
940484 895772
458473 389692
138796 614933
39136 79183
211215 37084
24734 394683
250505 146714
217149 359270
550578 606977
177755 946754
613893 119148
92244 657674
518346 704040
260049 37250
735262 637694
297324 359732
647118 850702
575619 224673
483058 56756
269251 479970
90945 832869
468412 885574
261660 416194
474108 80153
258266 556614
175837 647362
70112 545468
787584 324567
224638 695346
746808 201994
724555 671422
431305 146942
101640 73298
266811 513924
704904 106001
923637 968616
295510 639032
5176 316596
466017 625901
525211 411660
171346 238259
823911 222494
391907 1692
768412 992395
938744 789885
257084 228953
809962 442271
713364 254965
313790 113960
682147 354944
932053 698397
896708 21404
447793 900835
72370 31050
987779 973866
434286 482254
134601 279408
369686 226416
748478 896263
940403 474981
181918 537702
853660 179735
406525 248030
31616 164957
194521 401532
919905 280717
889482 977477
207772 165023
502173 757926
507682 447634
746533 325788
212517 744457
146964 33190
779594 668460
3027 377470
25976 99249
225890 281718
317626 202622
382037 27827
607660 319851
249789 741524
341289 407382
519777 285090
145622 843700
829694 575002
694620 223704
15327 16224
760239 8145
580609 886747
893118 131122
688262 723931
174501 703431
108320 484235
186908 606561
990218 421032
581527 588359
155947 510349
335402 668473
709629 331120
844694 377303
661829 239225
144660 662164
757097 527309
50031 321071
553629 401243
916596 989799
908939 562078
914789 158617
403564 210451
663571 205327
555089 72634
2884 457779
813337 169684
972922 218811
859326 271568
331315 230060
991888 64431
90658 247341
372902 444630
618160 565312
577612 540898
862391 13041
789509 830510
957438 567754
912719 616465
730106 17673
767671 177964
315288 896552
952077 590926
195667 826312
542167 39540
702163 133712
674824 79736
786818 959350
339034 24692
899098 32103
851077 269819
801185 252987
197677 805324
814228 333379
76191 578831
332410 256256
775201 605040
625382 183961
277992 36984
172887 233196
282917 710645
322059 100536
175905 839443
40639 491379
800851 481228
642224 318895
616856 347099
61210 674414
732436 960680
616918 156566
860291 237012
558120 276895
966576 76614
598963 866389
223557 417843
30691 345671
727374 836880
636791 158015
888880 324995
734082 222161
582274 656266
948607 782798
228152 977148
75774 465070
285180 651257
94769 359574
542344 111345
955485 383145
735221 412299
682606 871674
340377 473328
908466 236210
702611 487120
246858 593133
744422 479339
171606 356901
969062 499389
373068 678403
163599 978556
752746 26280
548048 895956
25083 521282
909422 693182
36276 746845
215987 883360
906221 320638
775160 510386
122574 18826
225961 876491
358647 770815
56733 168068
9253 813746
611459 714376
43092 748868
279951 338867
733958 482238
825884 401864
421883 732886
550264 715858
2074 754533
97720 115161
36741 655116
140436 840598
449549 565401
87410 78982
748644 104070
753726 126235
124265 925426
174707 278882
597593 698463
742634 683873
55641 831339
441797 457271
750017 344727
258677 213788
308638 925208
48371 511414
140100 696064
712963 20908
725696 273553
489230 421957
621677 129578
57895 791094
96096 587400
616353 658178
608066 936672
966110 579269
358749 885764
506613 747256
213631 649573
782147 954037
110863 454841
208943 806053
694760 936138
877904 475687
159401 422289
176283 519251
375363 895469
474428 825352
156754 162318
419235 532984
734823 60916
332841 181751
602509 619031
331873 972905
775874 816147
791145 861422
884420 737485
289648 557472
828155 415438
682056 739560
273273 356552
92158 504994
386561 22569
529701 472798
241421 88118
228927 669277
35232 524249
721082 501230
163342 905659
851641 886831
34474 527851
968893 356787
112850 425313
577402 190063
749024 133629
949053 33767
851184 535523
854431 420422
593545 639617
846981 677559
661149 662018
993593 587093
603408 332375
389509 593225
826920 85198
188163 323107
818168 561430
621385 111118
86272 593586
824945 226053
356179 734683
351657 642590
45119 214674
543973 449734
261974 147095
870528 846842
972731 960519
473067 894754
566245 967680
512013 309323
642429 556483
417626 879018
187711 49530
583680 36581
902641 997552
32965 902496
580085 706087
198792 985227
167032 346339
168364 195523
721029 798430
751870 917980
109374 371667
239717 310907
831135 631451
874925 397764
57664 463851
561983 776795
832659 340046
92410 397676
336283 812585
328786 94455
312778 722469
170551 764001
6908 973060
846478 782335
665847 249167
507273 236364
501407 724468
488745 779711
248675 464011
692938 686470
678799 973573
11242 119312
213306 405138
216390 341193
145375 383123
483599 421837
141563 505283
995459 835283
207905 296266
635397 886914
852862 117693
848748 275563
993489 974582
513093 6977
743625 895217
933394 357209
699723 153895
270072 272535
484536 324333
285628 771248
608877 3054
39471 193371
92353 953454
418958 603355
539996 389368
111774 679307
609755 397898
678901 696932
650465 247223
567382 798245
196505 506914
180560 548098
476219 867470
17884 702466
860984 191997
682938 702427
941492 197026
541098 853142
418532 725983
824249 365226
639581 100196
160038 62407
32938 596884
897323 331243
248487 859842
149426 664050
513813 730379
788041 357715
931054 131422
489358 674961
125480 747454
365782 802407
225896 704791
101064 119738
662818 145521
884814 758141
992627 973744
885648 303928
543528 254384
284751 698763
313706 817225
373607 129560
227566 349405
497684 99915
859758 927813
490622 829965
112225 875030
341073 91461
890588 186353
208027 22669
380789 591415
849005 514295
455498 280598
5888 248437
481270 577358
267029 503208
88504 979372
808149 326829
169137 650091
980675 570290
297640 253388
964006 114289
481921 519305
501300 962104
947698 957539
851288 370238
609367 116821
137546 920288
828262 116755
941237 623896
670714 405177
108537 53389
617155 925798
362826 970499
647837 77378
182661 417832
157111 145599
65316 304524
305860 531146
245427 2472
595937 446720
806385 609021
584084 73707
804463 65577
619148 347420
803773 49439
93612 842266
369071 493415
255701 719961
9411 584547
386200 701270
777558 728837
117116 746380
808368 15526
427306 421333
982724 217578
470528 17460
660564 537365
996130 620480
568335 304044
814367 856389
651367 415863
921021 331552
771810 10133
786731 11128
3853 77729
493673 796411
288796 315517
516986 494367
485744 626464
711748 403579
493848 66849
957186 802536
516838 291001
616658 862799
250594 16187
316539 646279
849762 30421
47091 757462
350391 345914
627464 432876
916328 136929
796990 59306
501260 845365
725789 912512
783737 952622
164206 605628
485520 138303
252043 344486
983328 134487
998790 315557
690383 361631
286570 856342
836342 485616
874126 434209
652567 983761
403252 916269
657745 363814
598971 654330
333646 748098
599046 898166
601296 568556
664049 530211
575747 468223
264003 835891
146805 560248
34029 403266
312144 601455
276383 188039
153742 127149
306240 938182
58974 239480
246433 541688
194743 581062
810822 772434
152521 588785
631983 788424
81927 111645
547342 197466
166693 240569
91139 482428
240173 214898
576479 364907
161399 676026
789421 67088
50091 197012
302134 630752
177295 971013
636129 666277
248330 599226
553556 534133
628973 464424
930206 449720
671538 597393
719685 274156
326008 629404
617369 631189
970328 253382
959248 196655
312332 179512
436153 649226
123869 270463
289603 41874
594345 194686
283708 734007
857860 138733
33171 284162
429308 217728
52131 68901
255081 686339
323499 209289
997008 482242
926373 826661
859478 161804
108413 686381
513827 192410
122724 342481
869525 819227
383769 574274
872366 307044
342981 599535
997181 343344
181315 127967
949580 396752
95179 633827
416125 432316
7516 812817
977287 945110
567665 387036
646590 701524
207631 902204
104587 647156
425905 555836
798455 463442
764425 841852
198185 120576
79481 888186
697919 247924
268890 490403
680849 613670
952977 678041
23875 87888
547244 720639
446242 417075
576975 272906
949735 451695
615805 227374
495006 109497
535105 76955
593597 952188
349409 730318
454374 790377
598193 326832
686012 478475
297965 380453
264157 363487
827744 723601
406266 511537
428597 273025
545419 453628
646891 12867
352563 8565
471411 474278
79387 594331
620679 794786
417265 66337
614764 789242
93314 205629
461700 403325
45440 951931
37272 515424
570241 648540
505186 35322
359701 274541
472549 718708
494775 404485
784433 343933
942565 607324
515354 210518
675729 479304
926049 915609
242155 502911
234500 443610
865840 17400
91503 207835
925744 23745
588603 422914
465224 159848
302605 911820
889448 587696
547836 4320
416172 443915
799605 224532
154979 779058
391197 749607
780500 813867
682637 474776
380492 477410
488196 443336
855456 637460
218247 305515
156248 933076
867577 497637
20934 364574
756913 302008
190865 832358
715272 264162
524633 943331
129209 502852
511339 132954
519915 988572
912518 526392
182498 183326
814707 946996
449598 910603
316599 341475
220547 670208
262792 548231
835021 271074
355153 996397
417446 692380
370033 133761
79686 199829
821198 399451
470504 858447
835512 719873
770828 678754
785760 930194
56154 721217
581216 540959
690239 861606
609578 511970
304758 53540
109710 827028
72519 569874
639705 983661
954168 431639
253267 500699
78397 732012
196594 51834
712075 46054
900963 785022
303087 987361
289752 645049
242022 780979
6050 578837
520710 944406
458918 388698
845083 796280
191855 815954
969131 142007
66816 294141
75149 101474
839406 109613
600188 768688
394350 12430
449951 314827
922048 824111
462751 320727
990034 967657
9043 450472
143835 589634
29845 220175
937833 833214
999681 253093
370556 894998
895851 496481
839378 841734
34956 253919
860403 781589
418873 265310
33616 511334
211047 43582
468658 948403
261537 165072
989216 869080
101514 201907
292172 280564
985166 528377
208730 710286
494350 63482
278053 831213
910091 434023
719320 649460
788344 693284
931838 996093
535300 413907
371243 455341
836879 656856
835470 728449
139273 941367
123799 69108
300050 549156
720276 105073
524265 971597
341151 126318
242529 870041
753046 330808
632238 365451
697716 957660
351475 426747
239615 518010
571467 193596
902497 483094
57104 943322
629393 20483
115441 785776
22141 662325
232791 722458
468813 796896
953416 815874
237735 728457
106489 434122
429124 245716
185299 944091
241099 720331
731150 942746
622781 473973
68615 749687
24473 257884
851401 690680
656014 399941
234458 376565
78771 667759
325886 403925
443826 259204
732594 196353
664528 207149
920712 80569
905529 358442
11954 377681
82990 571114
585208 654300
344420 733112
579921 649875
43422 607773
30190 30199
718673 428132
146238 249479
194174 753280
824562 282222
753106 319253
254007 147732
604490 531451
598087 404544
549973 194162
967228 253075
535499 716885
763808 594925
179542 537287
836451 483481
53058 222642
170700 740531
624767 860178
587534 247066
327333 615872
300323 154319
483337 927832
888934 503036
408205 503144
749370 84835
58008 438517
928502 644743
278287 35806
381163 835564
618949 107502
173574 598083
587116 847087
502971 194668
59376 588542
744172 627481
355369 91638
377292 169748
705189 901878
510210 714512
447293 588738
569770 243050
645507 424704
653493 409027
821955 311335
340395 906781
805442 782961
75605 238172
344967 50100
384184 786283
988068 275818
921581 250236
635024 472502
707700 94122
782049 590191
644815 81317
114962 621200
616319 950899
9683 887580
873207 926212
619476 90607
922074 512336
238266 577499
341383 617138
158428 966390
825930 576477
818652 212376
892499 597849
685783 976185
797746 992647
25823 157684
147511 808495
165978 515341
737546 449817
633214 116976
973888 387798
129717 787664
751229 909462
680857 440473
970551 313803
975926 47836
685680 361289
975902 360036
339708 959057
734229 800921
33812 824105
819413 977280
712611 801997
584072 279115
247137 382285
229350 243579
873762 517984
907562 574265
881586 229288
882272 245606
116 924625
626405 46486
787228 834532
323543 720549
195240 477310
656516 654561
922216 29580
566264 36436
222699 350692
856048 477558
336915 543602
125686 395383
904897 225607
102003 99550
760976 187620
296633 245482
114386 57831
449954 284383
968978 615377
255262 109235
870940 532342
263400 803010
942257 831940
180979 776398
578848 559488
952910 158695
342434 818018
830332 729724
746151 194065
267941 294874
85425 926619
374643 777965
272520 286963
674245 136068
120737 442647
950535 306318
343631 454529
436893 764169
281403 683021
97424 952910
928547 12708
307453 375616
985309 223496
70982 660703
947498 35477
276371 386658
29251 845931
874897 334674
214380 913412
707705 119054
711215 31212
688446 503419
741102 269828
969257 640872
708145 147667
206788 598414
502325 539647
355469 936555
836153 723449
761369 291881
898815 653878
626981 385733
119713 740616
560450 581365
399955 872793
361161 94278
615619 462727
706699 373826
415843 611556
851107 15254
922423 464112
756014 743887
269544 26496
413194 478368
222448 286066
562234 548269
645337 298245
673844 624774
289894 678437
871020 626679
342339 753536
826851 586009
303976 172902
941163 753770
44472 119607
57648 543567
257948 98477
708697 8943
101414 703401
673498 737055
880945 267438
853684 284494
166548 733309
942293 810444
117930 386528
706837 296058
805018 182604
4954 83326
398952 967799
852666 984871
285971 185392
468883 501626
411508 53303
581552 976479
8677 644541
27249 778559
520360 492843
454184 589549
346509 135949
17478 782117
619630 865182
501739 417783
889178 225849
292364 609096
123139 233394
208828 474480
297309 989064
13806 805128
942142 74034
358048 87610
466012 324417
116969 177734
105651 685767
834055 905842
490602 984389
565266 586845
177705 504540
299494 940892
395385 140598
79007 432031
869281 69391
726397 598109
282093 386845
961819 831974
536182 224914
825864 355008
882543 891242
601670 657819
438091 970025
253883 714482
942570 906537
88544 933558
304420 69459
532315 952226
388043 370455
293507 699558
175589 889868
110420 250820
179451 277026
217293 747106
481861 277022
282894 764533
520302 124364
45111 891950
388742 804093
548531 761735
539382 58148
520789 795286
769151 37921
274193 613644
58385 190601
733060 63957
619106 480760
419417 643202
480650 442216
299764 993249
266935 94693
187646 676765
623570 966557
255678 11370
715935 314916
881583 270720
487042 957819
142826 569552
59588 360117
468492 163348
14556 467833
787814 774940
992001 218480
383516 432698
457044 205343
778947 293748
142171 267756
411647 706948
860921 506910
78113 234834
353811 348403
146725 178966
563662 82898
751695 387027
193350 143584
78190 120793
213491 176416
378973 695379
390820 940387
88694 966494
315596 894961
609562 807608
850842 24529
951242 67415
65871 950163
932238 962754
356411 110948
583766 685082
710476 868061
707845 788934
866715 975755
124072 888522
138013 784496
135048 546708
855019 56765
101378 318162
15255 210307
585855 662826
388521 978953
158408 830285
535234 703847
683037 439185
162526 884512
453607 150978
144711 658672
556226 93613
407273 23625
84237 472921
197118 905383
609493 656854
587908 710158
386507 750290
965964 354155
636547 575211
177744 786300
72966 541108
300639 641320
995330 360104
879860 283643
489007 376684
224207 55904
686072 975486
157929 111617
195216 509434
360 556980
55046 311077
154974 207909
323551 11995
631 869846
600046 307816
929044 152082
16502 82144
486835 62997
941595 787278
843881 211473
413169 108517
975154 574282
956564 643288
280437 654753
609819 113199
901198 446453
867075 766999
630902 513849
969261 739217
690652 305933
34360 103316
933167 418321
677421 631398
35097 674602
760932 593722
844491 616819
950893 158028
821407 83037
890577 480610
132590 46920
811437 54436
615649 350407
787762 603357
846610 620877
453791 233001
536121 820136
630405 53705
152312 982390
64926 216421
911330 82001
178169 159055
543279 58596
121532 890815
896482 711856
621322 47838
849846 160638
107801 426161
30830 687442
652985 258416
867945 744433
340478 200735
784423 961677
735661 967226
923757 385615
608411 977985
362374 789961
45492 432956
888089 304954
345077 103845
546334 638334
533715 169786
341847 771198
928082 970414
753941 175690
559553 188497
752411 38429
353944 211396
392597 804224
742422 451174
566891 740611
172281 84470
387027 628059
458769 2192
90018 876088
461592 352796
537010 35878
326542 849435
577702 976967
963994 730103
696189 353149
122152 524871
857225 644925
638049 832724
557912 405821
122075 577823
790001 453827
249109 99526
195133 953048
943005 173827
44887 985198
781618 174170
525786 796626
154643 617557
346847 375547
679779 716164
912865 454855
168923 636973
537014 126688
215756 948233
500465 256708
363515 919480
841890 212054
763382 986830
558006 502802
598279 449424
31041 999467
874512 432081
6528 590372
349425 598600
537628 522438
704611 969276
361566 414278
163492 847955
202913 476483
409300 507123
452371 101214
879509 750916
458165 157143
693825 847278
617992 254667
783150 918912
130248 624721
172733 103266
268377 559970
854025 984168
991592 498050
176984 245905
802547 225407
66834 496133
942836 200135
983873 633989
909501 350928
536697 908303
875481 740773
362026 78302
918912 396128
486035 977802
216203 172265
296255 157238
785811 864807
307133 247412
850255 763539
657809 977773
1018 919362
328220 880568
86142 459414
395202 719990
223660 103554
733589 295943
217811 889260
551188 62389
857438 478272
843664 315697
721286 280561
156731 151361
200504 729916
168985 455370
390322 886102
592320 84113
649083 432680
891007 207190
713627 709775
990196 378139
542356 808654
17293 488211
518674 684955
951694 847465
79667 179561
57001 497956
749705 952765
273188 578065
809666 608378
702279 280125
839724 252673
52074 814236
268307 861201
545741 252780
656680 170979
12098 356685
497378 608661
60728 780457
409149 122607
72159 123976
38757 811898
367587 601783
975725 486524
348690 373257
335119 655501
238896 188003
275789 949361
153259 169004
808941 824922
573150 814473
673709 626408
674598 743799
28684 610241
441573 586471
659982 52002
661468 87614
397930 921533
911689 999300
747807 730289
770134 534204
55984 198899
773818 107378
121753 803705
839181 394317
730790 844326
709518 670277
832151 191420
946251 250200
335467 916550
734244 20328
802718 76285
603860 544488
328343 972213
642123 824742
301217 261069
521058 957935
768237 790523
323827 7604
985825 762590
711413 475696
644094 409522
33889 896193
515693 544470
850738 497067
26986 124158
357537 151077
318445 865402
230010 564309
727686 945194
364120 209451
573305 715984
873374 969580
463308 667131
585347 328025
492328 348521
882905 283099
294364 417430
875305 443615
353995 902367
366452 25870
345230 900545
202622 327174
47604 619086
921130 324678
58792 16488
479710 942336
397798 305132
59544 273466
472144 946877
724155 981727
489568 383446
876276 339154
29297 426499
286916 985496
743975 173671
936136 476054
789340 346721
39432 942221
673797 93259
16871 101475
460287 779736
791235 23571
589995 607901
402086 912778
883100 476910
891340 407664
165198 653700
670087 26317
828004 303229
571441 300870
206020 215225
540995 718859
926103 440616
526315 927456
578548 800910
624099 844858
88756 174051
198719 568434
984074 852834
716181 334093
296991 603046
650699 73304
750035 319350
436245 42366
280946 732950
715514 2846
464104 412790
861832 30448
26452 900874
757966 136012
127492 333215
777832 768031
315190 376138
383070 904563
980299 407537
307770 75741
408987 34309
20864 691254
350781 557306
240891 30875
130448 964113
495954 520302
977996 197883
326454 174752
60233 12361
968822 498091
628031 432017
204276 824991
481607 818250
699997 551671
544806 889966
462688 518377
729182 146956
847207 22344
360732 315422
77537 562064
440674 392310
742818 29836
348618 84528
450597 596265
325315 902732
723043 560193
998548 126381
432435 137435
983658 407631
992785 7633
