7000
587289 181469
775777 727765
956504 717271
254439 713168
373580 866893
637403 8463
807680 917948
776474 702784
135080 61691
959307 38879
980547 139488
694972 806307
227762 206783
270031 834313
34444 44761
362304 198058
618975 126989
826292 957252
845632 797956
990045 319925
317384 756157
753295 551128
156407 64786
39684 160233
409721 439783
361621 891627
298557 473854
870332 978427
708198 599642
555157 778520
439314 494550
160349 953699
229639 252770
223370 781165
797721 536704
290501 824623
981338 591760
142281 44850
697857 976786
42016 259659
715999 992968
201912 447305
950323 638860
651533 313424
14090 399329
807721 477798
780869 932594
747749 412088
572168 969286
795407 130901
193945 136223
337666 593961
892709 34366
53306 682105
950854 833319
276051 955025
865821 250149
341816 823668
146628 811674
456084 753461
925423 974577
875668 577871
963430 118344
809996 127760
446326 229724
377085 121606
288027 588194
788648 518638
125157 825565
667378 840340
766887 347249
387443 431948
386957 848361
770673 793777
574219 581657
390693 528543
799009 391974
958415 661651
968137 195990
862230 244705
270653 778267
915848 806815
387308 368000
598033 649239
648976 930618
440646 283022
444305 221205
34034 243092
814446 812900
435213 679597
761653 465640
938320 950162
402726 352276
765504 258128
60588 50130
115605 457341
679804 150876
103692 747221
935363 848808
263111 73696
121051 412488
778944 428711
860844 369556
149894 689158
646567 680021
369778 554765
169449 138854
379859 17422
274038 9115
345112 789991
516437 255214
390545 959175
891774 778240
844003 128686
976507 746887
256825 471050
487002 619066
543728 997026
629378 364517
412579 530579
950997 963373
497930 601808
454542 115253
495671 584432
475566 738993
651337 944774
153211 834843
378461 425569
470321 911013
806226 84348
511180 250480
628151 737559
339209 916773
95329 333746
718215 16842
451953 861410
4475 60351
581754 514240
70303 100247
373516 468965
699557 262897
638466 477794
246693 41537
691987 505038
617263 268033
838344 157398
635293 566913
882914 335262
154954 236568
981638 911879
67688 247922
25644 535650
993287 195545
442657 991967
267211 905678
921950 121344
625498 469481
164429 903615
117852 787879
4725 384428
23155 646987
474915 31181
487744 396124
769940 386652
715345 461373
990915 295228
962725 697783
582796 451594
481735 636866
255737 730190
911933 124879
49487 183752
788927 872044
514335 330790
542994 595469
271958 352320
368070 257039
974541 122522
85794 93413
352941 279503
163501 945513
737689 345653
551673 640013
208069 423675
542913 310446
807244 534544
994035 564741
709493 345198
567203 226421
594758 879651
206477 213142
926780 799895
30825 59462
296865 406303
511636 836174
564173 484225
577150 931632
854508 198629
427311 5685
789874 934134
240339 191216
844602 171703
238647 348639
462196 469996
533992 6294
986271 601202
417190 851876
393414 34669
869792 942537
200823 856073
517050 557389
181195 863250
715551 800439
82046 903589
522953 663902
872318 840036
127933 481789
725789 409347
715642 947982
174219 806692
983294 412723
122423 703071
104979 454957
118365 727813
947 849905
561606 466087
313131 459197
115885 504899
24148 869177
833208 739200
429164 996730
147874 340904
44628 279067
664388 825753
658065 938856
533709 796384
941263 809829
816995 299875
675198 511041
150644 435022
1507 963468
184913 296751
791708 637091
50111 43585
47212 520778
297234 614515
804624 389627
369265 179090
909376 324073
681185 714663
518379 426763
617868 118230
923617 904561
992673 326384
418872 853723
937214 504963
595835 164331
486447 319470
213432 984832
288725 33914
75284 456370
591663 299999
631131 864057
810687 823522
326392 234206
331753 544986
769942 521359
419278 902351
258188 73996
820340 792324
883962 835157
5085 262240
458151 743707
676816 684676
813909 815120
26371 284787
696966 921332
252996 107012
907109 391215
958169 58268
451849 299827
56026 434963
231484 102611
982175 38181
702317 430996
177768 958901
570811 893096
720489 972858
786295 366571
169144 139987
31338 586130
979248 331234
335252 411235
667137 473500
463135 472083
895127 885662
781637 816036
848683 392881
580169 393797
299756 413839
641343 220794
720275 331135
110535 669461
232643 613955
270320 294185
731407 290006
199669 834651
902431 987975
554970 877596
742740 167125
570969 516593
212890 333092
611243 117748
392958 774768
952836 266939
505102 78253
218461 530469
565314 77824
554396 613283
213612 454061
861861 124265
613352 420793
322978 432672
724537 876471
575289 690585
849196 767599
706850 200647
236016 653368
326487 743973
995896 792033
18635 177333
107843 550033
25910 812224
483704 583210
672842 461885
897627 479161
947714 86836
715592 254424
648150 663894
579839 440262
78950 315932
405146 164506
946391 659234
192066 110016
575605 849184
549414 21123
400574 873880
945571 669433
371262 262508
683580 562258
29257 482721
170645 52357
496933 246220
93376 405138
248940 110682
690486 249069
352726 867333
114027 516965
803281 400741
96204 517468
547818 203497
319337 577802
610189 282138
626044 243676
619121 11182
675188 400073
759494 919336
4513 992146
627269 322260
672741 736514
540660 510845
694035 834380
674912 402013
266930 720180
550489 543859
323858 401013
371108 921174
436365 530125
129539 466445
203706 88610
409296 715383
458358 596954
457654 584234
866634 216188
169802 280818
40054 632591
907454 251686
311505 991053
232525 874873
607881 11875
254668 192102
842797 307834
742147 103434
21431 761903
16750 227337
720108 45627
262747 716174
281521 383555
383494 469067
997052 422907
309606 899634
595188 718145
63883 654331
535827 285258
672904 884360
454633 75600
362790 500091
602499 779861
661587 138995
461319 599497
238196 781682
764401 106089
479612 325452
898877 45047
589793 943079
815593 695705
560902 316443
929246 377400
406713 193297
181347 147593
368783 904254
395848 345149
530764 767480
702107 612333
470531 740028
754600 151049
38428 910162
503861 789537
698146 930840
331642 509901
573097 385258
275952 856837
925999 199817
818913 577097
582279 513306
44745 309603
384312 446366
607021 777623
408269 596178
935727 881773
154646 652482
823646 188081
828469 486247
948847 967861
41864 840890
128973 606989
98806 107039
986371 602171
980981 683037
383505 764153
14022 391049
744697 775240
404160 260456
368026 155096
818347 975875
183752 471632
246424 306510
3903 830393
594962 852604
487501 684862
609295 491216
958265 131343
692842 998052
491577 639965
520479 872268
83392 268956
898110 552450
226940 582362
395593 815090
355183 831762
554541 36747
482809 92876
3620 952371
467978 383152
479905 643984
468326 741610
232766 452224
338401 34264
515036 863989
402547 236369
100843 510775
905308 571562
376809 410968
459780 140800
8608 538754
503068 708130
249670 794079
126661 483841
224785 745400
804105 80581
906024 681963
304678 743962
480068 460565
780313 915030
208402 678025
316293 253983
908152 934196
947237 414964
71064 631837
419707 622558
392685 20024
768572 27295
263851 170524
180144 48124
614682 538898
839275 717773
409719 262279
257423 155743
151258 601435
594665 112600
318150 273091
596363 242365
347243 131512
95672 229179
611856 84246
795279 8553
615331 780864
181861 837749
730901 146231
929540 204764
413384 105664
773183 787138
262092 230112
57960 472824
482695 312137
143410 279833
345510 258416
827021 104607
965177 668146
540126 959245
631315 371087
333387 391629
502917 326347
408966 991264
296273 20744
369631 427235
204951 345360
539658 686231
535373 577538
633211 29275
67428 385430
975202 345402
901859 490273
704656 797456
401287 753885
815701 915872
890469 313675
693355 446213
572780 582236
490906 601709
400995 99275
121116 168657
921108 620968
249764 289828
967407 114914
379904 806401
34644 371869
413721 485692
663603 673792
774872 504105
706559 712505
19993 697126
771482 139182
437032 594594
839833 985130
537867 543136
802239 262714
894660 830283
116622 500593
202937 626984
349628 313101
368792 647114
455738 361407
32580 993500
810009 177018
819768 433002
375443 258445
414626 917389
788210 411414
991736 757464
449626 143292
118353 765460
363777 525078
828509 129212
487172 220075
814185 85984
277513 455209
547530 704109
602748 615995
579086 77768
949609 258199
24114 732945
24443 781619
844384 957278
388701 263859
214522 353213
413191 221631
227084 926510
147547 231168
949232 991882
998349 657047
968540 105764
258400 201048
394736 953704
300440 805442
858859 53871
89985 74571
301849 495814
719470 382828
584449 485268
642105 174839
852619 228834
776704 887621
4723 846738
961215 826540
19999 993744
621883 421747
138258 923734
804465 468123
495052 542622
481147 959800
235096 814500
537190 241902
934596 868738
111326 601662
201986 66281
795817 79122
317634 723339
75439 203677
395458 158041
252315 776869
572695 894790
369970 798464
22435 452240
165468 318435
519914 384766
96061 504782
896296 318651
620100 442540
315369 11099
652696 187052
21382 123662
420395 220770
713576 726451
566768 883431
131274 479330
237716 875612
317204 854634
238978 495982
778785 459840
862687 94031
672577 790472
194938 518309
175594 825465
5507 669190
420504 708789
426203 125684
167838 757059
342448 581790
146205 155526
113435 20648
756789 911652
678204 408582
22015 263004
308063 333486
302943 699597
487915 445155
491663 180518
483213 768559
618270 996088
15039 496081
873894 120720
5869 88830
645566 315200
116618 34924
689660 654997
22635 606611
426647 621452
590064 325873
526054 862335
275258 455616
425284 519268
879435 38252
893724 297530
726877 824758
605631 658811
653749 417414
63582 340525
396574 594265
710974 670804
37948 187110
616720 201336
227352 417535
937650 890969
242343 651194
364602 541844
72846 284963
322674 442532
739657 340692
765365 763644
863873 125240
966649 919230
962255 230695
159381 286261
394971 395963
887940 194999
344602 320553
149285 588452
828245 46465
961912 191451
7254 849483
518686 765079
3157 241532
747064 33401
88317 586206
41930 708606
435895 407283
28287 393951
829274 454596
435777 231896
215308 265075
222838 424226
765326 995187
477826 302880
294415 725059
446569 930695
112794 60832
283063 278633
816104 247367
329464 569825
405464 267528
49832 801365
700230 5786
711196 63322
179685 456807
312261 619892
561083 239938
504809 295968
725937 998844
90180 246515
669055 545521
14998 686007
949769 468822
709100 962527
8884 130878
950642 706205
923034 230290
208619 567559
289513 196048
879403 63889
267881 650730
53123 125109
729634 760095
590749 735473
822424 669921
356087 829410
765620 579555
105342 664348
937115 547658
665626 118288
872151 414970
360781 619642
701528 922164
330384 900817
711974 889653
763819 977649
946284 207356
990616 192202
352360 652436
49090 868772
247952 736140
413942 383622
879667 646650
587568 304945
847154 115305
407104 934964
583907 338888
35124 880812
446289 349181
436104 713265
95487 322922
305552 633488
237210 57379
305975 971563
218775 544877
436728 40352
866066 815121
164159 149707
364583 916737
947004 578619
760849 143832
815926 587017
942130 707702
57561 127266
862128 142224
952275 78187
824037 704624
499257 313340
476779 89179
942212 701234
872951 340725
294911 248101
738653 347620
838999 603795
342157 243343
15152 115915
198165 281924
678505 286049
437638 896899
705323 90368
640316 942305
670700 719418
971510 685513
935003 27867
429144 87186
115671 162611
806283 18648
398426 826153
667201 556689
813231 98869
40044 904838
495595 238139
347586 514428
673473 838665
59304 68859
873491 417712
443288 794932
738024 884328
8314 754999
563245 828853
504732 787460
494039 561243
156992 403728
315517 967171
300615 221618
875452 648334
854286 764266
562738 925786
69511 557416
219842 241898
501157 861369
291506 259541
448415 569972
787363 611651
59185 458968
784145 112153
870950 81032
211751 173686
601823 241097
421673 393170
432666 408999
233012 478253
336121 951771
66393 256293
758510 128360
655091 65912
104797 764907
409299 323194
425126 991690
96610 357814
838824 805616
258270 717372
717964 459213
265259 850909
176463 865900
317177 942759
330472 978931
112457 461398
458452 439705
644228 850800
220982 508353
822096 150232
855273 262164
18837 997082
388846 232381
126023 694290
587855 317370
961197 176951
746808 962428
954904 165835
582460 117629
253085 596043
430285 310547
544478 554337
438712 583098
593485 264635
477438 536452
676434 48406
140114 130669
540872 404092
31286 318503
755641 964753
204989 607377
517455 539432
397972 125514
57741 721145
997952 631184
841995 276211
904977 397162
577289 769505
465655 860189
623263 315134
456576 934601
807304 301996
243460 745779
872793 263162
469732 153191
542383 270684
320857 356420
783162 381995
19422 242054
934710 75120
948687 459041
570009 396624
484827 887686
480926 220041
542120 844173
828863 619044
816809 665354
690415 937339
354610 391901
837616 733507
802179 713654
462511 724644
767091 139730
230010 919657
774431 922028
778367 265861
167736 210882
334009 937972
516667 520830
11464 216165
597359 8620
848330 425559
470384 981701
257300 542945
189563 254416
632970 42845
300951 7441
151616 241129
909162 613093
601454 703431
632765 545042
615613 692980
418206 793084
112487 770367
316843 193836
314897 363344
350970 761992
741735 500969
674805 817589
712424 774679
850202 283641
811765 845096
282766 706042
99992 476063
231353 58169
484476 356501
54431 375296
107341 393308
767248 855195
685979 764139
964780 679258
166002 768910
531359 138230
879325 102336
657353 725693
579093 349913
161097 55449
596029 957099
998526 251660
513556 215666
696388 100983
26047 179567
702660 937436
984327 425685
631675 204021
669059 362550
689659 284517
689687 597449
657875 527602
238692 863565
441712 582063
881943 142551
155635 186758
463123 959177
415046 352712
695098 328388
152893 78740
314765 490915
443473 824673
941995 12427
863352 430536
979798 913909
521839 112143
632517 275957
612061 854613
325348 942348
479121 938477
94756 551756
247214 454223
827889 524309
982084 478220
38748 253700
581343 967858
277583 323315
980578 240888
956343 843474
520432 467407
30558 861099
43515 487669
209496 511178
1485 372973
570026 590718
726772 612742
417717 561180
947459 977254
271339 112646
841069 536108
760596 737694
364630 92609
159850 495156
819414 657573
534158 867271
379886 611027
628431 565518
197375 738900
661666 841996
508550 619810
984502 329248
665608 308358
784759 766670
993622 321599
1624 730787
657544 908024
62041 604080
428751 566002
121783 108697
598678 574586
825596 548440
404781 33785
25457 722060
236814 507289
45544 878561
152845 606707
99772 428420
362808 939760
350511 731220
843228 115022
981288 737051
457613 656931
387371 31766
612041 94419
753585 221862
869035 515883
203388 128827
529334 960673
622254 658434
212310 368659
776919 660146
438343 933990
482732 927186
808242 883623
904055 78523
634622 16464
568206 628225
599511 548988
145959 274175
551684 395573
544332 461318
244475 983952
699866 788451
592751 358208
566841 720517
205584 408779
253929 563548
714178 500985
745169 868318
465449 686953
922305 259778
217551 727358
103178 515945
809361 672943
421658 730029
204242 522725
312238 641806
676991 759583
579373 954766
34802 347007
189474 453130
258931 768790
707239 324764
960657 644634
219800 872495
315920 378631
92758 24596
394504 984443
226466 266698
929492 525980
544582 654455
461715 673102
416151 397873
297305 769227
216343 258933
544979 633578
179800 152830
675888 258655
93890 796354
399258 583032
544142 193622
107611 517043
990646 364682
234579 869303
783774 855311
65741 926536
178064 501051
333500 439021
815960 636584
420397 633783
823122 962574
100203 516842
181175 375248
568145 920785
629099 232564
710947 979247
962968 683342
291637 174147
902966 947104
654367 762427
432932 548646
179200 869524
153413 97482
104846 175493
716156 533170
101166 661599
86479 426709
513435 846318
972800 407771
978148 126703
343463 299274
243891 551247
129836 240138
170528 202828
872669 666338
881612 23739
272430 169994
846408 799325
879112 780477
713064 995156
941315 758289
129631 150979
254735 521289
306619 331263
844252 330670
841708 748815
976442 416270
473305 942004
430386 845570
541220 520509
686289 923371
331537 82004
396401 412955
912121 647507
311098 311630
967957 876276
898529 584538
464584 239146
781589 444645
102664 481178
738898 278279
874375 64427
981522 821351
470375 836365
583872 708180
115111 313986
586237 809160
447480 575064
555559 100456
491898 479618
772404 828279
313306 742283
608164 487712
201234 702776
489800 71709
81762 894865
602116 515779
23224 193242
198257 781937
999980 293028
574192 575802
263425 938271
470835 481886
115199 309817
547726 356434
699362 754492
946095 419777
263480 541069
423427 25338
234021 999058
675957 387662
359634 830403
358245 91613
973802 35179
227412 179004
347048 178271
989852 452345
656708 8029
877887 994678
652445 402027
354731 339692
760132 5940
527482 78658
565212 698613
371581 614000
687520 459834
890671 338453
740619 336902
90467 783452
702046 846891
349164 719
492469 797994
826047 105985
151387 476621
756628 575130
41585 662236
238056 532993
386695 66046
182734 301783
137158 717405
534902 946082
445991 529959
960350 328030
388903 154046
49514 278428
10234 496989
946535 712442
196401 470700
85107 440561
985347 424631
643688 886021
667815 608968
999879 104138
763341 62871
782025 900261
76975 885011
550861 431355
260964 912383
213735 307164
557585 699736
195994 230122
184036 581913
339357 880499
497044 872585
532740 325265
330333 835701
851664 229194
281937 105701
394634 919217
302026 483200
645618 756694
948842 42871
426764 423849
880631 531386
665828 984650
462260 630539
104774 140866
717402 327753
867086 857929
509209 599833
202193 210050
135487 302770
549799 864277
88589 301443
740457 95063
769532 43682
16998 362037
107825 440692
471760 887052
263622 834026
968574 979871
434787 798950
786118 961379
70767 364619
484399 457905
503748 109374
486664 759169
53179 762108
541609 265997
749445 370420
487822 821090
881636 305229
120567 813643
618512 97355
483188 805633
792413 958910
321107 336592
844178 875934
745269 122469
383506 438527
86552 511563
593913 477143
328386 197641
438793 384205
237896 223170
221004 415850
960594 396920
283398 34980
513450 863510
269535 125105
429864 233423
846892 72739
515878 152566
625732 915260
618591 934279
39124 209899
392515 798817
156284 215869
337965 408514
8187 599417
345491 359432
725067 498176
165456 96694
32804 231527
237442 462847
166711 781194
944136 645899
194425 596424
850759 964753
745414 828723
505623 497255
33456 151525
764116 595641
837717 168081
512161 123614
292795 160301
366819 773599
432979 153999
168793 762200
221740 233289
666258 354403
394811 917827
192769 474853
731007 293276
428837 116847
570458 174741
324708 315098
738230 382444
614284 708097
907091 136543
833896 70753
12549 224711
22368 709256
906447 864571
666675 793585
178311 695789
193067 340733
660436 424633
288835 159223
210108 57551
963443 604809
524946 737321
160554 686009
955804 450801
810097 354550
20202 685930
197567 912538
830712 843869
198950 391797
700725 147493
388870 762438
984783 79263
773646 100741
846438 240800
34032 577442
758393 636934
293349 127781
216635 183709
514581 424814
188611 589377
926385 43917
592636 81819
959143 184130
294592 58946
535883 618105
475426 809101
118256 341784
366253 986075
709885 172525
81809 295890
62080 158530
228402 117799
246202 409857
787833 864071
141025 373213
157591 161084
264967 200196
798539 608860
46582 432799
952287 390338
509643 641218
124094 532740
687686 208814
774507 15298
527068 563131
665032 388134
364020 81927
956263 111964
624131 141610
830557 80625
412209 839917
142648 146922
40891 634232
891268 540328
774969 945106
569167 638062
229331 864709
817337 302037
359059 340727
548838 70858
864543 825057
634659 197569
835183 224999
545082 137868
354914 563187
128748 382725
114000 602032
394891 686600
563985 542539
215733 679417
967096 449924
280446 562863
372471 973844
684051 94211
354272 145153
755092 870698
878916 818710
669957 9584
325090 404688
80418 107956
307683 155385
601388 147746
359818 566293
185133 243636
982970 215399
909979 126748
866797 423388
732789 361819
837990 202034
770901 660306
690906 840392
454337 858868
453224 935150
752241 27230
31459 270072
299278 83985
494477 575794
589355 764147
621222 212884
548324 813100
42080 277330
890095 463839
260508 900601
122532 521274
34211 709418
929355 181584
145915 190474
473200 116845
102711 222547
87529 844542
925323 21227
920655 770983
347217 908312
628622 742175
112333 464307
109914 665986
832576 140598
43488 234887
750597 847453
173459 657504
460598 532936
313850 151388
823831 281563
717251 468738
112665 980278
743199 529837
904764 232434
593426 345675
807747 344153
759269 11534
260681 338443
981188 992612
953249 359485
599513 737214
991075 875476
504671 660623
301202 348639
728071 380665
515208 810771
719094 409532
546397 375072
566118 696112
797250 963389
788665 415263
451912 805607
955109 529457
567107 427839
994 725549
451458 463286
657405 647126
915617 874279
6742 655296
727091 240951
855622 230296
84553 256653
343229 565287
938354 585049
796332 51147
779037 74104
3268 760611
189372 689306
443067 750399
318794 832111
662286 626515
279276 493757
400362 814546
285045 817493
721534 768807
499734 697738
549290 592405
752738 778435
137578 277127
565450 814335
432832 205781
917826 76954
933 765546
860341 896150
106806 370434
594781 875076
484990 89856
801948 110299
981069 589515
620492 154359
166714 229565
44088 978037
662537 284825
728290 431419
936323 520188
748407 891587
862993 368313
260857 322681
929325 34650
980023 244160
987850 950146
863351 456197
849702 626753
350602 794384
22845 794544
464225 529236
695970 69112
707260 759451
344330 745199
686338 34903
748705 278372
993228 698504
444697 894807
367164 467066
363686 59672
415023 83604
687227 446973
391595 320778
506131 215758
572870 802482
876705 851796
119930 398779
11225 586339
481621 953646
485548 335619
565213 4706
814913 642507
809530 617246
473802 617088
389750 18719
361355 986817
76646 464954
665758 916964
41089 828379
961347 354417
10083 314157
626407 464803
689698 736394
382428 965038
753357 653583
362680 594322
246346 963326
730880 157907
13892 740367
47856 798742
947364 568849
499404 492316
19187 678256
17255 791813
253051 96046
876529 100910
499703 433735
100259 694278
850644 531443
104071 975541
659736 187439
663228 590023
70282 558648
411254 365297
371513 796314
832858 285976
119525 590781
860620 705171
95036 827517
6031 377383
800963 583061
555863 733165
900892 460034
395188 980723
293951 964414
798040 858703
748893 411120
524893 263696
440521 465035
211824 771954
894794 556774
374568 383271
113176 160399
882435 801845
686898 996474
361039 615499
140455 501738
961626 996081
358321 667211
684556 872239
208053 66725
255049 384805
535862 600009
226288 647492
990035 794969
443941 50813
856073 251984
310745 321840
174736 957634
525852 212155
635344 837715
893797 514238
39307 134345
692823 320629
252843 801730
890965 869666
615849 887398
1365 652459
974884 20886
19831 172177
542412 326948
416545 20948
606487 286376
26052 192940
29905 49434
557118 845894
564317 548989
822762 211189
399757 990327
282992 901996
898625 886980
813352 706710
108459 856574
296583 18980
685619 764397
265003 684135
248267 349561
147511 184028
220743 667501
799513 103565
852017 993498
902050 12214
865372 672332
994124 41969
55858 944675
119214 728824
449284 478512
458252 283322
191785 330519
523980 650130
363570 140398
472093 634576
114097 918135
456038 702856
225979 997443
184713 584017
931635 151180
44378 673765
924512 536329
623166 720918
658400 933499
364037 63978
654686 472377
243028 365927
390857 410751
175283 976480
508660 403002
618503 172828
48026 497742
913511 270116
263417 103199
664235 585911
710043 124118
753381 318850
207452 414092
174189 215682
304736 91608
983923 567409
778989 156167
59272 154533
624227 869227
163900 953677
741257 157589
184314 220112
946828 287533
299269 144630
393053 374431
684501 354215
918413 91278
377107 482136
681392 62455
975101 190035
551722 604799
746110 619272
325390 237244
905480 270656
798556 60884
28661 960697
535187 954313
789844 842395
390134 586688
294619 713041
328362 118100
860810 356191
567624 700564
715171 655721
70602 900392
497243 4125
933805 734847
390306 315128
563421 245305
572349 313802
770732 960576
980009 36172
262890 878224
750430 534529
271759 951380
61608 957036
798126 75558
953204 907784
162818 355285
361809 168702
31570 227428
972151 392988
89993 219127
877799 487738
995688 251023
198889 618505
376779 575672
542206 55871
753999 253851
639581 752976
101676 826478
593370 618232
965389 731221
764720 682944
264480 85152
73969 33739
205600 48336
340711 930051
24658 157309
735978 999396
840728 233003
149227 34468
556023 992166
172763 45969
200078 368618
86322 317998
540791 35226
229869 884125
468468 871863
722546 646471
614070 677062
615907 716319
240844 24167
393595 49108
212855 159709
642361 839427
736973 493714
109368 776377
698920 913437
960729 113969
398700 212300
53989 289433
600969 736945
436060 277244
485598 632836
771869 771134
521444 261805
306285 890422
289090 395883
470920 703823
55040 724115
539145 297717
867747 933487
703869 310209
44215 928452
636308 38765
122456 281059
483683 779640
905017 537255
790259 377695
565314 462933
980911 553136
721761 854627
130026 705427
51094 756577
601584 696696
56103 585796
958606 352775
877057 203901
933022 263579
80035 289275
204112 161426
616106 831751
428114 832803
831423 107838
750978 293263
18825 318515
239183 907765
395437 337577
457276 250714
45891 185662
72233 694063
96273 755950
908829 925208
180179 954381
152438 984437
283394 518903
863807 152880
629261 935276
819046 406952
982521 161618
442120 722393
115368 894626
651632 979872
38985 162197
901446 927973
179948 993390
751690 699215
210504 775661
861385 177523
218744 107192
479039 41571
834864 286152
281222 66200
112601 142945
570106 780286
823286 821892
311479 810519
629667 213872
127345 737412
759745 148416
661800 18790
745373 738020
69900 345163
643168 74671
852741 109581
179867 786798
813964 781391
861997 860937
548854 433033
290570 773430
192429 880999
288952 372231
607102 319969
293075 968048
430823 579586
357501 627875
905415 870114
756129 287315
746873 236529
552584 151730
425448 457500
973202 804526
596073 954089
832538 435399
853405 88389
138872 355081
915850 508051
148800 949426
94965 679673
330459 424644
708103 658387
963892 703380
338136 2536
34533 380725
467133 190535
8466 885077
551868 244423
860709 389392
702038 62624
900462 468576
716434 284423
615691 684197
279688 598061
18088 637887
773753 914110
255175 906694
641417 613430
308184 383858
112808 972208
868211 870034
19214 805232
491739 658171
566913 382106
350040 42677
944343 544733
66747 709105
779181 24489
301341 929475
949788 112167
952609 754431
881390 24310
522096 731175
403890 444605
190749 949116
554415 917557
47451 28315
674509 49381
716240 486316
863523 598196
551095 636456
654686 176722
971059 347460
602431 634732
604564 539894
917100 429598
812483 925484
383070 363785
238714 466500
198848 818841
832953 980324
654746 599417
31919 130852
674859 939123
220454 128969
143383 102330
84127 405251
545747 247228
460139 321314
478845 329769
768356 587335
232320 932744
604200 37495
352816 74980
89487 541122
247167 455300
125861 742801
980137 134372
651232 21367
951618 754186
331465 857770
46422 194250
210300 396871
428313 849953
994722 957009
123216 851223
584222 185015
235789 856925
293137 69457
635090 882090
546432 496277
153508 12045
950400 586533
264124 467666
235329 357621
742995 403843
900002 908209
818989 589509
876236 749004
375059 187572
640518 42802
719514 876078
499319 93669
705218 792195
706632 965434
210186 404839
982737 405615
989224 617446
715670 329527
935296 199989
168046 423342
571140 993567
632474 779273
630406 808444
340451 818257
91130 511422
250862 192778
522888 575206
972583 366939
811900 280970
198775 139598
180913 865958
15624 827788
700748 216004
709805 820089
900599 826797
522974 881849
902495 888985
134555 949436
302617 553327
399846 827209
467245 889707
688822 103698
479445 198209
774738 336990
449114 311589
742997 64274
453940 395684
300308 768175
239128 425972
2260 913240
320429 214761
752269 519507
427928 786433
786676 823785
471961 672158
225771 91639
631810 167252
843470 283782
871512 951152
822628 28623
72213 127548
723589 785459
953058 594478
196690 519151
37586 232702
622341 167818
114426 525081
294010 914747
646161 779940
910103 921710
28079 819060
737380 19286
199570 380968
733070 164380
638164 288507
733116 346143
909807 493346
288589 81611
254319 978117
784983 620269
620637 297545
78672 254395
938783 125018
325938 519700
868885 814133
495209 563135
749079 741722
414397 700599
73123 721966
200678 745610
496488 512743
407021 863255
37332 794477
18153 352322
798530 147908
38041 183288
694259 564951
701719 131657
192088 709441
992552 917076
372887 83426
927952 663265
859867 525507
754492 596468
198092 377349
978114 402703
113790 866319
448023 404081
125045 120357
924070 12404
758209 4189
215721 814437
674831 814121
452742 681085
49714 99292
794077 622797
390990 88931
352789 480016
995199 824911
543858 683900
138115 900715
252330 976132
497769 330456
940105 116776
497338 560840
818649 980871
257993 701896
779192 459748
818862 35469
600054 920172
947843 960625
138404 654502
342394 845813
484628 370047
491245 624717
96560 701165
365394 55274
381832 405729
949048 676666
660741 70099
84294 216027
858212 946910
516911 656669
659773 606605
609771 10668
92640 524484
560776 648865
53545 615747
11738 802091
776157 274659
365803 977258
558913 135260
829625 187169
513041 231968
719752 632403
363948 326447
5351 287795
622338 814266
531041 599316
622542 238195
905530 279068
219971 576514
480249 4730
695709 249453
439731 558567
6352 550721
639816 656103
365134 691497
16313 201743
50335 202651
184770 935965
486350 329307
471438 848400
430376 901901
390471 621182
898292 833673
866307 554737
942689 259349
820082 316816
270382 494194
427057 798608
294214 537300
925165 150583
638009 913631
787377 364537
699719 119574
299240 797680
396178 950610
529081 433119
744535 846810
782912 571362
655156 210388
949097 376781
324041 329489
757058 617026
445871 401535
88059 419525
558664 83197
718686 618731
506796 469616
200865 8867
790514 13608
862370 24303
164171 742012
297460 322184
770864 711075
825853 821406
582996 808699
213694 627554
683875 87591
407836 577376
390733 275808
729452 584799
887093 736921
735871 775648
39329 267914
594398 619992
886157 932355
101104 590245
177710 345850
379473 798137
329395 327293
947270 182804
684173 44575
707337 758954
269086 813119
979827 494785
738021 300792
486721 182967
789151 559054
980438 123650
531822 735103
922486 818496
927629 194518
593092 720565
151118 488661
247711 347497
725499 614227
338596 204777
647808 3045
761300 687525
451743 239527
388728 697613
779998 239777
58061 430383
585142 792886
129242 560195
164656 896783
482973 169434
680301 205020
453729 70477
372951 165228
619515 151818
999942 411013
81208 842316
859113 811135
889055 775729
927594 921259
318557 617938
36722 260183
628678 44585
290615 609864
447081 896975
71383 547205
231899 571597
751195 502825
916272 403417
570948 901368
752584 41673
634035 783616
328458 126832
895469 465598
37601 493917
308862 925252
812568 146176
832340 930847
516963 325736
250560 260970
31385 810401
635508 970766
748267 724415
161807 48955
768631 727976
991945 710549
570203 551260
564756 450519
546773 659653
54276 43262
946846 979223
261602 302947
524508 107394
304507 740707
168368 270479
468202 818404
504144 834140
845122 745153
825966 706018
539872 600693
96716 606135
317344 914565
225326 366349
874770 187294
318532 16000
172674 774163
797411 843351
13669 356734
722430 678686
653442 783634
893977 161118
418276 146397
259943 518916
277618 858009
79184 181754
17847 351537
923838 65890
105588 611669
45419 113037
127719 96879
169197 49739
438820 821104
630071 372205
524659 262597
798895 63536
260310 193128
998661 81192
638697 666697
37559 312383
236772 678506
765471 862082
440626 762701
298768 827799
730376 672864
782246 737925
452656 534644
550590 836097
356922 134583
23011 311135
115799 935294
117656 765463
570985 473566
294884 545012
352740 927454
206355 72102
824616 556091
11944 124311
174717 492795
322221 53322
287185 568419
619319 114039
417926 729069
724254 798202
698973 616087
418984 166206
615755 866483
70121 493038
947905 164348
809866 105717
504663 260665
102429 343052
11952 732482
21895 447571
184025 641927
600930 300294
835053 290922
837929 87773
281857 15931
729339 864846
462364 745774
602414 623692
336346 950407
463428 988437
542488 648255
412691 422439
621022 499372
202045 629840
562403 19907
469506 754270
240810 352247
261376 982376
20887 767859
337267 678744
992173 662770
755679 790872
74995 602451
108980 411342
610403 564059
763172 31658
517715 404911
342138 720085
585832 586204
437613 266822
435235 554135
793147 450134
902400 824482
469973 903675
106184 155348
719965 70281
238692 371996
622559 157890
205212 977300
817511 388866
86009 543550
935947 400846
182963 135850
263252 794587
664382 445237
96579 339616
806938 553260
974281 815219
174518 718119
605776 143204
359907 550848
313856 898287
173680 549781
715808 837011
50166 522063
374421 346534
364964 770997
957534 941713
766669 19902
702551 210641
165224 928515
683398 826608
973366 466776
401722 876273
60266 150685
728228 905939
350648 456178
966047 171217
53948 779452
452899 426674
80158 587230
281761 65399
216963 407427
821398 252133
364454 122020
247554 457398
779759 35584
103974 820337
213281 222594
841334 191375
951159 941253
560667 521637
731116 993480
254637 999151
207369 482468
257649 744538
140036 587771
980479 411567
791199 735173
654054 376027
489861 486127
975855 171912
745261 666959
342369 22084
404194 560825
141147 41901
537558 591377
486032 669730
3806 722718
268520 312539
554319 58661
941701 101208
193148 637283
462145 489394
874965 237245
976995 136852
423051 43105
486756 612501
407079 177096
221058 288352
216118 204139
756727 524486
314246 566662
53112 788773
72607 389729
936927 74414
358515 41092
782761 608191
991515 840442
772371 942297
835613 768824
224296 289219
679815 742103
308331 604611
233048 87145
596152 586830
621055 114196
842232 199473
721345 447845
702910 949497
573908 137700
926105 556040
418818 786230
60005 104701
117900 147843
425087 679034
171497 215335
380294 996603
243534 665304
459204 639376
139164 270695
941891 50668
316630 3584
350633 905987
561539 607672
185908 620771
691435 382004
97523 55099
885430 250772
996466 412566
936103 103557
909269 69889
827855 335196
551568 488056
731002 890456
657801 62931
473794 407603
43407 960478
148633 666932
999434 173285
514192 108355
2249 72417
311844 796227
882483 266620
298199 951780
517371 682276
152738 951790
97856 381481
23784 930866
456029 271250
963176 4490
409934 111201
391515 639177
951683 636729
378078 773078
385934 849044
299111 178422
369253 34077
283400 756072
340670 587254
741485 915743
438089 756598
595812 326036
267221 923732
439499 400026
180636 922316
937376 108722
816749 196879
135213 595009
155946 290639
769160 894444
692315 543840
219195 342009
528836 247070
977473 702834
804009 728380
200861 300737
318077 510845
49341 674630
808389 123319
532326 170890
106123 741084
162396 828011
958326 679392
331057 520897
682131 978930
633758 617276
213503 302881
388292 653
299564 912663
221143 55993
317026 65041
303701 601349
541634 652201
965691 644167
647727 226769
983468 685074
82375 505636
831360 450300
433233 178519
420162 445988
288424 265298
432692 276864
590196 59056
826972 816467
256453 662733
694417 967291
945688 505710
4616 662868
26127 902985
646156 250109
155814 916419
720422 308770
726282 796513
210903 193251
885455 702317
367239 423537
357549 88386
698781 223510
460666 892621
538103 100176
992706 432634
763123 121983
387827 601740
455858 59052
427484 111190
773335 750467
248632 347364
548750 709090
896321 921564
942304 364907
679162 940588
184189 228984
75106 983055
789838 780767
764825 432661
888201 230402
977837 897567
327268 119372
441962 974967
511179 760239
102765 176205
969929 82466
336070 21113
662472 452397
435501 548887
60883 442920
448205 37999
221771 626469
394233 548803
290760 420660
552213 367436
597852 985371
839992 822974
535856 335014
516084 141368
729485 26729
961414 40460
566679 345908
404572 63842
819970 509486
347744 150113
474111 813851
218796 797708
267806 378229
274858 264447
948203 92435
530352 104669
445435 52530
231533 136730
756327 684029
284973 733646
740482 881268
141665 584718
767223 577440
843164 455804
710315 882092
688473 67
698685 542527
860706 272897
661615 796849
800880 347133
176688 387352
511414 92322
770481 405222
283296 12232
858040 179526
86315 391341
406955 776699
192451 762238
993310 214111
282396 543767
361913 71402
238430 82582
310186 216354
82285 243832
537418 520955
514425 232176
73441 305594
728102 401496
957343 389433
700609 891061
280194 553056
544184 804283
638243 997868
788913 887716
909716 782656
5846 364899
60947 182319
37168 983515
248609 725158
343797 911805
366903 325514
868694 368203
262405 891972
153905 435550
193856 66945
275358 550668
217990 848926
535352 785150
829928 951347
10936 345507
724842 291476
694639 530040
107002 327268
948623 706677
992469 994998
646732 264617
974651 366085
115109 191513
220293 691649
271797 785201
430110 84981
747787 510161
413509 842855
622142 703928
247614 124016
560256 156068
977159 208179
503562 866710
759604 225149
871919 898173
720073 122128
938054 547817
828016 494305
377095 834395
245134 509975
400382 347545
844516 553023
876776 22266
944672 129231
413430 224349
406397 664988
411834 906808
433624 56978
50791 890948
397970 928469
276793 749173
664700 143846
828279 124613
227298 844476
245556 192170
47640 354772
384045 95231
734187 961288
413739 194924
100018 312259
505138 806508
919733 411327
590065 675848
37516 738857
887136 336493
488137 823945
236216 866363
804122 698573
733190 976984
126313 141208
358994 52410
729040 570736
667746 815587
408682 52756
999700 16200
574755 226557
509620 435893
447624 799184
736613 658662
679975 732507
986609 666418
423349 299276
526107 296068
954737 944903
432355 493614
822015 850202
530799 553707
660381 284213
575860 640509
680758 499103
500088 839196
481395 515087
75348 405984
727151 426560
302967 962526
334284 411644
13214 382913
475275 176421
269303 868111
288506 845866
67623 655583
547965 92247
642284 343781
322077 786755
633355 284103
735679 884000
458936 413077
15776 656240
598977 896974
311205 996965
855917 201194
594164 346777
649497 458092
814416 478682
876370 160919
745403 7094
492265 385450
327271 432131
217670 94252
656126 889241
777542 573438
592715 782799
352732 966662
724450 52653
28416 78214
963382 699593
262433 144954
319545 249435
707143 97400
75652 368509
402626 310640
758286 582471
39279 997470
950159 330423
606208 902943
449714 444402
407509 988575
623556 905927
101294 766522
381176 609893
937933 352123
544011 989302
503223 354395
434636 937629
107815 453591
241298 111309
265892 843755
172827 271578
674624 816747
868987 230541
361774 585004
836829 568316
479801 574451
998632 930723
90414 735737
275942 187073
817739 29614
951453 632455
529600 606938
207473 150636
944987 49909
591246 468990
984215 30627
211467 308293
531857 945684
64086 669165
155260 235328
702017 51680
680103 924957
269817 341217
254937 748110
359625 622132
40989 625719
727377 709649
687082 977819
69197 813011
448857 64707
117730 933856
538792 280979
167785 61604
914865 683676
102995 530389
5713 970439
581647 854452
206382 741951
441175 322510
597162 828917
147014 82150
921579 912134
163715 51179
647934 506264
356106 693553
12451 105036
655526 435509
84482 570036
14444 400048
491522 514333
844159 668698
287827 123212
601302 177052
919053 188260
566700 370198
730760 824353
746174 231647
104773 388807
340997 412622
744582 868209
318884 442186
377161 178275
617176 90843
309250 524557
857484 250575
557700 779346
838018 900611
244565 868722
648653 256654
148197 31513
807021 70296
566862 350748
787051 713677
624950 179333
176535 496603
421115 682184
770091 494598
25921 78568
71851 557786
816879 54868
913683 88418
290620 976879
603261 794111
832496 925648
115993 361214
620628 334934
459848 519316
283981 530417
183047 212760
869744 267039
728606 19378
677174 310269
553863 984965
241948 162766
442490 582313
683515 847085
848378 79181
585541 845217
170194 401481
939527 450277
352791 180636
572620 499979
34246 316530
230609 610600
676642 734853
91147 868371
889127 538326
46666 753366
781123 34782
731532 54799
20072 656514
652828 65624
393725 476390
452005 602470
974733 774875
407968 579319
928340 435730
553219 655768
961880 712982
334698 179023
52286 381614
517778 63602
717110 820810
412575 912492
583776 811877
735679 750774
115867 967510
859706 967562
279744 95058
434406 165502
485432 213303
606688 950092
98961 210867
632844 437455
235595 899647
404440 629576
757155 251751
199618 776362
688705 907272
822062 560272
594251 322511
573508 330491
865091 861743
360732 28235
753599 747421
328283 684363
581850 627252
967173 87361
350492 890377
367031 480489
396805 457421
939321 939693
456123 346379
417837 393958
614196 683358
557451 982417
718524 710934
267178 928168
409451 926964
497923 55971
650569 94986
272302 833948
21990 671506
215094 882292
971505 135785
245257 49982
780662 991869
119381 251291
948381 202864
376307 918868
767487 45054
79510 814106
497511 537958
102129 935462
767819 662788
629395 985521
444316 728459
546870 935018
470722 947512
545004 617309
185447 655127
607788 364035
809614 377542
252510 666323
919456 365782
944623 666858
450067 464675
590363 514816
880012 357692
259639 808688
224822 567474
406052 6364
750679 220116
155084 636942
28014 177801
20570 408599
127080 84747
432080 372448
443984 968790
874525 791787
233038 196968
781868 490726
836115 234562
660250 506173
848980 910493
849404 219592
184879 642089
101215 405946
505805 775922
829819 666246
184579 469366
68134 529584
748887 151056
462673 992443
109294 439377
169088 857399
191384 808219
698902 216239
212240 159102
7793 817743
545239 460361
153057 210431
569398 591582
122647 473670
711517 374632
137355 945613
194901 527125
7099 937252
901582 958186
647476 697212
168353 280991
458925 278786
672939 780946
642131 295298
275193 48157
691978 561979
186042 851848
701184 343298
521824 555562
438846 283263
784044 544212
304051 737826
285913 28433
512027 293379
124714 485491
931793 738837
901828 573578
581715 449862
464839 603385
861609 852037
720165 667613
473729 430084
803114 595066
354061 568407
135300 985086
467353 937766
85842 62671
915408 325352
851833 599468
606808 669933
986253 63321
111490 199780
796392 259784
900448 209425
948960 792491
263152 215708
446826 107258
984127 263853
26672 261625
899814 794599
406278 709389
477741 933920
289166 814719
50913 39297
768811 932031
983137 225001
298864 183122
576587 636151
930645 93693
199712 82330
574404 671070
224518 474911
81694 38967
245283 3108
804506 14733
326483 902265
310182 31594
907097 631656
402603 83327
110193 999312
176582 92131
695933 179889
461435 45417
889195 741470
767606 275754
195129 156729
488369 344921
453820 989559
520486 102580
670925 232311
561600 144494
395461 663778
814982 374383
924701 19198
424897 895308
351782 545342
615367 148493
284094 912979
245851 596026
64185 725971
892935 139755
119256 951805
408768 90470
984214 703201
795393 137686
60789 734664
650515 826135
127603 61341
548804 12249
400103 68654
719852 987320
462246 146982
359333 117175
83233 109516
477077 797150
694655 233218
681954 953067
442661 675234
116705 925891
379697 325777
713505 940542
126015 661777
246319 887793
890898 800022
567093 930889
420338 408265
641478 869721
874676 259883
489602 708041
738411 132242
966451 813748
415081 751698
566398 68362
341167 678681
282889 113524
125209 664850
581177 35920
711091 148644
655566 245579
243059 567455
895555 972774
236245 925406
256422 226646
424152 915170
799118 344926
12683 667333
77382 561126
384612 497625
113057 515015
253563 652077
727138 920388
559608 896089
425596 694603
819268 514454
108820 224085
929472 375901
13919 988400
388647 87302
246289 478675
544203 262550
377182 658492
363528 223331
397403 241733
901495 252833
29978 133073
969377 257078
279944 890847
322353 101487
872090 342647
786855 17323
544375 857935
999499 28339
394310 265628
322968 123802
753062 461715
813561 745374
380417 483107
645780 243845
70765 204774
331426 630689
98217 494471
452308 877373
352694 366465
198343 121370
788147 296837
878864 49597
250452 858903
762853 605925
8735 540977
817525 414591
334682 45215
404279 354835
303966 925836
314076 406977
51032 480459
193866 871229
651744 995026
467650 776163
272651 170094
376121 361390
179350 618042
662251 325914
571138 675975
28091 550449
836938 386467
768372 342442
7732 628485
84472 770235
229015 44535
147646 795778
226209 34117
163784 370569
650082 244751
585169 910952
677172 524880
493631 218089
538153 917487
934734 229627
651656 821336
133742 731324
729577 392231
133922 556781
56192 814988
621634 593478
956970 868161
397945 413034
425896 386121
601092 238396
779084 34646
477562 232614
967661 317248
326443 325865
621208 416043
197716 818061
782282 151368
911880 861708
565139 699904
161171 347955
695921 358532
242060 591029
428322 694406
630529 511896
814374 816129
406183 525944
198866 537494
532800 966042
299616 357934
193945 463926
937789 225795
396125 900692
451460 4791
430473 797432
219634 895347
206698 140128
819989 941980
407995 226617
123375 559532
300565 530646
34286 498553
99405 955459
758223 706904
295478 841546
395175 96477
475758 689707
770275 895198
709850 175605
301367 314984
524652 490092
646910 141905
924420 527941
468746 273994
278845 267682
923918 451338
348785 616766
284032 106078
631674 301154
89491 595622
680816 533181
275967 803353
406280 793769
374 30998
22974 190153
914788 598504
278533 936410
866223 230750
5657 850874
454488 144897
894221 219566
528273 457627
453007 114905
458634 748115
934173 121324
281472 352232
266721 406801
469601 511092
716808 724860
328180 867329
315815 86218
487718 116615
635906 720978
828624 26491
367533 761633
545645 499672
527541 941852
99445 880162
53750 800343
427631 86427
946765 887192
667108 91898
614806 864185
288999 81629
536786 205008
472740 984270
588194 197668
15746 602545
903402 865324
743953 730058
365122 337627
460660 96834
635116 82251
591647 16499
795431 716017
426512 577301
153342 328344
813289 220416
941300 85013
78913 405822
802778 178985
61106 492150
205169 190755
822696 759565
809925 94867
485558 452182
639363 870761
690855 855971
570001 866896
767564 618370
108133 712940
804348 834604
515958 386872
403764 268019
1721 528632
213389 694501
346283 352255
979020 233525
91621 59146
830492 754873
403720 665752
141679 663396
194756 166263
160250 369508
224581 506483
427956 537519
750184 297370
973941 652214
655346 182445
360036 844283
636760 198196
96190 280025
66189 57281
440535 518840
956572 59353
77401 436326
7813 858312
546788 867158
500736 828721
810041 728219
297248 468681
698521 726735
935180 803438
914204 228856
54679 904380
976635 831770
975617 23265
160891 822196
535135 624023
187816 269795
527619 498210
12294 859244
766056 697597
623644 422728
780460 541464
252033 901667
322223 968577
835174 324747
121955 983525
946398 399532
736632 572161
321719 707388
222402 18325
518135 764987
126399 618462
720553 233547
298527 468887
79587 912605
257190 736277
4648 118334
200442 625328
692765 689264
417259 440772
431202 293684
119025 902323
159192 474
869533 721720
748745 146589
730455 602052
468228 144409
689599 131555
930259 460033
220473 881515
936280 157748
931125 126197
921099 68834
599777 802114
205824 606715
530897 171304
190691 704421
433283 823058
383141 277562
865212 806215
199634 685858
571157 644948
871552 914462
55682 959321
179794 66061
555252 527372
605825 874690
567688 890356
59473 144415
146122 473367
262565 23418
16947 532220
241500 310826
181668 317142
819277 27928
421889 758853
71059 246272
780900 39905
17475 91922
217797 171181
502141 928730
111346 600377
13173 682950
460818 194657
327077 107680
765053 1149
182150 620874
185431 66030
780711 948865
349212 956157
654650 878864
524440 365165
828442 419792
534419 198699
121491 98571
554480 472200
13133 239663
429487 839241
191458 85588
893160 274196
140788 872793
809673 139976
614529 200064
659399 888377
282044 194032
612252 370058
757570 753979
866529 344644
860159 207765
296448 758388
852178 566793
454855 880123
680013 188837
262762 324321
530447 955258
965988 762528
998675 590731
384739 728571
842589 934527
166001 472932
223336 446887
178193 951325
248529 8421
971232 263722
147629 878369
448646 75768
713461 290369
850099 773154
824741 524073
125690 42373
992913 639332
82024 590219
294511 742121
719211 761586
480132 956807
963649 93959
770502 213564
943663 311751
617036 34389
729079 985633
464707 686426
889841 886868
994892 564674
228434 868871
439338 166802
581583 752298
296607 126485
102079 711339
520848 175894
85636 359474
206537 483252
173093 763185
639708 567835
248168 554896
182386 193311
245097 86690
126617 619019
668117 375089
398005 995294
892168 99201
254048 752329
633923 999959
820569 254518
572655 7904
506326 995479
634662 466482
323751 541547
454653 547597
318119 619773
704081 65563
98044 324253
29487 873407
299578 100251
288573 448849
554509 86444
251878 82849
209456 717323
484450 241668
113556 506111
267611 98228
833127 113049
739332 647907
362569 274253
392227 144902
718882 535915
839694 909937
811452 228523
514870 919310
72490 334077
779685 395671
9158 9290
738473 170902
874545 971025
425180 808081
716434 683481
598866 462654
190413 959651
2351 829957
422855 68996
780097 862048
297924 261429
575710 758708
563917 600582
543727 408402
17919 852970
481144 678685
975556 977406
703420 782614
201439 219850
14186 154526
203435 672880
345590 297329
8719 23906
761662 965123
785003 347291
169354 786211
374712 731205
468039 708403
284366 338894
439055 233094
933641 939290
456996 906435
431821 973096
977829 178493
360140 67038
78244 310073
441762 720288
128414 994973
454654 327519
923494 421185
67706 150254
746213 391596
575054 807214
829783 748181
962660 603144
417334 706388
331907 828023
633103 214332
825115 107300
296944 446218
156399 210187
621591 909354
38755 137886
226585 185302
75743 859761
735966 10589
757985 214697
775123 325487
280402 697687
865317 77253
189600 921203
87331 704079
808006 15557
146269 963240
142685 376859
47976 730189
980021 779583
771055 255251
928405 147800
681768 663389
258555 206940
524934 681808
383104 680540
189517 688715
328557 953661
817215 111553
158493 316450
717742 34459
995184 702010
324380 952408
456063 556785
505871 970340
477395 311755
528400 431065
168205 31362
567638 627588
588808 169269
539871 332133
196278 926515
940155 87619
81200 862923
951907 922891
528313 74115
735506 574786
612843 88188
15267 449225
288832 746238
919949 937351
736082 55056
192260 938887
637417 596645
603613 536505
346159 908927
183711 357319
553177 309564
792518 915914
556480 7096
278125 582453
809006 865439
234645 301068
196199 869815
748177 26010
491787 606971
879770 853051
6557 658443
147306 213679
816472 52736
793464 545309
135254 910158
769246 699352
202180 631734
886665 734356
763771 689979
662067 344926
907747 740853
494188 730684
40766 664826
300199 812232
811471 202775
113099 443307
576584 496996
113665 721392
581787 373278
358286 160250
288157 314587
210070 715766
564204 872288
734546 463138
60363 51936
522018 862123
818317 681227
435807 783850
837464 765107
886214 509439
860017 835189
906437 97604
482032 855414
39475 515350
916273 949663
105651 848198
906869 808143
867542 204346
77208 163928
111702 587803
747959 243406
687213 199317
645953 968064
168950 413836
517553 859049
176088 763136
30275 5363
987217 548849
581499 976072
793581 651209
350333 616889
569569 217441
693359 812629
491906 716936
57856 62742
992616 373349
586821 495442
67600 488057
919302 514331
299461 955200
756409 254739
751328 807824
315222 105989
742945 640143
972312 186791
878339 136355
418750 155188
214442 175621
458492 823585
553294 11074
749188 644512
152811 825589
609658 541916
25760 416941
14876 376646
574911 746032
337098 766522
986058 400878
536011 951090
461110 437683
228996 52961
574747 510080
434020 296427
384863 915283
258741 29878
7520 389757
669111 835577
924235 913763
655608 641851
365100 191162
412983 510511
317736 734428
287210 849378
616299 828195
217036 357222
732598 538610
179498 273035
419636 882745
483122 399126
941654 178392
982328 102569
876660 790266
961782 699771
373766 704439
151390 880881
181011 677131
772327 302918
906062 821783
500126 363245
423967 9163
933960 593075
81899 186143
79303 110711
838206 921786
849690 386748
278611 10075
248681 736318
479775 950099
584289 877960
103605 957445
470456 261661
791951 760191
162659 519961
241561 479433
541443 460439
376587 435291
252673 935913
606779 63364
464402 616097
593294 859924
88887 367984
164113 604037
392487 77700
146010 614075
243264 583057
142278 617236
760870 129767
164109 973604
181071 509437
860948 962826
333350 320262
823684 631395
378984 801419
933442 368632
769611 147712
212131 573272
754787 977621
628627 486487
868019 93372
451304 840549
589095 94994
382879 475360
416362 9200
875029 427603
487837 713705
541688 475806
457182 133349
664618 773871
992406 568248
260059 318387
201739 245906
463916 347937
516642 55396
346620 755091
930102 837616
499848 160850
853614 601111
618296 235868
978318 674217
58860 672947
706332 747537
558241 45683
540747 378673
1860 456284
392161 851506
994247 53385
238800 466137
347070 540956
116319 203731
685638 549076
379110 66820
802827 547360
993032 298021
194061 580595
917920 547233
961125 4146
353891 597329
825055 290303
937449 78529
568399 864063
133699 996196
406779 238510
563892 582444
381803 920506
456119 364954
79666 272976
506193 960980
57320 855732
404910 640228
217316 274581
315817 437104
412920 564178
178880 609411
918574 487812
706009 720047
294844 59308
612265 503044
813158 264038
906882 10168
862904 32182
397190 455496
151966 666642
942523 382960
697310 260683
66040 225355
244050 632907
529625 183462
757928 207075
993290 910687
897147 256370
347809 988279
112960 7980
713592 734178
26879 290869
414787 387725
819887 441373
11510 231775
314408 269932
117279 934181
140931 829240
283650 876315
778862 328146
60322 3045
740455 38440
988637 49209
946435 408517
918903 329658
815159 892067
434075 426898
951483 548550
856325 344437
272337 597299
413672 697313
172106 487467
661674 173147
686024 635318
763815 581624
340461 63305
764069 480409
220659 330957
243576 341219
671612 939876
14270 879115
125940 442516
522739 171012
251471 341329
811998 613287
563984 51537
28158 94936
143045 891960
109287 754553
74525 835018
116417 504564
762418 201775
33155 528441
155972 883747
301969 743828
855115 908299
667189 117945
469692 778491
519442 470137
482641 274902
785634 473205
816921 624901
554007 20543
678665 56149
960278 143801
331170 831000
442573 60098
722871 541627
606315 624162
291113 173322
183893 841709
986995 616598
449085 150247
473052 494573
619508 675876
5652 303354
106729 993729
806127 173327
300629 870951
312428 421647
198428 78736
290475 912989
576154 345750
153628 499796
706226 648081
405664 952606
196045 124039
680185 491060
72416 655216
453248 139934
342004 761475
549136 61912
488550 701177
988929 857645
852346 552094
331389 469211
5479 415682
4202 371621
868395 234050
489406 895862
493330 944638
554455 439807
50544 688909
691662 265416
888560 245044
768172 963388
26182 109428
151018 925125
478630 258563
43621 41757
954801 613824
767341 904352
385806 767321
601098 332840
219742 38785
697959 65243
206695 463690
379735 492271
91135 410436
809218 476698
881618 964523
424135 260071
843077 686011
980224 503261
910218 565003
162485 682050
341954 385477
742862 312499
574279 30714
203215 344235
932670 33505
341566 700491
583839 12620
193701 199296
717930 940673
844277 421124
594162 594483
263643 359369
696412 199275
913146 556420
774247 650846
349388 19248
322101 210693
376401 941512
987185 34070
877130 592774
251857 940538
992973 857617
336737 913718
320210 382030
853899 887304
707351 288011
340747 352162
484054 343630
406032 285378
816478 816045
735895 144854
187393 434859
157329 194307
860750 317899
508965 921547
42434 19909
446760 771234
984802 127475
947119 861128
159334 158688
840589 585195
935281 935637
223958 519536
296070 562812
218465 79632
463229 110932
854407 241992
588587 638367
881072 864038
290725 200474
884705 508953
516730 843848
749277 394545
782746 435244
629584 72686
774917 182641
387928 22155
892505 9690
810760 139172
240892 726796
629453 384455
983149 830241
86040 716596
875650 784009
319444 250142
815510 398355
686020 301853
954958 969105
6187 274283
699427 784943
70391 823759
57301 249514
793429 867482
225169 327623
883524 107309
705696 190410
352050 108863
838581 850717
637132 938423
890307 29469
452717 753110
450062 465134
790572 867042
115756 584895
385926 774082
699363 329129
44286 766617
183403 502918
474908 934969
640247 540765
94289 682281
948864 286969
171998 415166
445907 349438
470898 886958
161445 127662
152572 732984
51682 363195
936111 4168
914490 623024
739029 22626
849314 422077
180900 959487
247909 903704
115684 394378
36197 811029
491466 933594
767774 37555
951964 162829
682227 658142
72070 493714
172358 361178
933981 294258
928993 742609
833136 989415
615002 654900
324055 241714
488972 880385
30026 817318
860765 126362
175777 848563
927339 620188
601416 737940
815276 62481
192435 964008
912310 230509
166394 60733
432165 400435
487317 882404
1164 997765
167064 79996
462064 661497
857444 539810
173743 835550
426541 108151
974514 388126
472614 155961
615037 731219
92975 649950
298311 572489
686323 286319
9853 242117
404365 436371
298893 308101
522012 154205
362963 155468
856090 321556
110619 789569
961237 101411
890676 189208
303702 823990
438751 395059
930773 977596
581522 955239
555746 299634
25045 788649
187766 682290
533232 65139
878318 908414
6463 629785
493448 775151
604355 247869
132115 684199
647459 861375
689603 509073
731623 678071
176441 729149
127965 464473
945168 767830
55949 164833
712811 588042
989520 646261
594188 316231
523666 895713
560493 660956
931156 927204
51124 11522
345953 847309
65985 433348
665804 270744
677607 467464
986722 782552
289200 802002
310141 318413
666326 287425
761860 612651
95207 235968
185996 284116
318074 346594
852169 221220
363858 193556
331580 336605
978056 570307
643472 190093
116948 651332
457482 70328
943898 438810
126367 507191
135225 126645
971978 734373
221879 628434
342337 4726
494056 599093
602357 594730
249228 713652
952109 458923
402849 532982
120341 659588
773735 177151
349652 641297
601584 948245
980898 141107
940714 535079
927808 850205
178678 590577
621250 100297
674865 50610
25814 830360
922674 723127
678880 244673
202383 935831
24623 443258
178785 716867
589479 352378
365679 368122
10191 521888
380034 789307
59138 169147
639743 967431
532530 125258
599246 275503
186861 251856
997584 273341
729469 895379
257591 873766
56791 68342
566397 291726
354351 235749
597502 970339
67440 441687
853598 363978
719689 396179
818157 639901
807771 562870
187540 91505
141428 11569
105956 429729
353197 307188
238017 136618
343014 436647
43777 726081
318361 912301
698574 857627
316472 35308
196006 947221
168729 719079
522318 957937
820777 229182
996955 850176
988664 630072
20920 860036
115032 737663
439827 283341
505419 138431
912929 561250
146906 772492
596274 941759
953330 906055
469628 585078
214129 349444
992326 135134
242006 264280
862949 469539
543579 234649
319424 877228
691442 437135
268174 93713
302725 229817
351531 614927
171147 524987
670818 314727
901922 583450
521916 445823
979748 771372
824535 727002
147263 459832
867093 528380
43239 277237
865041 929921
880346 146943
77700 80793
320119 327732
79358 816903
386020 968165
709893 721074
567798 175374
383911 202969
797523 147869
579186 548506
788642 710625
601157 394539
641070 383564
331572 456719
282648 803456
536621 422469
11640 3116
689301 607707
452989 620729
513802 324579
360933 443639
100340 723926
507929 882853
547009 371191
17670 877928
636907 495613
757170 503309
932276 348408
240288 24166
550369 294576
949865 934039
676862 177780
515917 951262
399147 559311
321129 250414
418028 777308
996060 688989
825335 654290
884325 907210
311494 398468
885633 89225
85297 289801
58091 347223
695233 762088
541899 257491
121813 625711
783129 221484
619527 726834
727082 805062
779104 377721
78519 173529
549746 462304
237128 851787
762848 744980
225706 583249
850548 861471
237336 348521
51185 491877
532507 33413
586710 453896
627715 819151
231243 790564
227407 216585
39853 191560
479195 571269
918640 36274
123339 204906
784525 168741
802882 898629
894712 226125
101396 751978
694762 154095
795717 895689
973307 970232
429540 865153
430053 393466
311322 352173
667587 276058
358748 99482
894669 994711
208909 254817
108476 525671
224412 347850
182482 741406
263672 931294
602881 472913
116015 2182
589255 262411
857374 881324
848976 575750
109129 835944
376606 362372
37299 955938
939938 509297
820379 458915
37337 575317
937760 153324
263330 141875
926219 996934
74047 776521
985404 453357
3546 608405
385576 745166
216850 272592
87307 674226
235957 588492
463096 963935
938387 72671
315057 993787
744207 322976
540239 725275
259841 551651
399291 925064
485865 621346
579322 778303
424034 40525
619337 272948
946444 143258
942897 314878
986060 292323
433013 492609
757358 364886
145464 151460
570442 983232
410910 694250
991874 178162
170618 180135
108002 926462
716214 942636
70048 264244
712309 73119
495381 40356
901638 948228
819261 304375
615851 562038
358209 6989
322963 548623
628331 820717
967449 19847
633617 475495
118111 368601
501740 81839
987997 931051
588697 300435
382661 196592
734529 688280
349688 750333
901926 783348
131642 930791
524225 279
438019 587419
731143 751190
82089 817664
775518 823730
889736 986265
261829 117838
468286 732159
322324 80037
673493 834895
470312 536112
630769 871161
766677 497186
157371 499356
564603 293690
893699 151947
326710 706726
16899 670847
733237 484672
451862 120808
118232 418367
496779 971040
306876 982709
174131 26417
767219 198019
259402 269823
283364 574438
481464 280785
906249 660224
887653 751118
566731 416183
126468 999088
913261 460460
795645 961174
738891 99370
448678 500783
715283 215818
703024 638647
483907 287876
728335 189403
846688 536484
131867 925454
468204 184473
759638 693065
523073 420740
568644 892020
564095 727218
967599 119529
761872 277438
611279 31539
837834 16253
284575 806204
54816 114124
794071 405048
328172 146923
434973 841246
813822 113767
642165 82457
986015 62667
632907 213279
97051 748080
645632 251738
672000 554432
271195 255605
703030 40728
687140 663523
889364 282966
307268 703659
970246 999393
628283 865877
688142 479851
159282 811699
136777 102751
549415 738826
605348 779230
865553 173531
25581 353487
57300 610361
796205 772385
920325 696629
355897 978950
483647 306485
548704 451856
897080 939755
561980 657566
124750 238449
77470 50845
802807 3982
124351 601907
897369 588149
254909 4588
805980 319332
426716 171643
978412 833145
844670 208094
509679 932271
760288 939328
744181 413641
557137 459047
144082 834934
341393 313938
685567 128997
708984 809867
829884 970647
397821 93273
319742 583561
68362 272083
648454 707586
533924 170508
308544 616853
987184 154409
417446 682946
715104 891942
138109 745593
793922 114713
384571 99924
195133 294053
864251 681742
944739 585404
738511 714276
586735 624524
424257 913362
538198 256712
581742 602930
393616 323691
603838 788109
786930 706884
424932 252653
633872 788358
614022 873735
886496 434036
563799 273734
97515 570134
578221 986014
938084 370293
541996 117834
911101 922809
87102 706542
299616 827417
158992 508526
587922 669548
662152 881430
879688 829966
973977 663737
341090 660872
318928 375921
574319 968950
226360 748127
932628 741950
720353 32117
446491 135155
124603 354881
518042 18749
202599 741785
791685 634677
464901 9917
69392 725045
487300 800756
244283 748531
479750 114362
560240 640946
549316 951682
193709 307674
388330 976528
921984 650768
752461 867470
945351 720943
903212 468390
612483 896101
647392 462329
94030 493803
403666 19560
337509 376665
372416 296765
998207 281465
649871 351048
532622 889190
49193 775912
799856 818087
864137 330867
188670 639217
221230 677426
861845 399432
515254 122125
793911 284947
466132 361218
704796 846653
530486 402377
505171 47780
356874 596423
290639 145653
588121 220189
628896 925684
542028 936358
996086 245646
558164 674459
484882 97188
432707 19629
449109 263158
264544 991059
897495 932916
853177 14810
576382 852848
90988 674600
382577 133512
68851 69803
39029 460295
733955 611788
852275 47112
217007 35688
561722 801014
495983 438098
801461 929952
430435 479333
403675 143572
930133 133877
628466 903406
908378 517584
523620 526112
133527 42507
730399 271233
174312 966167
112975 866695
382137 828320
735482 909313
591968 482707
194697 920571
554768 706358
758663 407992
67989 919177
37321 356183
397832 680289
166808 858530
814172 252532
986979 130491
190630 533480
111784 674586
24037 940797
920642 34055
558093 133464
85226 949339
669332 440953
72994 707319
772501 866265
63694 206524
773935 374931
123778 113320
416714 759962
754522 129622
90007 825962
631531 470255
843992 813922
10753 924972
819115 731988
44880 12366
289472 813616
842852 152884
913684 297779
352627 446798
327437 806517
175819 360707
761507 709665
255009 9695
930188 167220
720975 729965
487136 85543
619809 232202
365090 846620
29421 206377
778222 941636
860492 377792
59102 395774
873242 616103
320639 255693
654831 78678
241008 448880
300918 582927
878197 115860
198979 386901
376742 518456
18892 363778
519220 920065
354958 876042
454936 388266
235099 572580
701305 598218
699509 142310
33264 736449
838192 169218
23453 995346
893197 146948
141488 965359
988352 33390
237832 967086
761195 923688
845577 272621
225080 255751
224323 3927
723672 67310
800840 483786
244501 43031
992558 335145
36610 677619
732344 900468
81366 152464
948041 943121
383835 553232
1097 3205
300190 287187
661435 496983
73279 117294
944926 39058
631023 583514
468579 375370
231336 651201
690491 59060
965494 598964
371716 664499
44410 164834
254091 82054
271299 238798
966505 918303
607960 230524
183127 394743
858065 36002
980257 468117
435044 588285
816892 813818
480224 226465
543065 214822
678117 305276
891719 795982
236876 93018
183058 616704
530690 497306
31122 721774
828709 796355
860992 802758
888019 674687
559525 962177
981955 132698
698875 177819
303419 342880
711790 164862
639225 557449
789942 784003
450295 334977
667648 661826
775168 508270
491903 465880
550030 878009
270167 760043
452764 120246
438742 808603
98867 400083
793806 695270
74882 428510
559121 84724
852884 174490
335491 133204
673967 654978
604601 779848
698310 425295
740273 183282
843690 981921
942188 875172
576794 80613
48458 375000
968536 687349
163913 993867
223145 930684
493239 823395
38990 330705
764854 178147
111126 236121
564350 994536
720494 262101
226015 768686
698698 77458
402122 849614
499722 839122
306296 997659
499015 854906
40807 923494
85917 648893
674794 99602
209884 330933
229910 796700
830177 224970
472091 827342
703706 36007
203016 669924
780197 17881
681352 82085
669175 21466
845076 864446
569438 81531
480636 505485
455163 122318
487527 155783
325929 212365
692319 836465
45770 191881
665435 877044
637969 940656
110580 658999
16617 32935
341733 586117
451700 499288
954257 894652
171820 621978
900065 494251
61388 832026
904680 71202
577136 314818
9602 753240
301572 336853
853438 637266
857519 178679
715077 235622
465034 575683
25827 270620
33405 960361
475622 689068
64816 98075
709276 89520
371740 231283
307930 817480
47024 680963
549373 274066
783384 98883
289391 289892
941733 53411
205448 689130
811820 425909
682231 90934
791594 25533
48125 744045
457166 962809
369875 192646
661959 349733
542413 792482
483169 749727
693570 785927
877142 563195
938824 820400
460958 677148
384500 805857
330819 787935
7312 331940
823729 495689
356387 117329
379476 584623
211227 879221
828987 460081
725372 713554
247513 611953
870791 385529
65996 101929
10180 577132
459486 933654
78399 703388
399064 746497
984333 763159
110348 549921
605688 147757
60787 276912
477730 874776
401671 945036
766829 207540
399075 327723
802645 278227
108130 956609
274749 696249
950831 890176
507551 678253
417742 230977
219752 325513
35995 56156
305143 661706
544374 63086
917442 450755
547971 921339
342502 950353
834076 649211
361925 395999
736829 662689
389516 298167
533260 278357
874232 717009
405886 893856
883031 168305
797227 857451
726627 425665
364624 646041
676193 628102
661910 403024
222165 911281
676366 788908
925305 445686
427919 147441
107335 769564
189998 146148
882842 607374
443345 59902
584154 293343
2997 512906
544077 907189
906100 562641
277128 695097
616760 409928
496810 96873
921931 984631
510016 52458
8533 740610
384520 553805
345395 63658
40371 429458
489464 744494
692382 743648
414789 578576
208361 156458
254124 460543
431113 785721
782096 50320
412189 898050
340662 512628
824976 104849
747398 31419
836983 181082
832638 839005
464972 35704
660423 957756
290253 53903
539350 879317
2651 168383
266677 864073
39446 529342
529238 727849
991967 645292
507742 71560
773366 374982
841191 622722
402911 967113
303431 568377
347544 360573
684110 278723
72438 198327
191630 57823
134103 435514
297416 912177
881965 155143
461595 904691
88013 261698
251000 802523
321236 553990
405723 416527
854728 622609
807327 201889
377545 233875
520637 317428
981877 291239
338399 542605
322395 630158
979390 716613
810897 890286
232985 818106
949054 604900
392756 822914
802918 496320
869685 843674
694075 878004
771193 767635
944143 538527
415771 182420
834726 381597
155186 362885
262208 329122
541300 62328
271189 22135
421952 197239
554217 576696
23335 58849
204495 30198
141900 906358
624997 996027
911357 240634
556305 172779
670482 921287
858572 397875
899480 981901
48985 950417
113354 28967
429289 789640
108950 672491
231377 621270
124937 452277
109733 419723
483520 88141
325076 874473
759956 380326
662040 328324
192649 899423
145693 377978
25759 492409
378004 589394
136467 791826
271066 365135
11566 89289
761809 723953
536579 880270
440153 820183
688703 200176
606673 420418
297865 626522
556749 222279
596314 665331
28753 394961
577311 936011
26753 755356
960069 950757
517674 46688
800409 602163
308703 898895
876234 805922
66265 826852
93637 868912
577803 601497
193908 438527
82649 766048
141089 790702
991119 468750
588732 23199
808965 295320
805695 575337
530222 108349
130358 888505
155383 533660
838986 332260
528029 31966
940969 27066
812998 613673
983756 326999
307404 667295
772248 546131
924292 524019
753959 824162
590096 15542
752728 443406
918319 189951
232384 479478
862072 424986
540309 160551
726232 487668
132119 405815
561206 693817
682264 192777
859610 802958
535018 105952
316035 853196
473667 403585
258054 581768
897395 597796
942427 640713
765642 550991
796610 845434
420729 449978
153726 313360
858753 473419
250047 431378
507412 734214
448292 527567
794421 835118
960622 671362
96537 798595
640180 598719
774788 541885
267328 269074
857140 839760
999126 891727
724460 693209
761152 622322
827875 686207
988799 171003
569462 742390
736282 795233
504389 81010
633249 838949
259482 778746
747333 854884
269275 574500
339515 624026
90442 809767
587548 903745
482790 932513
509129 296890
552359 511420
750216 363523
589955 875610
720195 933199
113698 222685
786111 571492
959875 461473
43310 181261
879022 850364
110558 626034
896921 922672
797446 80023
98018 839543
481377 470012
740839 908811
666826 528464
397274 473328
885029 157252
551711 641810
411392 324623
196058 518613
451049 552078
220900 160865
152138 719947
876307 560510
845353 165328
203629 480192
958509 768121
134111 699904
699122 520062
408123 270522
228978 276990
778924 955659
927841 773677
46537 874006
5202 74241
790965 803648
667357 153319
465882 340346
148041 256122
319151 407547
910334 563052
548676 729590
64197 178444
797896 623695
753885 287318
933109 55004
394129 884325
159746 471777
101422 39038
890229 416145
428260 941015
456261 547983
912285 180154
703777 968452
594469 935907
945961 239769
793325 79909
953922 16633
294607 169778
9609 68918
224420 402206
198296 341385
833978 396333
794213 86434
104568 94943
253264 247560
548827 301988
282536 788534
916111 666408
79509 962323
683643 86
427574 309726
955915 624666
812143 615695
403405 664918
158536 657014
926042 573806
564741 378722
334995 356059
506800 386967
919495 315034
890719 863655
437102 761590
801941 33102
695523 440172
162525 357889
107797 286498
6813 187579
896265 288736
596256 140529
61506 491472
292402 672793
651316 226040
993371 505145
578322 4776
146854 487031
900214 625190
748079 692761
690158 10952
782793 790052
104508 981584
927758 797273
496336 197761
265822 493560
991525 819421
750799 651113
139236 68922
107110 689594
925829 986614
478454 866825
661154 885558
639156 243360
67951 48122
175243 305217
319803 483178
977075 817357
568999 823473
692758 804491
629014 498617
201028 623714
219897 942441
701548 7027
178875 818083
670045 944088
62098 990018
141724 437014
153481 203757
308568 627863
267888 220863
135521 751137
284541 152455
157159 532444
674986 735184
632455 473389
508582 930512
710319 678803
481470 655273
947606 584912
817407 751880
897500 917211
701905 178692
685977 182925
389021 330809
345083 197846
953126 404550
906351 681120
672752 472132
922135 802445
541773 703683
140419 35412
288250 722124
505407 711464
356549 757782
217382 382819
844668 399415
951163 147211
220001 216177
247140 642675
644993 249273
814285 201738
716388 685129
279520 321799
970758 162002
210253 251449
993904 536269
760645 816770
268005 217375
467539 921741
837142 496649
753177 561860
302858 530101
592588 837408
720513 471130
348060 856021
307025 144399
222676 14325
149729 157782
166428 491661
767447 620392
316659 332024
35707 460411
96404 344967
164657 489637
224316 752425
729561 45074
955037 989344
287667 159532
524942 339885
906201 360206
609828 15907
553722 515032
248164 635699
217139 128130
719943 735354
142670 440727
286694 7800
640999 335429
231115 732431
790873 66478
223351 128193
665779 852244
705255 868916
755466 15038
475710 498854
535030 688856
766504 442186
455508 199248
301233 293075
87158 346996
543349 275836
345620 979792
963145 882460
851786 255238
436291 867048
333440 131632
569990 150908
284693 426235
167633 903635
554096 446494
504492 179530
793534 594408
799910 516033
692536 813232
763740 68164
743353 581590
540429 132059
678736 312654
936145 996983
491123 61253
859108 564495
808853 441396
351431 81216
940373 591500
503395 747485
779579 422487
435403 115756
259673 549971
433972 890098
751401 405758
304556 222162
425842 538242
540988 952332
58113 833662
10051 323184
902934 706887
619259 113516
455012 928062
661920 532399
801042 562432
34242 214512
287301 332166
340228 800023
730170 237512
620464 622780
865662 243479
77423 252213
636351 742782
256784 637301
466314 227699
972628 430290
855706 501372
402256 646726
486305 95468
548793 929300
112186 523921
294354 376800
171964 85877
216785 329048
124503 814071
15793 142131
536737 886839
312184 778978
42740 355920
482961 545308
606091 221011
239732 991060
966414 491444
814895 123596
366223 971596
452882 798610
235572 949997
551684 843807
49298 161423
52654 174632
54215 86905
862601 537296
385975 28778
402653 4598
144152 95714
874770 918787
134568 597126
395918 826075
775705 640653
320231 880508
974329 653336
739258 469815
573493 869260
844076 295648
9418 508563
646702 183499
677604 517483
897592 456612
989216 929644
154495 215092
213608 227476
939975 351972
914618 351224
79332 402234
77646 772268
792161 93051
822570 808998
335834 636
659991 734787
409595 454056
183810 604295
279481 881468
902199 952716
296025 340371
546952 558977
867621 427032
328394 359753
512081 72089
310591 734059
872450 650903
871633 813681
171734 581141
756157 229802
516434 300114
85784 944246
147478 996110
697831 648660
448978 232413
343283 871836
808064 491648
783154 564434
456008 707876
134213 779637
177417 635534
652378 433268
745413 916295
966000 719658
636413 925369
842835 703679
28688 589540
605428 490579
633866 374345
912248 619958
208334 589740
291713 131409
738567 300162
336370 139032
264283 285237
338928 796601
774994 705957
976029 675465
55910 195330
844417 612061
818294 786544
700692 972575
123174 887663
773186 532119
748534 206585
625071 771543
273413 65339
642942 19902
531237 980700
681114 530245
50425 687392
369937 382330
353092 829512
566384 451593
528270 677737
957018 599307
481 479566
154599 545346
919530 13255
268937 274703
924978 657599
820598 329626
14531 368108
217647 89136
195714 670858
555391 85856
735977 678785
550713 888375
324383 85368
318394 292600
341952 947628
549298 823370
67873 212870
677359 501733
265190 68970
871953 820686
774018 444349
992705 626235
558966 167176
812262 207644
709253 852693
214432 164718
184813 396073
175164 85964
326337 287895
377005 746224
579783 332503
668625 605331
12573 197215
248454 999171
332402 344807
374545 610855
127045 909170
879420 917867
411949 264439
545453 595104
914076 368462
181244 386199
802599 625324
936277 387897
865907 85658
373771 878959
823624 348090
382841 618723
509672 610176
412438 231670
32133 750622
705593 757016
24324 982078
726905 58769
442912 679230
958656 524313
985002 867214
820501 476446
801807 810882
176483 154804
471754 729093
370984 537520
729472 918448
858690 714897
374214 706131
229130 393040
196851 953308
60854 577676
90793 776474
229364 453812
604979 680806
473588 340217
72426 857562
386016 984797
45854 513438
517976 865258
543714 509494
26344 465770
54534 459572
608984 994373
630670 851932
285317 131715
223547 545579
464839 396156
701469 381223
536289 361609
516125 252362
858752 741127
591247 204505
308195 553553
889661 564325
724646 356787
965354 134971
911514 846819
198199 405629
167133 803682
695378 853774
800425 246217
249067 666345
536889 413123
982144 324435
153303 428874
487506 273264
425446 981100
857338 813914
280873 99435
622018 955712
730934 240442
472301 420313
15857 434202
372839 156396
942609 334884
395065 344220
247427 560585
716440 699394
533247 70456
475038 580015
263047 690980
558298 727456
184659 336675
963761 507059
476657 493923
955265 912365
154309 988722
970466 306853
99322 692969
750968 321699
613106 239092
763888 415355
905441 31108
226309 109113
386437 86635
531599 719591
724940 449297
240649 496617
149031 460468
331658 905390
368950 91826
773288 59204
93916 239656
256476 905480
315906 782860
17395 793635
107236 778043
106712 954020
706537 241655
950592 204588
486311 270392
554315 499217
3994 493092
397351 192637
126691 40567
108120 847020
565954 103331
457250 222352
305427 642691
250497 957529
76303 461007
184896 27064
675185 800452
106689 566356
539857 920924
678866 414397
477304 797639
887795 403656
562765 464326
343615 815072
665761 100662
58741 589600
277047 948599
745127 979272
700415 201721
85561 276872
687383 631400
846095 640291
263267 692649
406319 963266
674478 508441
306545 913419
71098 215902
136780 389171
205803 812017
881442 826654
765790 138641
916993 685031
366921 98681
818966 641610
401558 595508
62047 5578
835518 597775
6036 222685
222655 776062
61368 835546
802734 457407
749222 770342
606732 755624
322857 381307
19005 424291
586346 369750
30295 280709
276927 953639
850219 281922
790640 711148
914093 422436
116373 860608
218172 672138
533135 284797
93783 45531
726370 725944
371229 90626
487683 73126
844928 547459
218855 966854
250390 228518
495009 966252
697408 577079
376670 713002
318872 683179
20911 225685
885799 507393
791100 873854
363545 334465
408739 182201
614908 649589
923476 293641
81810 422201
550467 235018
869980 522513
416995 706141
108016 512271
753921 637738
926180 968192
334263 295220
579192 390898
524769 148815
83742 41589
292235 226606
318358 308689
809815 673632
937668 562317
724718 537356
773281 97389
325122 649308
230006 760187
159046 210143
650217 387888
503735 634992
96674 456036
23312 766840
105633 664401
204347 447654
103002 92844
363821 486229
419301 971984
244369 545526
647232 793607
56930 765923
555182 206736
91540 759081
592767 990998
439276 25459
964682 119842
808917 31498
174177 976487
891483 850349
82785 396164
113858 677381
397690 987072
660608 521911
303141 517638
611986 259395
537339 456647
768609 19953
10357 308459
388108 976708
671462 960866
9691 656081
15394 158098
343413 211321
155062 906260
872683 772076
375161 279112
392103 748210
755596 721410
846040 645117
245534 501691
360881 159505
802611 8284
131425 373339
368689 512076
158997 255643
439906 430484
501399 839015
23675 255442
833446 855463
414972 21060
937529 68395
238785 6028
129269 805769
49148 51992
158594 616777
130059 370307
715175 237202
685373 519916
720564 288777
928660 957467
71720 232384
488872 753072
934682 205099
815569 7602
866313 437485
976179 460003
597829 252101
758654 228992
519298 937299
987506 502257
535470 132074
123656 459413
315262 283257
97496 123732
48951 555263
438632 275239
733829 613822
139337 369957
976953 802100
369470 731549
133590 512079
997087 102624
917517 574894
815354 784035
146937 180673
411911 228803
135621 915357
157320 951675
621405 884226
214742 653253
274123 814149
179945 300398
856111 774496
727878 241032
56947 337775
157556 18875
153316 814655
714075 61273
557269 407286
886159 969181
107539 910909
615720 330020
382895 683734
700423 585216
950653 875952
952381 33692
460472 938901
149274 367613
960957 127087
875677 215073
334996 500951
909281 194483
569927 745052
516829 596287
643817 361728
862942 785443
920655 281882
617706 820157
286592 330992
495247 525857
843321 148487
84047 846897
171593 932915
409062 27390
279117 565442
479695 266673
66169 11230
658640 602696
984901 584683
851454 301546
979347 508872
619622 341204
701004 48617
915780 542319
943455 180689
666970 189212
83742 630670
316044 665174
670449 96514
961924 360183
125398 680333
173376 321673
618730 261814
259206 136297
676267 941454
465645 417866
860676 862021
418097 349909
734625 216547
176665 970765
17540 105087
749438 812214
815147 657763
263953 676302
298124 811452
727782 204762
588156 685646
142225 518552
208499 278496
539956 679311
714904 658048
796549 189219
383701 723365
520812 442021
206683 369027
243088 97615
51488 695334
835859 723346
469202 912627
170222 645719
470598 273613
418293 18382
742147 538481
967388 499651
878128 876316
615180 122680
874305 304003
644759 522580
480070 517740
668335 388103
609333 398191
748239 910801
271607 986767
264751 174592
113055 701046
10400 147317
145707 732372
723188 769179
520559 640930
279052 547402
117824 466373
39169 946796
764371 920869
318061 656562
87172 180179
557868 607290
772283 200716
350445 208480
787401 932190
938365 49696
868624 680746
879170 422874
642658 502729
306016 959560
762703 604178
361529 760667
518414 158585
27199 878783
792140 792544
540836 266347
83928 682016
522574 752040
974567 862428
139827 924734
605481 187354
642502 459613
128750 640761
183866 925772
821884 933167
294019 742147
567511 828263
846248 424774
182092 986601
348594 969507
231429 900805
902196 296202
532525 347629
870418 195383
489258 860742
253836 655391
308981 128617
491485 857496
893715 408066
614853 995610
165464 816242
16198 484544
202828 928284
877194 719981
816395 914389
850409 480566
574543 762297
62294 814800
806671 577592
803432 167177
981562 839219
990455 108880
291631 326074
911915 435495
884480 144026
966331 573455
958115 903652
532703 722045
479076 390094
652606 650490
997229 369589
56891 660735
347148 667768
128378 588123
41749 716642
582546 124532
100375 162629
203477 204141
991584 516726
567225 316990
135386 543884
362450 731680
301078 947394
161780 245822
641223 860370
658984 771297
244039 714734
364584 246274
422225 801772
841022 509228
672041 409770
747419 2840
365018 319669
228214 734223
487561 272756
128774 571969
989733 413786
870706 127189
669284 244221
168757 66279
142785 419600
101171 215547
254190 718427
525238 968089
477240 170896
73943 676323
101449 732610
654045 240261
533908 50584
247970 926278
656760 348968
315039 210061
689180 869784
773515 481887
141611 709353
967125 883296
379799 533198
833143 745582
498355 786552
322952 78809
373360 32651
766702 273311
951700 885312
995119 528188
935846 934685
265507 848272
209730 378124
277099 277510
38573 154740
812881 229517
176821 402937
391053 514869
524533 950969
914376 441054
674861 857265
853047 881044
338405 82484
307187 654283
581357 84728
962666 913369
321724 137540
327928 415552
636602 817277
29504 206080
929269 967965
812419 983848
326922 245436
708609 262298
98049 677182
375747 918389
500427 510484
224774 468818
225416 977957
167066 833018
6398 619770
514510 510569
279941 252801
462412 970884
416805 19508
353732 822536
190568 542218
962020 930939
631861 590855
458565 898062
555698 381643
416950 423755
604921 173507
837773 252578
240580 660241
370504 186259
901292 57086
822212 266661
438807 616089
195797 552531
874944 636031
233182 147551
728129 670858
563773 137731
590241 420456
543038 600041
485161 740131
750136 341400
777963 997825
783388 938973
148858 286546
740438 825895
546745 893355
417547 7107
676623 600888
759292 446804
464197 248961
151406 279338
756348 259085
797617 878353
135633 279054
638263 838470
177772 890151
120832 277346
246339 1949
480642 338599
273535 833310
846244 732378
814069 908239
203661 284821
135875 179840
850572 745891
477186 645038
91635 435512
107995 111295
281025 652268
33572 184037
257318 420122
212903 661513
752932 24857
593311 871887
237887 251497
189432 774691
511316 193946
951771 813191
70610 882719
644682 54013
356831 457602
160913 944169
504505 809580
587883 867503
539007 853861
545351 143242
179227 585187
779235 629750
932080 572959
983907 82853
121909 943733
97217 22300
722859 93543
963128 474152
691432 993350
862219 761431
683883 301498
656628 499477
790451 880257
272291 883402
630847 660567
545233 915792
545322 107013
300346 958583
329079 174280
682842 252116
330081 770280
538775 926685
373418 914121
747181 452476
161200 22516
767725 149338
991867 654033
970610 967767
486594 884534
668242 586135
286376 294367
483299 795249
539721 253842
973048 943488
82505 538842
104312 803726
368536 376611
142176 455998
676195 933492
312953 174050
826648 35101
777181 186299
88707 905512
543586 197141
579708 435396
927462 721648
746885 136852
43222 975619
763374 53824
283882 73051
885488 701204
138843 744074
952964 680413
931763 857081
994618 68489
398764 355306
340092 71088
422076 281987
427126 68893
972753 670321
776018 143573
325357 587010
953480 359067
780918 573345
68553 224205
867597 354997
216337 225184
942850 49413
749009 709947
28319 734271
112349 768992
725193 926110
92003 699801
236207 329845
785188 441948
474207 668706
713131 271421
172782 417152
108403 304055
731179 179047
863186 144867
568156 695960
184511 118290
786033 477290
491258 165096
701196 294944
506348 259970
691299 22823
357996 226223
296740 388639
455572 841357
791166 439800
333220 463136
299036 236713
147501 352573
765513 27048
673018 41582
732315 312752
763953 880193
578049 558068
174666 247767
143508 47303
453608 702012
295891 613581
507906 600106
853140 251333
264926 721042
467797 364758
543298 268506
887478 964215
412872 551408
626815 569762
332358 470716
986777 72513
770522 778628
793454 124635
701000 894522
764810 870926
194806 633271
507103 198351
18024 203127
380999 326084
573067 756048
135065 371077
555681 494257
22167 571559
72563 649916
622621 681636
858991 781403
948769 156142
538839 746994
573865 635092
945726 887430
250763 361010
358038 860532
108317 922901
323383 100219
898241 780397
823695 401584
833221 208848
238623 970392
495152 352138
902346 698639
590935 641644
947807 830274
840231 789422
115394 121268
679496 912773
347830 60563
258367 898687
306962 855382
66478 255344
706560 252344
817636 312100
159645 266847
248016 804596
749424 919264
534842 986985
604471 683864
386680 619945
472280 158794
935328 678816
801616 916623
353985 572007
768082 660151
915089 284594
413682 172950
112758 548212
892252 929302
108967 190124
910682 368553
831035 668245
846881 420202
50088 825320
778433 261183
848478 673508
197465 34133
375404 684591
998234 866628
853705 445572
668657 860827
268505 848530
271445 882151
578116 209794
466382 858412
100021 901957
520429 65831
135476 801953
383435 286141
661674 351738
905828 552141
81610 208174
941096 818460
643915 844169
388477 567257
695291 129702
80096 335206
692134 408619
915021 99482
144223 699710
139538 347505
634485 662938
659224 921854
203183 34870
55790 869258
323254 280813
635004 681894
158493 933323
14017 340707
73742 142605
431080 591446
125587 161344
2260 673630
145792 576833
130366 31830
450749 738412
258797 563148
43804 202076
578005 269457
697868 643871
189983 398103
827904 218142
664449 501538
813684 716260
50535 853588
179303 909649
209132 372033
288571 243839
331281 226395
633000 200353
407080 731206
82553 719576
639115 331382
25992 512482
833791 911902
294194 945467
566754 320943
734858 74011
508493 700516
467325 27886
804673 105235
638608 841437
82928 462695
671837 539217
741348 31112
720019 944468
158703 820616
202533 861497
390705 785694
612962 37031
231563 24072
69067 414351
272266 96925
702473 754507
493074 529492
482303 256888
857779 76520
489949 644530
535418 983802
765483 809539
625619 230237
51617 775623
935160 165050
758270 583299
129844 478511
922414 697730
235894 686685
508864 107846
743996 734742
61777 714560
573844 348863
869524 894485
544211 529157
812694 122698
734730 620849
3903 322022
132323 200962
320467 569092
642137 804435
937322 772803
325751 796260
738673 163053
103387 889633
113801 678582
476619 265929
356087 347003
670284 65167
122906 157464
917087 248357
639476 474963
713791 722627
515822 155640
865307 15470
746256 436285
858813 580585
217646 586828
671446 949466
346370 560583
714060 848009
47690 183219
622 856087
779881 164567
263380 883930
243704 630407
138513 578214
218776 691232
497064 954338
800180 359930
22988 464130
319081 157117
58922 593899
167477 950343
876033 914678
847802 190351
453176 255355
499440 772548
495703 408759
432993 919517
10699 449528
616224 32484
385803 194603
443739 173468
367035 341137
996745 346508
527298 141731
241418 599594
688836 895206
845981 736721
150404 454578
797692 342789
520926 942180
557222 860987
135416 732097
646337 302489
614657 981020
541035 113957
583276 436309
24322 264821
197071 864565
892795 693627
492104 845753
158053 471177
9850 275759
567880 330805
504207 349104
215242 53117
786423 528021
980498 683737
686984 266051
704636 811210
261570 453253
465420 392490
436637 580716
736019 713405
932814 269001
484447 77065
971988 227255
692247 881466
12550 301145
289854 559065
991416 119779
495706 50371
204336 664014
940129 89170
524169 981791
898681 17001
591577 890266
391993 881274
796881 831945
790483 371988
648492 216285
285742 795056
440423 395600
721983 227102
277938 119804
214150 585602
149309 801120
416328 80020
761105 59073
387713 742575
278337 343941
140923 61518
322144 243784
189647 665419
391716 43090
453988 860214
61652 493521
661893 307923
827390 752620
225121 819740
779704 347414
549582 100916
53460 90628
170968 345027
127953 23960
46366 173082
227090 632186
707180 194928
117905 274798
305285 271313
756784 338306
922339 756459
550288 87647
597387 515574
620749 137808
155223 71174
984965 65118
243616 415484
188242 178669
483029 526029
473587 40050
241555 829509
917704 6308
447709 197236
99199 374886
292730 549608
638350 137888
565904 274446
687055 862433
720082 329014
483288 228178
894125 860421
16650 640916
995558 979431
570904 738309
334698 725195
23713 878951
484692 343371
694530 87813
92217 591592
383962 893993
567768 204000
924571 301306
127367 985470
44406 503421
160556 274496
239501 493723
654328 229020
519353 271044
121976 561882
813967 835864
128180 501637
746916 974945
330552 230321
274998 287198
902089 269474
274142 58419
838136 109730
707359 587529
963407 653417
279574 80257
556026 975646
443441 333742
3991 2977
324520 204654
249892 366236
769542 135257
768282 33791
473057 507248
600813 178400
567614 378823
37146 635452
278938 161298
593987 2857
73936 778434
440216 189760
478438 207342
965756 965361
655455 814957
226614 673638
662739 283421
83508 935179
397707 861150
245799 472374
341504 623840
718442 229889
935913 697637
112438 388780
431524 990761
983089 427706
302996 160486
243740 995412
912801 928868
813752 468472
43593 50979
50601 184612
888805 295865
776174 105614
57775 739208
665697 659765
110906 437146
519141 819633
584508 271039
480965 24789
376459 311163
883334 959530
597514 867177
838054 330974
481654 988360
78427 391655
399540 949536
675365 256519
673988 21303
385566 473946
532908 332795
927028 514081
96049 617755
970819 239552
836060 937610
167950 571682
707641 12624
413375 693075
182539 227639
870400 195902
554733 734374
44270 631317
820779 381533
260062 441691
989053 207247
588964 742256
334846 25378
433972 863558
995534 774956
940199 449274
820967 342435
944862 786709
815331 902104
49043 144328
39848 288168
42985 966964
145635 47972
236455 519996
104532 290482
727173 751653
67594 130383
242024 829169
878616 874354
454477 862479
110691 17256
561328 549926
734099 56904
159955 477906
533406 742640
856622 327019
708886 961541
243207 957307
871689 837504
708445 26929
972658 39416
312838 36022
978885 138216
506913 255810
835946 982047
665134 920247
304914 335176
251120 387467
655906 601812
3387 964080
622576 740080
909233 706873
391325 539586
669890 10844
3175 634400
399710 758788
511195 447556
637610 513996
673827 402082
522378 943544
735949 446148
719320 103918
303913 915348
334683 852551
672683 75630
938954 600529
928052 782006
198898 147164
662359 670013
88937 542076
954535 799131
892744 343646
288974 732158
584781 641052
254089 581394
735346 567071
116590 443322
961828 538353
984242 323087
452053 370922
28072 697220
613551 219924
90085 180461
911827 737911
291417 737531
112335 436089
216257 300736
26909 22592
271094 228091
848315 991580
191382 54210
985976 515937
476351 259335
286738 980881
696412 540824
89516 609143
51204 228440
733148 149921
254903 576833
79561 540668
929816 39476
41889 366262
107900 103820
261143 267261
667135 603622
749255 66132
267108 55142
60055 812731
548189 936105
820632 37212
596829 950390
99168 804928
381827 317932
762249 326500
230259 541379
330475 5784
588157 398401
679363 644540
489377 541416
486518 873475
77185 313398
637144 476190
195132 3933
199748 921137
452127 695866
30193 18829
758302 532332
338608 810923
153675 253784
363321 320272
681589 171996
334538 424590
754529 812028
512063 591277
10009 109913
689195 36116
875913 109176
448706 537257
872542 363509
844855 34038
325790 942228
335656 642494
611261 246787
948094 259988
622306 677643
941325 16629
888969 34729
464699 554710
824332 986895
259678 903442
131430 181262
136478 638011
772890 962696
220261 199185
551976 834043
960184 962284
707470 57683
469916 546283
662017 33809
592341 4373
463144 234123
238003 547675
831212 703444
505929 240133
788515 454054
531798 988570
310076 485015
782074 709995
730899 777817
36364 703280
408843 681721
663565 950160
640500 925619
419453 623601
182102 40688
494723 100255
580920 105065
577940 598987
363924 274048
576867 962247
896677 847011
339668 426022
387143 437372
167953 864655
643289 220676
39058 541438
857467 696697
940443 940132
664594 744568
122117 132172
491902 888157
64199 877970
834259 398635
440537 972177
634846 213247
423847 787521
140633 817092
729337 844199
369134 418791
999264 188463
424268 312211
739407 882947
913454 969732
208988 438055
967276 836772
535334 551728
893379 990086
712600 127951
612245 5739
860596 785868
767928 581407
138612 454984
817712 398001
966991 870556
364005 643261
547869 877874
531755 931425
200483 987808
313421 562122
990376 99127
167908 315552
190561 724402
254242 682485
312359 75146
259733 928655
405309 190880
996178 46734
971592 673980
303100 728770
657687 574149
714446 582321
553245 308204
577032 348857
208442 866347
835840 380610
337192 299144
813932 366519
940613 786823
486396 684653
381488 492871
422623 455065
25629 56887
218014 91687
993785 129038
261685 420672
342768 838443
493293 351504
882905 218686
710611 228769
163067 33061
710468 782671
934270 500656
133535 169467
172269 194921
730910 580504
551328 876506
101556 79570
686277 876665
999535 229696
788816 964827
260114 89445
908058 392829
558502 849705
994468 141554
233863 847416
339067 891249
60955 730288
350252 572726
395355 855160
187091 325902
824444 622448
164552 358452
303284 879490
773367 343879
364760 321051
609328 204223
725342 81102
520702 361917
543746 576238
763831 101101
786777 595190
556646 994469
493049 522696
768506 926047
227098 538709
543841 297236
294791 439724
816557 359034
967941 420284
170170 762269
811728 453724
367192 285794
406847 314989
624657 671492
432910 864050
307238 316113
609271 275531
862379 55466
67837 230162
273232 94653
