7000
789556 976368
212298 387719
336837 263538
790969 518004
762594 538595
903373 268802
409761 454650
788305 838843
743557 874257
604833 220850
450175 536198
766932 106357
693374 460980
959485 831698
571457 148143
976415 967009
844692 472164
327416 596825
931353 380088
859725 415606
584719 505739
985341 101794
286803 832370
685043 765056
639239 248616
976408 125077
426038 219531
484607 828819
922851 680402
718972 604178
93790 807138
938946 931107
913541 149130
559270 779497
486301 744493
764991 394656
298266 239552
832346 928447
564113 67438
803901 473411
12299 956443
877546 135484
422113 476173
101507 703438
961073 588996
464099 476783
693405 627863
720856 591383
547273 577723
374133 772708
503081 586970
735604 35699
640545 474346
931362 841206
29087 401557
155409 369846
53073 616548
867739 457635
467166 242057
344894 934335
460562 920782
541886 147778
677325 661922
825057 870321
17629 906650
556557 615245
906958 479067
502666 152366
494010 128042
845473 942565
782911 854334
636713 269912
140360 940733
649939 858970
984040 317553
628491 662112
401110 144308
92173 286153
535425 295171
692408 937827
570793 792847
108716 717087
348271 901101
440676 155862
385907 286413
950613 469962
397398 796685
837737 69007
973358 812876
342938 387896
791302 348090
742564 929085
956191 72499
285864 281727
57452 340121
73778 758585
517620 697016
453019 627323
532773 559217
173327 571226
938432 492765
715123 82019
630647 150020
64636 692267
741057 133535
60148 745468
980379 324405
667976 527264
854982 874424
15843 216375
658168 839967
219253 809883
691772 62649
689174 684507
825867 654801
157982 496543
950392 977128
586025 160226
210038 941628
71319 329473
981617 20420
900720 710002
73497 798306
394390 8271
315494 162073
431767 14260
198396 865629
702370 868582
741040 808748
85513 616225
406271 41354
442062 864660
779032 454882
576953 120666
514234 906409
207536 842320
775650 708676
837966 516566
610452 455539
540877 194563
795864 398430
963256 51617
281690 332437
151368 320321
608389 223149
5392 766548
803870 776956
119486 890505
979426 379468
531192 101382
459902 348090
612870 909773
231579 373586
726282 920607
420296 111611
103318 272716
342665 704104
357047 737116
457528 571019
813789 770838
70989 466907
956901 889853
465347 205240
571443 433194
552073 617869
804756 312392
436000 808078
368745 43056
548584 429607
137586 409161
742027 50821
349513 657022
759050 596322
497626 135676
950323 89699
609416 487989
157777 748189
198658 951608
140682 202388
918441 652208
477667 321657
504802 599719
77450 428054
732956 583410
637030 396646
539458 905075
43508 58646
586904 96011
599942 745791
36913 928814
448288 270145
805503 87360
585303 623954
260922 184569
561052 57396
534351 239391
146910 115241
199127 106380
736101 263063
676750 649160
241362 800069
166779 956447
980845 96932
467634 935495
916610 677217
873727 953529
910153 124937
609514 984500
90273 533426
191924 173653
572328 470468
650970 322680
393497 750043
466124 535983
424625 625520
175184 489287
645854 753171
644713 552785
792961 213685
440147 539034
190426 905514
461340 671877
529160 49715
911796 692161
406269 308607
697316 203781
511972 365047
921175 360703
115417 559996
321767 947102
533674 960602
96379 396502
16931 360133
885160 741503
875375 705156
245934 794534
546453 394931
902599 568092
896905 21777
762139 409258
331291 889934
133274 755325
437206 798441
133374 777428
772817 682641
910387 574236
510885 116379
536687 553959
63460 393146
330320 799670
48158 572303
633363 782087
918514 472068
509339 86658
415559 723493
574987 43745
539443 656432
839896 3093
501691 957776
380273 639399
590571 626309
34706 488005
947295 425490
413785 224528
633076 554542
610630 843221
289668 21251
166491 360315
192844 823788
82403 82578
211370 855534
411576 602899
946104 42304
160758 892850
55781 276150
140654 498053
129519 344951
378586 238734
921715 441234
753364 284354
445422 294789
188661 317504
507040 578620
363210 212288
192909 531433
904575 818297
937402 70037
934579 832779
349061 838335
694392 705220
935960 826426
824622 584999
406511 623881
650650 177515
10166 188064
78161 121223
7920 138266
631786 549601
540122 534608
883773 358502
92075 862585
96002 950786
752381 607060
879947 710365
452931 745358
912204 374584
150637 662680
704754 784714
357814 398899
274122 135068
704245 393504
344252 640618
267608 825227
177843 601489
273581 600856
697113 929406
208541 872973
34361 741121
455113 625760
905438 61427
132448 50058
949567 682942
561848 800473
382150 797932
706618 993820
411311 932617
624221 637470
471926 467732
853044 333673
774518 355160
253426 322762
860260 914564
79928 262071
848727 461142
255409 7161
410626 920243
252770 852409
873399 959355
133922 249870
20368 943571
792597 754380
17068 976692
971022 420991
459775 827087
831344 81014
977127 223763
779687 280883
266678 741315
872394 405598
173941 933735
514665 118730
606507 487001
17520 974658
371390 268729
68019 759848
491251 323793
852808 358987
92807 729295
483301 571912
596052 619915
461044 963164
374586 960821
958978 540433
472517 296796
969445 857503
139899 554485
92191 429112
812699 284503
918114 433716
538529 367320
369379 88861
242327 753008
778726 880374
17645 167949
297532 321455
957329 572920
24568 508757
149694 196145
580525 298427
503114 716646
947436 186518
200326 62628
34610 376675
46718 741657
167054 482791
560894 694217
869137 171929
613500 414376
756924 891242
823519 303345
85548 513659
265015 699647
938134 353410
994088 908708
981320 914006
360937 160296
512260 963051
454324 538331
216571 716523
811097 390370
834347 167125
715959 31007
660472 210334
896163 485223
927759 95324
395058 528188
477738 743177
767695 393290
917031 247970
69674 792439
351945 421184
468326 366888
876505 476812
773015 584268
699419 635105
145928 208593
789560 864297
666298 321432
488012 303394
671613 509341
271509 760990
156597 714986
393170 483825
656716 803558
90871 325710
349212 104013
879172 632975
976649 31680
771286 338265
220196 549775
74190 173792
852819 424286
148166 195719
28385 374471
508789 654616
590994 284184
397874 460482
741574 819519
783901 442406
316903 121987
816703 129539
417357 939653
772304 601866
722118 619434
161288 224320
60697 58040
153710 303007
846292 900740
819271 677028
860587 247950
169908 197327
190550 852698
633027 706786
305563 381443
949709 532512
912075 70920
284015 295881
176505 143594
593826 154170
886157 441732
363694 322062
23601 740411
117050 202827
235893 867389
849983 759399
749767 806904
246084 106394
388768 251554
182412 298744
918496 714818
572260 676169
47332 71082
870603 539075
498154 751028
124120 119555
777652 730000
526496 237744
123618 172892
547300 984872
286359 973544
749534 663064
456553 95704
365753 56173
92917 401199
370801 424018
608008 283884
645317 873574
433813 942814
636541 729717
466966 935323
87617 382544
466061 38439
167375 241330
515242 506313
516334 149497
20498 813808
539070 430954
443701 3241
785810 67723
179451 12626
709891 103967
716172 869233
795169 481303
701820 705027
963124 464897
667703 495268
424522 721592
989729 745842
829504 602309
99406 126110
457209 583725
396146 431542
444624 711555
987754 731459
646976 85320
398651 836157
477138 340818
572711 934585
923239 201736
668024 587813
756644 513160
487187 964605
280982 225475
417331 919069
740336 375244
935035 27186
762190 649662
627052 861757
381651 570324
433730 737152
559588 434187
120260 101910
39118 367148
300133 657133
648026 689593
710286 845619
798120 161597
763894 801332
158532 461899
970141 223886
584937 591788
280850 34631
370299 41681
971371 139792
893949 500457
539262 882066
33587 267521
899991 618849
52742 888985
250862 421194
417563 968169
560457 618777
752677 987233
193648 467231
230367 813320
469613 428825
840038 642228
615137 242098
537065 544086
967326 12612
315704 946260
813198 559510
884540 979813
861130 406902
606295 774628
98907 994658
891630 192445
996884 445956
422180 502259
358003 197065
330412 511318
480704 863720
442665 951683
426786 954717
803311 235721
567789 474421
607885 255182
375599 729205
57368 724029
167406 49982
139959 739350
214096 150973
46977 957076
318414 326320
587609 48274
353974 559431
432627 820377
330587 938442
889620 15860
142590 415161
866726 272932
414067 375224
527414 498030
578266 480025
397636 883007
683864 181501
355089 165590
724897 515466
950117 756121
234420 550874
512334 134506
723731 573044
832721 91611
38513 536586
888353 761001
250811 30367
317644 220285
863863 160123
890143 928080
172571 20310
283252 172340
822763 89282
763876 106200
810578 109159
163568 2212
489790 893729
665971 532252
565644 220503
848122 771352
504607 695440
838238 952084
285960 840992
691502 937019
980975 97246
872576 919341
204047 244103
112837 655949
299149 370075
566774 738961
37939 501794
46688 771475
157044 878915
963555 373805
223924 128137
686341 114697
66840 268934
412459 409489
465890 39273
599336 957988
370129 486428
345270 372237
950993 153403
490704 832434
923365 463235
979054 857897
697752 4671
25484 723957
457448 566738
545558 913147
980815 584111
493049 586536
773361 358399
220002 510308
434975 485138
732509 950703
92324 78774
907266 941512
957811 94870
701845 690110
134529 545787
268879 560800
888574 268423
686583 163557
8908 334322
212689 350780
317780 385721
696144 30681
187142 488504
416410 40282
60706 321034
222010 550792
915875 470560
993915 686093
257074 268350
164371 899929
665895 32574
310696 923734
580362 585773
726293 104798
286364 430958
219690 364169
513497 61939
473886 797262
228293 742620
773404 585921
70998 818713
206681 451102
690300 319884
802283 838329
675632 577192
6346 386087
949440 69822
886987 647168
974835 744527
323698 186536
256916 768990
382715 167593
819305 550465
240957 136478
215511 163075
416280 364172
403465 15752
469320 460355
890001 146557
491036 151260
521464 981791
108903 605866
731576 16989
697672 103909
649109 54082
889666 565193
101253 613598
976860 666239
659525 281910
980236 790310
485364 430443
506141 546159
18689 873795
613727 987016
309450 112784
950796 932432
86543 943647
394778 569573
759873 784581
11034 253680
272640 59465
5120 715916
758495 138807
210406 525910
51435 441696
797401 57756
525300 835802
871111 783761
415750 27206
140833 892021
911253 666020
324896 923978
671154 502677
490395 652436
414789 960026
995284 261897
390582 891974
540448 234780
124526 332220
740804 885932
506853 736778
250215 950450
386136 629048
499034 204108
820925 834212
928849 427267
382682 939354
938537 153094
788880 381538
905093 532278
344420 812291
615850 811675
71136 265982
17773 834714
782148 365235
345781 859072
51050 385007
889104 206794
734781 394671
986090 692307
109632 636081
886752 872804
15614 410206
978351 482483
393745 356032
489877 897996
277095 68176
58375 752084
393907 58516
311144 48143
235204 36705
95956 638784
59960 554354
913838 79804
236552 456819
725163 664231
554202 936884
500146 973528
426354 176984
935526 363426
328168 214994
232011 813139
699140 359651
280781 902199
18044 406483
831484 441609
181215 182130
994658 895777
962676 924916
679185 833062
660123 666322
153547 715265
220634 803036
439308 207365
299213 531082
923648 716485
573707 999633
354404 879601
146899 167087
735781 811927
464222 913038
95692 875095
255955 992214
541180 420905
515802 892074
129536 331935
127711 667567
24730 224611
718846 991167
916361 446393
87334 882309
918919 141431
851536 213275
760043 359723
882623 68296
472672 782792
78789 940294
137425 936139
682155 307568
717244 8295
410597 960622
459718 764677
291154 367772
399807 896965
636478 114446
990843 146159
380033 383853
790228 70052
31767 559053
573034 802805
932552 903398
546934 209879
251344 188382
908318 699022
821128 582712
450907 130106
560444 161098
21148 945319
476119 107969
430556 185259
598050 123326
353850 988496
676730 409066
799247 428372
267655 443800
645651 692664
186333 424037
163577 860474
502928 849944
779467 233985
905115 956059
603057 810222
984523 552123
155348 468752
72674 424163
407418 871866
438349 686026
870243 428911
680439 872837
591460 152715
525036 198459
171948 529434
572580 626959
941397 637024
43437 566881
409552 739368
306906 336698
207211 498277
320197 948042
216427 52827
788764 966894
212257 869032
161294 366935
77744 440875
750065 381294
611742 98717
595628 219274
959365 18129
716251 197761
535179 671110
357803 547843
525206 950455
232360 314018
491186 388092
277513 549702
614869 777245
958162 778840
626670 736636
554713 174287
152916 110410
683036 339603
342556 289539
166720 169150
390001 845295
246878 131520
297586 142553
71568 419332
524206 59337
581468 422774
222101 768428
326051 835879
699260 760325
348960 741062
323400 14779
487115 119600
126851 370388
640433 538044
631968 363701
819128 215746
602026 709026
808878 644797
312171 634168
832393 222658
496406 827625
710027 978477
731365 517814
99031 271899
584885 329400
662661 812129
183980 171974
435855 712691
256536 623162
338260 851272
678441 630123
823207 892237
554705 522653
512965 635894
889918 477908
809210 325234
422152 710555
374107 947885
935400 741793
104282 206322
233957 317398
132644 501113
5463 896554
398644 245829
982348 367924
153398 247495
49560 640889
784656 591827
710802 16435
290998 973653
985227 142660
36114 961554
792749 925322
107022 783986
530784 450907
178344 139794
145181 4246
208664 61651
634701 993475
383828 784135
392289 250945
115872 146801
679709 732813
597837 597002
599392 590927
383453 958433
14381 20443
1534 539669
692621 746349
213727 119461
600268 992633
999543 446533
850833 919767
54451 779147
929317 709941
392420 744245
49124 635725
545004 488430
473317 534475
331858 250822
559461 141890
543273 532035
334357 278131
862255 73175
922155 479826
426361 585494
912502 497779
313097 729164
596998 263083
592227 507847
408878 706421
368523 821653
958865 649862
611805 463162
261690 172634
416221 538882
704491 543000
429095 42994
335262 102023
210566 431257
410608 178381
97264 722130
153299 443005
713460 359993
565658 591819
14353 954973
251056 627239
840494 406201
113999 395030
65653 118461
147203 153288
225992 157352
806991 167666
115349 685629
550918 819076
664753 356849
726819 192140
843614 936125
639825 670862
238629 953142
480801 608254
677290 376193
652937 977857
553355 629323
177230 626772
240043 358495
811574 304573
460294 649428
367093 962826
461027 543537
99463 841316
878977 411177
571405 849907
271175 943069
206706 541337
183329 866893
975154 595197
487403 108822
653455 660042
948300 776980
320554 937567
788363 694835
607230 168036
180389 64122
960148 80826
307001 83382
632232 736602
41642 112491
500775 853043
951503 929662
298297 833735
114048 749431
117901 312800
961054 512180
63255 946985
986394 745498
718517 422279
613439 398069
443021 246387
403117 204958
781271 181094
697268 885242
270482 843940
609381 472799
679572 237203
96032 12436
257770 489345
611823 912665
778821 822140
110519 106325
364426 317606
696258 517455
875297 886399
858697 274811
761559 966286
137949 944073
857414 923603
539072 108929
137355 275770
612246 210128
351907 159263
815351 890068
456731 75926
787755 731498
436648 171344
212219 848288
889690 405625
686704 606920
190443 163835
597117 934395
642045 723667
827641 676487
618583 214558
915769 935481
101304 753756
455251 399823
833845 891956
251381 405875
782364 351800
733001 657337
97114 945992
772413 590424
99851 598319
910385 418721
535515 132069
812938 266874
713522 974542
491928 324337
40541 854792
462969 699329
537937 371911
979836 997068
443364 609349
393468 357249
351186 395973
259377 812864
325270 502214
513431 426422
442 1725
298320 419100
674927 441641
304032 805542
868358 328056
621962 936807
348889 699382
53720 411290
899270 421491
286305 948634
105624 323913
821386 582428
835068 829020
366343 218612
966542 815007
261250 478295
557210 981163
672896 561119
847937 140949
177726 983701
132883 93893
35524 84069
624468 566499
759101 805217
124109 35815
728238 414129
703983 531391
549777 444243
910084 787384
842711 408917
742259 544177
645654 546811
41667 290743
10508 79828
388887 123870
701635 159809
837230 378999
767799 839361
368875 28505
872497 717460
53266 443565
672950 833743
370541 721964
287097 997826
11028 711356
610906 583666
557179 29043
854052 608469
939301 203969
260057 633916
894017 95039
626391 554298
747379 239186
392858 731402
283560 699373
52715 353555
794320 662445
362531 977631
431223 848734
782887 215985
130467 578655
478368 57229
829544 10749
126260 636878
347481 444775
707831 848749
386336 98422
153787 127658
446249 933115
470966 12175
3892 51289
779859 210071
546572 196333
289470 55198
813360 646254
746632 864008
183036 38479
814432 617614
396295 440737
141888 519802
169579 980879
498424 939716
360207 509893
932227 388240
174303 458237
746090 460336
115981 667995
717162 102012
353243 493399
501346 186652
613423 934226
686780 558068
568604 626149
609248 60650
253736 705257
951645 991974
999187 536908
703144 763832
308424 993953
401460 659064
472936 517080
318859 582682
887379 974245
784179 333139
43345 904136
714736 178519
906614 170195
373163 3017
481199 940042
789106 324042
662250 831217
333121 316352
837976 647484
63237 162085
504117 116908
961485 524380
270554 495793
490302 218966
784225 936474
107363 998091
393963 76606
122632 58880
616177 368274
174408 208497
93547 452481
910095 770980
573052 246979
799101 568578
259856 625918
498424 800565
395938 372295
749399 56829
376905 909336
825014 26528
560937 6108
580908 583389
854776 445491
121947 607059
721773 144910
946135 266035
614052 256490
147367 354900
35898 819220
884655 677173
413539 290482
808517 183703
440899 851508
860509 816908
838642 589741
496478 905535
75950 70443
808744 883667
709985 97322
508983 517604
663579 658972
953587 846245
957605 890595
885370 596016
392058 669636
396455 857292
984628 819077
269535 723070
271797 207759
234405 838546
146062 134512
625642 700297
336550 768709
192223 762059
831229 394712
807443 394540
643539 909316
714224 549806
165330 583429
5821 293746
840010 43453
817863 871904
20156 575309
66220 283336
595047 269982
71028 387694
808523 354206
518026 332098
138746 39519
67403 167452
109448 498649
484895 670463
233283 828601
51334 712867
611628 381140
595605 373288
808455 386169
589424 465074
907927 656937
76322 946504
193462 65851
508624 613749
628736 100899
369487 904622
146928 99541
26305 799505
148465 36087
258773 151863
896367 834472
181676 230024
975626 794106
460031 993414
327370 894391
332081 751806
343680 754009
560640 359052
477764 654005
721460 990036
612138 637630
807953 685186
159832 162271
227608 136673
84181 939931
266670 622032
273517 965280
81466 174402
993430 759894
580331 363794
491893 354257
865196 741255
495266 991038
379516 484238
668844 973860
544408 252696
631922 578928
13636 579991
666243 384493
844036 82550
844862 70670
83958 998196
333863 779878
824027 290578
552019 455806
709912 815481
861386 504439
176034 58982
869378 852806
920610 467551
37809 717354
589865 305338
94162 972394
27064 692727
173071 799387
492689 104134
208340 351596
652935 753287
514914 137240
342318 915901
502713 184107
748454 829513
714142 867437
379367 86660
855093 855355
260253 475743
762967 29776
537395 477751
275575 868637
776236 247159
230690 408046
163168 568497
640892 653321
497797 287334
923464 756901
835550 809318
534628 531526
908902 831878
485209 404759
487754 966923
360049 77757
561478 499831
982448 262583
688626 596689
2932 28424
464103 122511
128850 781491
628360 224624
653817 501980
29951 168479
508059 732195
145592 99960
342762 195566
335858 204697
959725 271916
429754 158594
211924 75575
447875 754856
429756 545783
748814 435957
965279 476725
56697 609632
772445 501036
10647 597925
885082 235714
652176 539622
841411 1532
525826 660109
510933 330098
282013 479016
462674 392113
122953 924350
729925 939181
944298 385895
231427 559091
603 130902
6555 575699
867113 358653
4207 420045
732635 435425
520184 356703
930726 280041
513176 989778
76388 553577
955482 537701
83641 661903
711661 362335
684119 495983
582694 416756
928818 633359
524444 309344
522460 269102
17753 218407
174387 356779
253001 612660
425286 483402
725227 280088
509020 973292
908916 32727
684905 466439
342921 32561
213134 486588
386502 568379
992586 460964
742855 107785
491929 745374
299542 808223
463787 927096
796800 699552
713196 574735
723935 772643
535423 653794
440749 137683
865840 153120
674285 584562
263488 766173
110221 678166
207507 983453
438302 701129
826811 912313
275227 578024
223922 258225
265480 886438
902628 503593
57395 682487
165728 841019
287909 760234
537711 199533
366720 260464
551180 616193
6837 698806
231433 416125
28381 670268
376919 774237
916872 460770
937785 965759
587077 583732
362903 723553
790597 702984
264716 358867
787340 551054
344886 163108
291554 266594
875624 554238
160041 189799
508880 204674
751570 6972
511460 400825
687446 471452
721549 812514
393622 417567
959835 385688
683209 885577
537257 768129
536322 323526
334793 876471
634153 691726
359368 111223
906867 141375
848885 167825
453440 174987
970715 766342
331871 328726
574602 98192
967834 931283
7094 967331
625287 914458
250577 173295
68508 138052
539339 774829
840306 209651
26663 23392
489422 904241
386055 445627
685314 766976
788531 162309
998843 52076
919478 227453
39942 317405
4612 863516
923460 934970
300546 660158
790989 26676
94575 811170
919756 624229
514422 731390
193666 119560
874252 985757
997078 26509
687408 851572
47573 805030
296086 675230
564739 623239
455891 270153
827014 366761
199380 226894
645278 765302
403131 291397
262969 343684
902963 229465
785074 608589
827199 681950
510648 558100
679910 626799
121391 974948
45664 637788
605558 445929
88487 665644
376533 566774
862767 554711
103690 527249
153486 976112
293338 386079
682536 744010
696749 700063
300522 863284
175817 306442
150177 643549
939625 425769
429989 950844
122134 475388
470034 205028
304118 93410
667334 782870
460882 72730
159503 967781
827909 649269
317126 844773
712386 679228
491255 335850
229900 753390
926509 153215
366621 859675
216597 207954
557618 154233
273323 410202
425696 754440
475739 351250
929442 961311
710686 79088
713625 50761
805933 751217
899154 913748
980640 533898
276980 795158
272927 507930
965015 77011
834937 382287
301915 408524
983505 714086
125990 492868
813128 967237
914787 445349
866513 827539
920026 492566
202305 983867
531839 523213
518346 387208
977247 173132
797359 403570
149962 884879
672920 848784
464319 728985
293337 626492
559401 494948
131286 776132
60169 704465
280521 148869
269746 242652
489195 684224
971472 988659
355129 271381
148947 579472
554411 252115
939497 598393
469052 901175
567366 286738
591799 825663
258 180203
861842 289409
127387 122587
919230 858654
299174 440450
384297 383215
774879 9812
777445 715277
384687 339627
607834 982103
209906 782341
266201 729997
49626 472702
437859 98433
435873 777130
483501 182010
816896 814838
694017 697618
941038 709973
345423 951934
504 789446
292317 918711
962489 447337
787262 851885
120415 908604
348504 39575
480645 774483
558519 533140
128652 811569
911906 491227
46881 824660
340588 95073
897509 248411
405345 37241
960964 523826
643479 983206
482615 450505
576903 144760
547873 4420
804921 692015
956018 314094
588228 891083
174530 438826
819241 462986
640862 57256
429891 14540
671817 601112
504722 110715
235029 800260
618315 239005
360312 834653
813158 16291
556498 894319
553387 550244
767303 710559
984074 618124
409158 601443
307690 987230
148707 376211
647370 431484
832207 843493
498501 153954
994609 933091
669247 679176
416175 848349
852792 163945
972352 259748
892426 906878
957902 63460
928440 20113
332667 452366
465619 501023
364291 683707
707146 392306
834566 987833
885960 754554
883949 959587
299728 53215
946166 395878
585571 559532
969437 660041
895646 704288
364133 215381
207708 661854
827651 841520
155161 40919
334584 747680
670039 914684
512039 350089
936935 140850
221966 433936
618766 487089
659062 78211
329081 737927
477256 270023
250588 126095
293776 17139
506985 805237
975703 382276
295271 593109
46209 212263
252849 461310
494909 594700
703782 72532
323625 288828
814300 677906
273958 367336
216561 308073
447586 343544
509673 607900
466902 6650
16549 803365
663682 121030
462675 809399
792767 877956
446913 656403
750507 739229
280089 701825
393491 314430
452475 329683
45440 948011
768019 366343
341026 469659
839613 601228
247603 989091
407076 664773
652432 771830
389783 155184
987481 96329
287596 940897
564176 897260
700570 81389
688134 936315
818654 339733
648421 623088
916697 197248
813279 623128
829762 398882
254873 772931
151408 400222
798992 62214
496865 720087
911935 435189
565276 528577
673644 197499
682938 592008
763241 277259
683475 518995
862244 943754
88021 925123
818256 158259
467420 253742
314761 94201
522818 185581
412976 184741
813335 99795
103123 557305
398223 2038
442617 454011
188927 234270
605158 500733
502844 983185
43736 460425
183850 974236
254770 670658
212141 126961
169429 464303
138598 924840
998104 642900
496044 464918
55355 322042
114592 957824
588384 490502
872051 975806
601895 700822
402593 712706
743387 976828
172948 230261
858778 779472
426558 353124
644000 433343
592937 80024
264767 609559
297993 162448
876247 349023
210853 3760
939037 800851
870041 943420
221471 261329
349514 698732
701892 666495
111463 168022
553890 849257
701584 161536
794915 638100
649614 892335
940169 399949
786694 376935
147052 481465
369153 751271
60729 227162
663182 942881
973653 332937
761227 259241
139316 501293
75724 360795
728102 198401
602918 834117
95570 535296
675797 384594
181872 37741
851525 753507
868139 225155
544544 671220
83569 322883
836710 685041
809609 521187
420033 434573
599672 95793
333851 782180
822780 283114
92298 443370
669614 32164
653645 349423
404766 575443
742543 601263
970116 321442
262465 181824
501644 18443
549887 819787
522511 563546
381734 852538
571030 951058
836842 621701
641569 791144
763210 345340
688212 256331
156789 51221
149891 997309
748378 826194
165818 194295
305793 913181
465203 173251
982080 962633
281048 704138
561719 687644
102135 300179
746070 213137
414328 689412
286406 595506
480974 303866
541129 977332
870658 143508
91652 885703
798038 683639
112855 523651
586584 814693
832876 793708
25237 365017
710965 28029
182431 52649
240844 907195
357761 464298
515579 510423
533653 562994
584689 273102
522208 246687
304252 166131
589803 137439
709943 883741
927178 953629
830419 32902
643552 370993
488724 121739
511968 505575
91429 650832
363331 848383
101337 720124
192988 413156
499816 735890
540211 375609
319878 528584
372437 99435
788993 771056
212370 705556
627227 696110
258084 320208
174999 634919
280306 560046
617154 685535
659418 775349
23938 772599
461903 938981
418359 124131
89390 189371
326127 289552
234285 811694
820521 310884
101586 384506
622779 236502
781614 192248
522519 728201
672483 593302
595461 995920
218274 188238
952328 141962
557666 338113
918532 538633
379025 919308
342764 919391
764950 832438
262982 552592
200238 137338
119364 253658
168654 485670
733243 288737
617125 736286
582156 506856
566939 486621
900227 962605
64725 115583
232180 773570
182703 899445
63004 710885
558727 154812
519305 48334
68277 766673
506768 732015
814302 806270
802150 210494
631109 142049
556795 402280
616013 422660
454686 371146
791044 990416
348051 68322
110964 916512
715983 415452
143174 9819
232146 305501
46862 385566
155779 972535
801204 774114
503948 493433
607280 279073
807542 967436
823797 976295
883521 964987
569182 716571
175911 17455
197094 75397
856787 975000
873957 414736
212321 385805
603012 54972
217824 121845
902908 217753
843736 181394
65164 560542
251221 648163
998028 992201
963074 105465
790946 758516
595253 60455
125654 568385
277609 942453
880271 436720
800513 562113
844119 70610
750716 845546
746909 546501
5124 638089
244172 221496
565008 679813
395986 959261
607737 177114
578589 937704
519504 14506
459814 201709
194050 450035
636316 679633
70400 993646
110438 995378
553502 309101
161953 479748
917747 75813
633059 29090
977639 276390
742557 834472
740723 632629
115990 381898
638631 506875
23400 662960
575553 323137
681350 721094
968307 66773
687346 889700
987173 17841
245721 386902
413543 957315
564235 20947
32563 168742
73673 485940
504865 872484
794843 552114
374447 793402
517816 640900
444231 826097
976472 694071
88322 509750
301480 747971
536147 762771
172093 57498
457988 800760
864428 540423
184638 522829
721328 435239
813510 535182
777828 675840
70746 189015
642683 705264
179989 150988
709381 292632
580899 516327
183925 274743
538463 219627
368097 684097
761493 55150
527908 310715
364969 735564
744944 11793
782616 564607
353267 609821
361050 207482
77709 248754
178797 748385
921557 910363
360437 130656
778267 508265
844651 693848
114457 223546
957799 7486
189733 372843
363015 512584
525269 400620
940744 961206
203694 215488
469057 149286
754758 627706
467101 795431
751171 471077
737553 11900
843611 358933
922625 714195
936379 482477
139022 11207
454622 814286
315510 307901
356302 117005
847462 698511
721294 760467
846274 622468
282814 109790
133595 661784
961851 789407
836514 303018
422101 127094
714192 54374
304941 250980
439686 427615
795519 108713
117108 129138
416395 237829
678540 162379
569572 893834
39906 883570
171949 576956
468846 41986
394617 691412
543153 566179
579862 879399
926955 365181
408730 371780
363918 993165
923020 185519
757771 436570
405052 529368
859502 673080
867390 884597
357411 222635
406050 73719
660835 259695
901721 272265
728612 572580
100436 611309
513309 241104
423447 855504
919733 664966
188891 432084
582911 890466
451483 273284
249135 163337
808543 697950
865406 994014
461503 511081
20178 292504
685097 163637
541063 790844
920640 827488
499012 659632
738009 126249
191238 779214
474256 702227
12541 258236
603186 892669
735965 637816
871369 1024
454100 986670
718407 937383
52367 94539
249070 844597
386658 676384
248408 107241
234288 863302
770416 628254
58225 469734
857095 911296
783148 193335
646183 150783
838105 318306
733014 546289
761139 171938
704667 730465
726973 996015
166460 607015
960873 241684
220472 119444
371420 488104
662774 991535
220481 258163
998956 309412
467299 187579
294008 277703
26167 863322
75352 98757
339840 95855
109452 6588
394669 282624
456848 725661
610798 674726
534329 410580
316565 109163
681813 861751
574203 389756
676441 557741
298971 337480
421801 52290
651593 888908
588338 188243
442123 752511
412004 247689
142472 919577
500384 712896
934740 476210
472107 921456
215556 856756
107768 426113
407640 701988
325861 772906
980384 370640
440595 611915
598670 417141
610692 964488
129568 923787
998768 279407
908769 488728
476394 576943
42729 998622
119407 272819
676042 214230
182606 51392
722712 49256
949837 817395
860782 284997
567325 347364
136249 381724
17206 915434
347411 31758
57264 668740
752213 583513
369405 477958
241350 59293
861011 179280
247398 640804
840529 7272
363133 972549
559504 353369
503690 165212
837868 262851
683762 615387
835552 878476
355433 557694
778684 421836
73964 451186
110876 117386
749861 721031
152312 956868
948599 815154
135384 487337
59033 748562
622857 911929
937017 340455
683066 624749
351039 365330
149710 5035
870212 708777
317000 17806
953853 286495
688876 901209
434630 444175
761354 72966
204148 271855
701568 751988
325774 892954
798620 70341
453456 708572
458596 643637
23233 347884
914356 524218
293411 469058
369890 767674
758344 268997
380293 369715
328206 158905
837297 624898
31624 470266
901551 326120
781640 508472
250736 833338
339355 312937
777008 47754
11089 922272
512419 827822
961137 870576
323431 193658
965811 268117
173348 915328
674926 305877
962991 142267
476090 427934
102577 255570
935160 139182
158666 281815
739427 222489
574901 935184
738934 839628
99995 153877
132207 464809
503802 821421
531642 260985
868723 966164
699286 304325
493234 15694
102940 600820
271525 665179
825994 851436
241883 249324
867733 732810
737463 918484
379876 412019
86333 109588
333362 24729
320594 182829
372422 676798
649420 335233
196134 590580
65616 459714
235743 539350
471529 767835
147367 227442
684450 671164
11114 100284
948922 932668
308980 719373
517899 706404
540954 307604
74212 405522
114786 445945
436472 779711
263497 465679
893136 520018
608610 883659
332921 713096
967164 33213
349010 660340
934820 187391
383633 853877
762157 972930
763580 251610
501938 67391
984095 942308
359778 900935
114761 210442
459063 909953
616348 828332
528600 478102
913211 546017
931028 666823
857988 879313
985752 768937
378003 480719
913713 459880
549607 326831
597161 467778
21079 994879
768969 662721
161980 836932
981858 924233
870839 773819
998133 993868
204308 621934
20320 813930
374600 6127
425703 737973
985117 12989
323386 104736
845122 163293
263686 292854
789273 203935
913747 803386
79520 197311
485549 800776
548675 470723
706132 772607
658235 294828
567321 381136
254569 322346
41230 194789
300678 705702
759040 22239
475343 298534
807541 667507
204239 697894
888830 991381
485811 293644
575748 915637
492556 620857
591710 89016
81666 801631
451089 979479
670791 146002
273538 561046
822619 534415
957620 564746
61964 323895
326110 690624
964837 851979
823564 584629
71713 130928
148553 657485
358408 552670
997375 135517
909442 208599
316461 839900
530851 287459
242805 201735
231598 465588
626885 761688
170708 376034
924603 530919
153021 264313
631199 91383
709908 977484
952064 998483
196303 940342
108739 823893
616263 682264
338889 350128
105877 757192
256146 500100
259359 533769
599822 399936
912604 517389
128480 88897
677630 848133
904462 983752
590410 463522
666938 500639
710708 277405
754956 690026
866873 869833
605214 301023
794827 221110
179649 213269
341249 527697
37746 306619
568416 413863
783225 624572
229364 830060
276698 119223
151064 185699
618755 162321
385098 796755
472116 866495
592489 352485
881876 407609
215677 567484
372333 842433
199748 553791
127821 229328
334087 927492
236622 678701
469615 415345
426728 270913
921366 308769
591869 698606
755015 596934
141739 894074
701643 211331
345417 309144
752172 441736
418818 599780
724194 680009
362771 581994
696932 633871
822975 6308
921980 283325
492441 625131
654120 613959
147879 540720
201871 339005
20008 439501
390933 576664
619428 909216
187611 579604
903161 156156
764293 841380
189236 689752
126868 883965
704217 845535
32346 986995
597888 65226
984208 154117
863624 44963
504946 699537
174240 652496
901439 88187
968170 380225
967787 629660
313033 60801
552457 228136
183318 267719
385515 4927
172463 583082
880053 847265
598057 245355
188627 161733
703753 677453
494556 965138
188746 682853
211583 940529
759096 388641
272256 289392
410907 548501
914751 416828
440747 800488
682416 328487
233809 714625
764261 734166
600602 514797
42266 679298
264808 838907
861767 934901
402163 311216
120285 378782
639735 150830
138361 159991
338026 489224
124249 394737
119373 45395
282933 77505
159996 399735
883178 636512
9541 409652
613455 419930
600254 241303
528713 359495
722798 706713
359859 526018
620644 516375
25093 813336
503260 416051
213107 309175
616259 699149
3203 350067
547116 120120
124428 504915
33467 339697
542133 914824
604380 928488
376818 302234
65807 762706
835256 364419
91107 622907
819155 580570
574912 161341
309646 846478
792592 126460
241844 786679
114587 179130
400302 644176
999169 459966
791168 709942
187638 405691
646225 134487
713408 714641
219193 963712
562661 530576
550795 883331
845970 746731
653467 602764
714799 138117
995571 603662
936438 560147
897728 552845
494927 583619
951122 768208
455785 745151
870857 699708
366199 972150
496074 974174
899667 94062
685843 367380
513744 490493
869607 816775
764646 29399
682886 177005
50600 800893
352927 355141
984737 996350
229613 189712
374352 322227
569956 14626
157560 939056
307185 500000
943336 736108
329553 304225
922974 661365
423887 944160
315020 784268
605126 90506
891600 6836
402942 719753
662572 19918
488607 312123
150846 367789
325087 617968
988970 720261
610339 857973
708971 221476
537039 701146
106939 210162
86077 660253
945424 479563
387458 534165
987123 27667
505093 565535
474435 556310
757233 956662
868067 549804
251692 917784
315478 294062
351579 831596
322896 516588
584280 80280
776901 41085
11054 797147
601035 773230
135624 484871
456319 222694
468214 700017
994963 446901
129225 95644
651853 872229
551964 703772
761506 717287
499454 810679
522428 376142
396464 97820
253101 177497
654172 206454
227971 284593
565968 239694
443923 121328
853958 559414
754050 459588
155239 572666
710347 729320
493885 144097
66238 104140
583169 808784
232332 441850
221714 467835
676401 704028
322517 407845
149077 126521
829458 82387
406839 717461
399089 633076
393788 305541
206283 285317
271059 586875
359402 603598
193883 869902
656954 308413
212744 519183
764685 938609
405730 911949
519885 67850
837501 85472
581638 336572
762964 678140
378925 55278
872691 527608
339435 148510
42217 630066
582730 18458
161835 953341
746901 699404
335751 324064
989366 79307
905625 501446
44247 667567
438329 391088
331637 82397
462620 115958
502218 362408
363751 51362
854900 881514
674787 653682
619694 888202
977829 476615
63695 535326
449214 523198
426163 209472
664497 465423
629078 866131
965539 556368
546461 48917
962241 812161
907877 715774
241124 797471
141914 251621
173046 136620
916021 579451
481613 38054
229618 373863
521424 269424
548017 756188
170407 649207
335021 257198
818043 965747
868951 98446
359139 512447
313479 444467
161054 790878
326908 466785
819923 112346
532087 109126
676360 332127
794525 331298
472790 833122
697773 48583
302343 179880
912055 335484
704194 446399
528124 324290
656750 990275
896129 444295
721413 153831
199720 632713
671395 595277
761494 267610
868376 955343
138108 370499
129107 75638
898838 860054
119922 76610
569890 801085
435742 790973
718432 174234
74758 399857
998432 621260
898337 280555
914683 534776
80823 137856
414060 130943
792264 616759
775870 669321
105484 897316
250898 933642
684686 334765
364143 795797
221851 416270
316028 788915
152947 785531
588686 617231
740161 874423
945866 931477
197188 107126
25119 76648
873644 120155
269286 853992
174837 595086
429865 383707
14975 70402
652822 469499
543758 984460
585544 472820
848474 920562
789957 797235
354377 495350
544107 991588
232149 652724
684867 546246
498784 724189
72368 218075
806395 971865
483814 550344
466112 918767
109022 536622
196995 530811
264219 276372
318907 933106
905849 176572
524226 346049
966320 314019
448221 875127
285410 561569
687912 764514
891657 179957
869192 453185
804447 105068
288228 728532
162479 953373
112957 332278
874794 729748
536657 285147
328066 584300
4760 738225
536898 275740
494626 269073
681336 210142
779963 544417
116560 875886
913158 219036
72870 728092
59636 624232
772513 578292
202538 179851
463213 173704
514669 549913
616739 97309
122049 587
641385 806548
191806 952661
427851 30525
141754 532860
468680 138953
411377 22033
868910 86882
48677 865344
927977 988854
291319 590267
507164 101889
389489 822365
636451 128281
72790 380309
401565 584850
122482 781589
81395 155289
473518 437502
683406 148718
258070 849282
993629 294977
328788 132041
941237 436714
357585 443641
81352 728267
771698 635279
877406 788467
452641 623639
982032 124061
339615 147350
783162 176660
480992 164859
666804 689875
875716 549343
884335 697157
793205 142781
155350 367985
314748 784282
151100 436173
828678 219206
875868 395794
558672 556253
957523 364762
10392 585615
98825 407810
248176 471005
729809 738761
516450 959329
201482 765933
748950 145433
166365 21355
359865 494735
233551 772662
921737 105032
345529 469403
996496 497787
904353 378104
764215 823602
148880 200741
507950 612985
224703 954992
950492 125412
419374 190537
130755 783229
606217 741495
170578 500210
49627 437533
109187 694942
431725 858263
85231 150648
717344 773097
461142 610872
730152 879337
233757 274679
112109 214065
717986 855367
183166 322128
692758 711971
509109 600902
402696 357895
874648 324199
253459 173057
378393 795296
119547 821872
262280 221724
62004 351888
848506 256825
75172 43565
301860 947621
990652 41558
721378 117280
515343 115869
783827 159364
350359 404045
901651 617171
826106 278585
95558 251090
871172 286095
835598 613938
59155 694824
810853 286474
113336 278557
236303 632403
417873 364780
863924 979638
966247 551629
287773 965264
357891 5942
494919 604212
541296 995792
504717 484354
165907 39786
157607 640225
492434 720206
231322 798235
561355 974815
185117 375010
777334 999502
772083 476345
560546 694453
895494 70334
453620 799218
720520 26015
563423 68038
517535 782442
48921 317426
837394 390317
477043 532874
795530 144950
886417 734593
272017 982941
912597 185649
107499 249395
926178 370711
568487 728958
336199 641106
787080 453580
916136 186748
215782 965568
38844 915536
808448 981858
517043 259914
704248 661262
451319 26969
767539 291683
857962 954009
828686 966168
584627 667794
132448 709664
669735 300058
987010 319611
449148 654564
28837 987059
309138 488194
722343 760702
246106 256883
845834 355911
481376 68411
4397 59675
710176 829016
892131 940135
987924 59983
853060 23201
818924 575197
402186 257967
888596 310046
76681 43117
265299 342228
280108 184852
922832 667583
164611 191971
899668 546880
982451 778389
908751 328632
47184 776983
151059 223235
78815 481540
925016 443092
301177 968819
889235 609424
570388 124080
540388 288830
496828 186000
331262 74201
764655 982656
852455 964275
640635 320992
574652 730429
113513 940130
127964 675611
244157 328539
843137 463900
334542 114194
888662 186037
722169 214610
453742 87679
824671 658363
888060 555800
659944 49251
444937 141349
704813 673722
543971 776491
9322 769095
763141 162380
365347 12980
248699 801289
61684 630160
519789 707959
354031 209784
586202 661686
847316 404687
942881 199486
255067 284744
55351 337521
808142 923564
283364 154261
419158 560955
949277 565293
378348 54044
412270 526011
50329 460369
173798 78794
507212 270388
415245 429347
817684 644746
5457 699939
229260 932190
469771 850425
887803 420020
261468 703773
927232 153536
124677 792684
475437 239872
863707 742213
238324 414975
698955 746398
542920 204708
154481 883059
426347 778934
747903 168900
877667 642245
427326 957435
3525 267361
827913 641097
368249 230511
45119 400340
364170 167488
136107 305585
442217 936828
326175 379329
791074 831532
843656 545092
105923 235821
862497 931240
853973 31161
494267 506049
955125 227009
700100 673537
335104 426128
142276 402855
650698 316653
535268 876116
447393 599993
813866 489282
484265 382355
216420 575115
22225 568149
237650 450473
426491 666864
784365 71719
724722 523549
138522 217902
252922 720346
622136 867510
740710 599911
885678 259200
626801 171937
458959 550973
15945 426839
885650 306194
250249 520477
258786 835080
929949 91565
346110 424258
935567 824919
799893 828650
773325 487240
785471 698333
141359 422944
131176 831219
323361 823339
607321 67966
248356 492116
712634 929846
432723 185462
454217 539732
605345 916093
805145 165604
31169 566018
900155 372652
556279 363715
674336 95624
9326 735617
230743 181833
836559 639216
171861 704947
150837 401580
972062 453507
559104 767749
356225 145041
421513 341312
981747 975239
555611 15116
627106 645178
917735 483109
30793 406078
269659 711770
358084 934285
436972 185302
5611 741950
118426 437793
220041 68085
969003 281518
797049 440629
650402 531628
380728 818857
701252 361261
124497 218607
659708 843855
158933 217122
941753 573196
144359 995393
891324 142587
87237 737979
919605 849405
662733 986069
885369 755887
475821 145511
701488 546495
460597 954568
816016 763606
836968 218178
80123 748376
747505 19988
723185 92700
67573 549037
25164 113751
914597 938782
547881 201880
825910 738502
773156 916197
371111 359130
302806 106651
193612 539534
770513 626378
241098 848139
764646 291270
126573 176834
714580 822893
841736 399998
783649 741704
47551 150106
459426 421759
831051 237969
508131 631730
239891 896631
712636 891974
103168 19781
353807 475853
94708 570827
545890 211295
55524 633687
656434 494736
883575 766829
977983 500308
565372 569878
363302 78358
316329 895778
674659 827857
963650 58142
808440 940717
33302 515941
776449 692761
443400 253728
76133 73096
264072 783814
794392 798172
130550 610569
254048 828131
682148 735468
503959 744179
19525 188633
664480 780011
388672 916608
298444 730856
1224 711469
938816 884212
133709 449172
993806 277789
30416 720387
617525 343512
202910 810893
134068 657442
668956 496793
721682 713160
159545 645669
264245 702704
530541 508536
863655 667500
180931 884892
723574 373814
513882 60018
717542 520355
933912 276218
149462 385420
374627 365808
230012 302844
47919 55278
202392 644624
779755 670006
848787 239967
527847 208607
440549 979017
264172 220406
454283 885968
629682 661617
601520 389038
135885 573170
51714 390679
223171 572912
970820 760339
410412 80181
529848 718698
284708 113331
162761 751359
656238 99486
20822 522376
674172 374929
194964 960975
238183 614336
242445 101590
368008 93385
638113 233820
779012 816271
583704 728372
770473 812985
662637 57049
68433 551181
381664 105551
21585 456151
453510 398356
393716 63157
78188 309992
902680 523962
906785 593145
93982 250542
48911 401468
160125 6022
910709 223619
634830 563341
753904 337197
25212 634281
780348 164484
433929 212457
516005 638435
528307 99894
845570 292285
595199 802621
282637 104013
563595 442348
526245 519556
553140 909497
819110 668217
291076 795825
799581 260861
56078 19621
517257 332488
825256 57789
554537 451213
454911 443529
396033 762826
291419 716950
826545 113905
947938 847671
389070 803351
179420 572634
711257 647009
834083 9484
487322 677336
747158 430469
285868 917604
977664 97827
12648 949777
66644 731962
150226 16365
744138 289420
712216 438429
602241 76349
526107 903197
997033 801319
386802 700731
289001 370794
909129 377729
164335 936246
254312 149325
464699 54418
384061 923160
619690 327173
729143 1765
787475 193575
45931 381427
320659 23336
977777 875533
271736 674713
603079 105057
383542 915036
256717 87684
577726 257861
64392 885959
341944 333187
37906 770002
623940 134761
57913 532743
304576 29851
99271 343077
432130 215589
561514 34018
790082 841396
656076 655865
92349 247401
789153 551732
16347 23130
493136 169662
332744 580343
698594 426688
861342 422275
833295 29382
262681 338996
362449 427317
977244 542267
801270 640150
565529 29091
476302 471618
215414 930966
263086 553821
739251 934199
617226 709355
54244 908510
588326 501870
50976 136459
777154 429021
954346 854976
995462 723089
638023 619362
548868 225999
83358 831127
424613 67840
983604 82346
491233 587468
81140 502820
433095 223102
39827 817972
368122 458698
193982 715958
812705 591201
431892 34814
493280 316655
58325 213203
946417 223026
143912 254940
376731 35737
547914 551035
900762 470891
764643 992579
631067 876392
145589 295813
48511 91791
697275 456507
126367 965426
484398 453337
434318 164105
217704 682595
455008 628028
903165 856365
820037 807656
682007 759476
764322 57046
605564 21703
156769 959373
389600 569923
186993 325519
27363 324517
130315 495512
993897 481847
443068 203719
972258 62121
720535 462010
533999 48352
355327 578819
994039 337631
803834 711724
8141 849810
195776 821053
577835 909957
5591 424282
757192 126834
604705 233568
323461 192138
317159 634096
680246 127791
105558 165304
240859 833431
441569 327008
664147 880321
675243 583871
787776 940414
16930 776125
381623 438599
633944 518931
224771 152240
75468 148822
894394 996081
874702 335479
620619 717662
700505 769929
709038 196058
54944 715262
908000 38170
489865 692246
729658 350146
557585 773793
729349 698510
163182 45847
302601 623266
84001 573300
280226 963398
540323 859746
8341 910291
515340 171254
324748 627703
536425 164724
142002 143751
409059 93762
493232 974467
704598 585017
38909 731853
386896 334884
111970 507294
552000 966297
460177 399355
444623 473802
442323 679627
858933 158819
126207 51156
347279 540241
76426 687028
410335 947203
248816 337510
397936 636018
630231 87633
130890 595948
814879 612545
600386 491273
891588 364045
315311 714495
521808 438185
928802 549115
153501 789571
841742 468059
876225 513400
802234 774370
523193 43107
35737 379233
672361 423486
257858 368346
946263 127971
706216 470184
636105 879474
281283 980490
961106 678968
477084 899452
527371 250548
255274 391787
905830 932782
276823 726367
499523 731315
31386 654110
198751 146530
596979 570845
465697 287467
677102 559647
621209 450198
606347 647580
616834 235460
457099 838476
314653 782780
562813 385462
259154 863622
307866 41730
11309 915469
843647 255164
258280 835702
822895 743081
393961 228688
536172 661891
250107 596966
3249 785543
936764 100530
70863 470830
852902 656251
517965 362691
120631 70157
611304 18749
295886 891013
393359 154142
15591 726599
92374 744794
183663 566572
405780 136896
207974 623906
852061 222943
771241 939514
284327 600706
566249 501934
419043 171806
635966 477735
113011 717063
957788 831817
652850 927625
946000 878813
785286 210832
904905 218632
797193 181865
399232 785113
913650 187486
199050 339386
767143 510737
633861 629876
322610 538899
374883 961580
774497 254406
584439 408784
557401 753937
690944 451057
471019 474303
3157 820690
374742 385039
550137 157692
414007 650796
561206 986162
249734 137037
377327 791447
712107 628539
81423 931788
822548 526960
786989 513545
653228 506310
672313 796437
448471 274849
226422 430282
768788 95912
770316 400642
534740 522780
870458 84994
359531 883184
240610 358795
15391 650467
530367 613163
101814 175806
199064 184516
725493 95065
441150 945613
331896 587961
840628 888656
3609 942502
34331 53906
726562 158660
315028 177241
949110 949908
93515 114491
510678 42977
192656 579237
414792 555107
863682 73099
558685 268720
649024 356927
706949 950003
872459 569604
859227 581225
576721 248766
9005 727047
849552 932175
734787 708472
163947 250496
346448 773058
595013 774274
908966 441294
791178 25762
552201 472766
909426 394579
564829 68217
756903 771374
425518 780329
945619 663678
308371 574469
658278 948480
823669 55919
465191 493346
768900 775201
551879 95671
719218 685014
36417 794914
178917 67402
19477 84855
967652 806108
876483 44238
490029 103615
445416 494518
387555 327108
323375 340351
872958 538730
190683 553715
689531 723564
656237 845159
995136 211583
317606 934499
36092 815455
158288 324845
410733 723843
505823 386400
780029 753757
770267 73104
351094 78920
396949 587235
660145 616254
997406 910332
128651 704076
237220 267539
777775 935396
894770 303439
532795 633675
404191 913010
6504 465183
351283 401256
809964 499404
499232 879948
149215 876151
848894 362408
189397 909491
682832 295661
468924 150648
300648 579662
246308 367164
443706 90583
275169 428462
132092 220053
240999 32277
262492 819129
504909 859965
724040 236760
591018 362652
624851 933102
896503 840965
851540 330463
733827 689758
909171 147459
428371 35799
667380 792663
404588 287195
192673 908691
934016 133629
466645 47201
350552 221313
134522 580325
685093 623285
602234 648462
495871 90738
535559 130486
476140 474254
197234 917681
836453 594417
258801 806760
726865 615691
777976 750807
395205 106827
536781 982575
89374 302043
722029 830444
232677 211310
859251 963545
109929 724158
917224 88794
707121 32246
839956 23968
647451 497400
676568 544705
820969 520194
719228 575539
860734 516382
23630 82566
333775 201095
164154 293909
757782 523154
816652 450769
677876 810964
644795 407185
77375 863094
604019 955936
586130 641931
786161 62983
295 697189
741028 848770
471833 167438
841934 798530
675807 608820
963236 133005
260267 141990
69370 815273
227826 341529
181594 236902
450103 484798
850922 94916
843789 396599
102911 805688
383271 996223
942677 371696
763896 596929
920382 307071
111116 572364
302031 408609
222944 456972
773093 134120
756372 327671
328647 600321
884219 259837
626510 342288
753210 800003
477172 320263
777036 903185
758321 525336
508104 41555
605537 609057
481456 278989
539045 503252
347270 59336
591679 158256
642389 531712
29843 492566
18017 699602
484320 258556
424534 966834
983508 560030
353483 785290
473951 924233
365751 866590
666664 193378
917191 177108
703947 330448
415901 257584
688807 105575
749056 507311
542988 525913
243728 808204
714323 945226
855742 68286
715954 256209
581202 754866
759420 597244
770330 403699
614526 350186
814854 175199
537869 925037
893131 680528
522699 164323
207283 545384
808714 829996
719388 660441
953412 54728
796703 430419
879086 310358
30392 962082
272009 987858
809019 199772
15070 512574
771754 578895
504321 372358
944743 129165
241847 131632
148221 829926
815592 467031
796121 528914
892367 403350
838468 841814
587531 195091
58712 122491
375656 588827
838460 383086
613871 614569
412569 359405
417391 605730
116726 36511
719365 884446
589942 419352
241693 472215
207835 204529
642229 484597
722303 101692
442634 843033
458430 97748
204128 593675
343686 14587
573245 184990
483153 472377
464777 315963
607415 564752
55463 643259
420064 114401
60338 337610
877532 132860
1851 346344
306803 835580
187830 335477
526669 731990
99182 920215
433421 247514
905032 82126
383250 367136
966917 597494
148210 709009
471397 222990
583115 274540
460238 504057
772235 705477
115237 806478
129599 972617
819141 705089
147910 514614
701353 775353
736031 980074
221991 365195
170714 671223
230270 335642
729195 445861
870479 976789
98893 912905
468333 471968
34 124134
783954 29419
674 106450
958123 577747
266410 118083
937775 906439
632612 617631
927762 167129
349302 452897
226762 135664
388503 934924
704822 55169
575800 81989
886678 153630
571871 922762
94593 556607
626821 474889
749431 365030
792253 600305
828904 12986
758689 104558
115965 944217
862554 987939
827010 242854
66528 180198
157266 485902
222969 450485
811771 766493
159164 712116
570613 997702
687524 253396
267073 767949
321164 760781
971289 443953
183709 856760
714185 957225
350050 266643
363308 391693
894791 166421
714680 670394
780133 56613
410341 461147
605568 669222
283706 844180
403505 195081
265827 455402
593197 231165
354742 481406
506241 50196
685738 327840
22141 862514
226411 735264
722087 2038
399434 53760
226222 631936
208747 301422
485269 260963
892256 881032
873523 10236
943358 670547
88226 2200
129354 242808
330463 389770
619958 24826
252237 311811
304219 495193
264378 680752
382536 187189
412105 156048
834965 979972
353671 862817
233385 545173
291274 829093
860814 855805
310592 257019
948646 571998
739011 835477
379092 640596
195730 813490
875372 691527
365571 94432
543586 448340
634184 125375
166190 926065
389559 738401
604601 405901
365163 411295
746853 686811
467059 794219
163599 784011
69461 949029
770878 175027
539597 70205
393554 229671
603513 168031
913798 816110
156113 497447
475958 471857
821803 187849
10242 929689
354845 274
444103 994521
202849 715252
568102 67646
923301 58021
304360 592098
942652 691088
148837 19497
667300 647268
102988 530969
5801 833074
54039 509270
819711 50657
903259 932255
644241 251924
473060 265501
264404 529753
629355 489307
660318 857126
355856 326509
976622 684479
386919 875434
6686 855771
714827 970379
866988 231816
740531 315390
648196 805440
983860 105079
311031 576447
494689 643778
847176 306988
497673 688906
135406 576140
417351 38270
783312 474959
558999 980394
183765 444026
65361 694043
613256 397178
930145 867778
122179 169661
970380 32732
696830 994123
713827 227470
400257 498477
642332 720168
641631 297322
374498 778577
126854 534800
564417 490956
439942 966065
172037 232154
512455 935521
63598 11358
254712 836277
391687 210499
375835 274500
607118 378736
882283 570829
341303 751022
252302 243318
787951 731893
747758 188246
732354 838576
161745 710147
11228 107165
660755 588984
242031 568580
513548 31032
193296 737703
507002 203387
542198 409445
624089 842337
651635 400629
243262 932524
136904 292775
512347 45762
690263 388059
430524 579602
210274 674452
656893 438973
55106 582848
780699 591929
855283 718615
745399 474415
376888 572202
196865 968884
407215 488027
74074 505712
513856 589407
871918 914783
847282 648345
363128 773521
387710 632967
963112 716439
721391 206097
442312 702062
841376 753543
742806 372502
230691 42470
416650 346911
204308 548440
507303 391513
578917 818802
825894 67282
621374 634820
457500 264431
540660 498938
486521 53384
882069 721479
310993 268748
676776 202302
756772 702636
131144 737489
37857 331339
4622 788559
890321 89407
438298 336141
18670 674291
149950 20567
978274 578167
345182 164987
444940 896610
947116 105572
803652 323738
780683 734930
565017 95823
298953 188931
31739 527113
886344 468949
592980 967472
723228 316493
373928 301331
395394 760007
980673 471827
379816 56596
552555 383356
293535 599484
761262 14501
702465 863774
795909 741890
585096 936785
925798 786653
332714 888663
986723 324638
585376 14137
381065 506132
659914 948871
632478 32546
438503 783090
128774 24636
96297 1332
998377 483309
317274 971177
200789 26439
639136 646499
165925 138324
59208 230548
742218 115172
789939 460360
698839 945011
745358 841765
948345 760274
87182 812870
805928 187717
606976 360003
745207 173090
584920 890631
182824 840711
518011 141549
912425 569445
834991 752351
213755 898621
757766 332536
488638 739915
78396 392661
553399 883321
730225 640396
387615 751369
683555 384853
488741 220165
580139 242595
817653 254282
696665 741399
820997 769476
870416 763185
238130 937666
912044 48255
277322 786402
696002 643675
312942 444468
288445 198343
898805 54124
150664 960258
371477 150801
579168 113464
661890 415994
715681 964626
84036 453390
77067 504243
388860 916454
396083 866040
816994 773943
39828 89806
727234 731416
587918 497353
823702 369305
106332 340262
729882 217040
254407 853004
957283 813436
648221 208996
81050 470276
357294 76463
508090 680841
299276 436580
95290 879304
486155 535099
612774 414988
644309 155302
350641 930171
202587 35386
853892 455523
39271 820737
796639 644390
849133 124165
646376 494552
887156 443438
494338 219719
531111 978598
9838 295025
281830 404400
596650 761963
952465 977041
176640 860248
965639 393624
373423 749895
509131 818152
178484 747698
599544 645439
774500 615172
999399 287516
734447 874091
968037 172658
867461 686908
118058 123525
150947 2992
618667 24204
865308 991843
137783 908014
117389 108229
916313 501863
801283 538291
709416 238217
887722 34469
38863 273031
871539 965344
271125 104583
887266 458272
2504 753620
247935 816714
12822 916552
723240 591073
103540 645827
250837 905674
1074 729043
320575 563018
728372 748939
806630 627777
813883 955383
45455 56099
143932 425157
651423 357102
419497 5521
722127 417164
385392 111396
614554 430817
817678 381012
568328 669647
921018 553890
484259 541710
253132 727252
332364 706762
309450 217087
434755 380189
14411 649037
19991 66768
168867 494197
353526 60386
76340 523509
41377 326236
923966 748329
297266 426522
968186 585762
2368 465338
98987 117517
635896 863775
279828 696827
417210 281522
866757 600027
419445 933012
952768 826548
671760 754922
717180 439407
684902 160777
72077 987892
71226 510728
498803 28029
172956 96646
913606 160676
30971 353112
50989 284544
476993 561187
285481 59781
593192 145586
176799 180914
481385 832960
315933 587101
71163 278911
24335 165521
457420 430572
318272 24501
938034 226201
794709 747420
272490 828509
339169 760263
773786 979675
326229 531632
161998 926370
445255 265548
303425 50161
409007 209249
17759 422376
10172 153093
909846 159126
691774 703575
831408 527038
155112 549844
390142 974057
313289 878949
238781 110506
102312 747650
886200 70895
389252 858052
969332 620346
632605 966943
585402 398336
23848 890956
15116 991659
682245 996609
362104 386301
478331 652629
865408 658231
979171 990802
527318 369252
320017 115357
452496 510106
968847 680932
827905 354590
208909 991553
254487 729577
548640 51234
900619 662429
741428 835658
469476 474643
854280 842186
468241 691338
589674 815186
648932 851070
171768 671808
241701 445572
309117 665536
375207 711214
594761 435854
7192 865466
464834 23877
822256 613512
54418 545944
210596 268405
315137 962161
557276 835752
686934 473918
427929 907021
705122 676077
784541 998466
702938 41553
536910 973162
311194 264515
911622 545873
800516 735234
38250 270406
661818 635742
676080 183514
362126 970508
762845 124110
710583 714380
916214 367657
30918 903698
599203 546279
515561 107088
834657 281509
156870 120162
782346 400156
633129 237472
798880 334988
370279 55338
135184 11360
329518 314325
764492 800323
508219 712410
694721 643174
89138 740219
8379 733831
754685 865362
412502 239565
85237 630896
253686 652161
663328 114368
797628 52226
349762 423174
254082 286787
458395 467258
729728 370991
728505 604205
415507 718441
359778 914735
724538 34484
406662 190314
421122 363242
956727 88689
797114 676434
850594 469280
5848 92127
354541 728317
803238 519654
663007 626815
91994 49867
348653 852398
435050 972353
860212 737850
8711 883460
205850 566867
881808 144789
557853 232777
275561 38076
264509 938798
982520 88098
270701 967494
502580 700796
393537 351976
188208 465124
141129 376652
812839 815769
370051 54316
812578 754036
535993 487204
456575 624996
679652 169725
161546 863285
793083 419783
185033 640211
395675 637816
807748 630383
855500 250617
453679 263852
518515 648286
996580 270956
719035 102206
698024 644097
117350 536621
227290 9146
715941 115368
98722 669002
38864 793325
781317 701690
980848 328437
159332 926443
259980 561630
132549 59222
466268 560930
771042 723901
866135 207995
80995 783137
105561 246473
783861 813938
281306 128454
862029 840966
736308 139249
632386 130545
312055 412145
103433 18650
836048 565804
24291 71897
41927 842912
175858 988962
520473 86298
116957 122425
2443 490435
743179 211711
263907 971972
188327 619858
3049 939186
450145 792189
993950 744483
600876 727010
340407 794739
240852 867023
756556 205445
634795 668026
468278 733065
635821 336363
489684 911351
461501 503356
762043 664549
702028 651752
338707 136278
794604 58015
435880 926832
622440 350745
659599 18311
447078 948343
718651 540727
328444 97521
68067 417901
928317 57887
631410 285251
558611 543097
256744 983152
286066 561460
795756 78915
231248 482256
908817 968101
346567 570013
117712 239872
100892 355390
420357 278276
979576 384910
942871 337305
604762 984500
678406 486051
766140 270026
706982 403596
767437 140372
731511 389456
491951 697522
729974 662952
455566 993066
655734 202506
208749 402346
998900 47743
815869 138109
619166 208989
135001 66873
99868 504372
301227 253133
866566 68933
941863 671279
734359 663256
254000 126756
415442 89758
515227 125218
733186 864952
551735 112691
742808 176895
653170 779735
565546 587964
271749 228371
869861 800118
4036 557709
235353 812605
394665 283721
496270 612858
385745 349861
162056 101496
536322 66534
39939 502082
471739 747836
442030 358188
204676 187017
588202 601621
424851 444697
386140 524630
950269 285150
696065 175666
172828 529213
839720 74559
728234 476711
964251 325158
595120 249780
189759 144860
787752 949387
762938 585039
81496 223779
271527 426324
423390 747429
412065 204141
551625 106518
498970 143881
233251 648638
863313 50948
16343 501026
143095 871956
352246 164235
613471 426709
676739 875236
165329 879394
779528 716547
126678 736172
828855 997209
688087 585694
563515 37404
445504 803682
636532 23866
667187 795719
739850 531729
533448 195248
312934 904778
494387 917703
988969 790044
225006 809643
791664 123252
319124 589795
464647 596012
561220 853573
652416 792289
580628 792207
567280 90780
358189 960240
297218 752779
424372 883373
594186 238307
130210 852276
560260 31010
49158 755407
827894 106781
545088 827974
147573 793528
37890 424752
699358 854023
857238 388885
261985 675910
797821 706895
406744 922398
788279 206500
409390 637841
256250 439228
173887 609548
121898 125383
893722 161068
456941 613010
125883 875969
779589 526208
728835 76429
808338 777655
68004 165910
135568 723400
398967 627141
675116 75151
729984 433359
193490 796285
975338 58610
485131 513369
331181 631137
457714 263668
634485 967873
590181 531453
993008 777155
833581 684829
75284 479937
461 52551
668525 836456
585766 677354
824062 697167
644510 648834
966237 722765
926682 178490
473078 60406
695069 93330
806305 935223
402663 999365
694110 85459
667087 946186
815224 201130
261356 396520
324365 456726
617664 971304
92293 39939
588886 844311
310818 241769
267066 229648
796875 114269
280640 304322
733442 993845
740721 617247
319528 90876
936203 818715
202323 981318
943910 646024
165790 296551
895996 530552
113623 884726
188642 596581
127914 158352
372135 714317
775583 786031
928786 140368
784619 865365
455078 845457
203573 697103
528729 654126
580966 895316
789375 165950
151954 644168
132042 946397
505948 124993
195948 858911
803060 902640
891661 612313
219155 22998
716403 228903
526432 764212
665266 206401
628267 824481
874873 445727
265458 604205
249462 42970
851469 188459
748210 508099
13054 822232
4433 643875
820564 355418
747055 546653
509808 93497
895591 817624
424709 999062
236968 277800
204644 115230
747382 793377
847590 620938
376021 912514
478413 623296
867311 491636
895359 71478
693576 745181
477967 520665
393598 940960
250426 891283
428066 966248
478634 122097
842514 894111
351526 933795
501837 221419
522717 850755
173470 500008
219877 778004
459360 585217
298158 670577
562028 104481
252289 151850
359911 754077
406885 419582
594884 46232
678495 470926
471612 480658
14251 318751
828513 340208
196645 627230
143402 517155
139190 675320
831104 533719
760836 607865
904010 237778
280461 104701
733629 928006
544928 27296
902100 322658
632348 319830
726088 336655
995953 650889
426553 858971
382448 768336
294662 932226
415711 54054
875226 43039
849446 578668
755233 863809
143869 989918
147354 962722
99412 504625
279812 474178
860924 772451
83740 507307
99526 622017
112428 94243
17952 354661
629577 747588
885989 728430
505649 681619
120938 141574
678809 502346
35296 987676
100600 176953
294952 343712
903963 354361
454687 133522
261136 114708
19942 430635
696273 990877
541585 837731
955805 83450
849254 540054
233025 644487
121114 306410
127678 49732
43785 472346
643963 288901
31016 854622
699789 660145
224724 494817
875314 690677
68056 202560
68056 29741
856595 385030
599672 924369
465572 375975
964312 315193
541871 937439
155836 66097
565301 557182
58386 544331
777735 557277
81177 306257
836573 118444
494949 701879
629408 739748
743821 796532
402150 156554
682878 472610
859787 516685
641683 922891
738763 2980
429141 973941
119275 364223
626396 364582
249857 98241
922200 282358
526880 192543
889631 892712
629302 670579
410086 875302
127271 946978
884079 754701
258098 65201
388257 931904
23862 337198
466081 899039
218189 266845
589334 13576
234866 892170
344449 300843
622572 948409
711571 470863
694761 860165
105470 906018
264510 81789
926674 441551
586936 5113
787314 537757
568053 142661
396387 217362
750740 65378
445176 810976
401979 579516
82198 647453
198196 151659
234443 963306
645631 87683
545586 721376
562067 576074
268082 407855
134750 897884
309075 256734
807026 501635
459185 704899
711448 776890
497108 292812
348864 869348
210171 546802
557846 299709
150078 742513
150260 116534
577440 953974
134408 558725
124807 893077
556016 896832
445197 949558
999138 426253
896925 403685
858824 42250
273198 503163
901976 175376
242773 888633
151790 686220
646361 578461
271220 915606
447185 209240
500719 763226
120000 765984
6257 251016
12262 197639
497292 132484
739980 65821
134450 673704
482273 493919
200784 301195
679292 503330
122713 281059
167309 546015
94520 657034
603033 212409
846321 783941
952608 910001
562768 814800
177362 38581
614497 136644
133993 504974
971525 305337
335986 606092
832856 505504
801461 722128
749311 418070
188596 838026
713032 212860
743027 439788
43085 882038
231263 479070
35086 177469
639351 457043
841835 969058
727788 970300
526907 222231
546271 84375
263108 862028
815768 479982
735959 774027
253185 726591
710541 839735
756557 59928
363096 874853
880263 528508
891251 967810
707047 148013
166298 155072
931558 630011
922493 472565
301551 160009
683521 663272
242174 438631
35006 752468
715009 37352
812908 671448
410632 334751
680877 518130
596923 752590
520743 237271
431720 630721
817709 474696
775326 850768
968039 221049
226032 824809
60797 664515
889556 326458
382708 89659
966946 38467
425010 855499
369940 808516
743152 637064
169824 475073
527125 430188
130041 751124
166573 680090
119093 729862
10952 601266
773560 32358
267832 56574
223931 456
291270 824769
490814 886300
944495 174226
723737 427731
346947 127220
455877 282351
886909 289592
190944 349210
140180 477723
356324 321319
406307 541703
748289 875258
173358 120051
960440 204501
600403 140322
298380 880836
112330 501613
479739 216923
289721 162942
890245 566395
977427 634513
585207 250780
34273 295428
309828 101642
503285 23241
143661 161584
188961 352761
985152 65312
568253 800349
123113 53369
587526 804382
763567 806920
91970 211641
121225 554258
538616 219601
642776 873465
485788 967724
308110 161986
675665 54933
669836 327616
922015 960275
819917 976103
205125 756109
634169 294531
271219 365573
443084 593270
171775 458433
520646 71178
15265 836677
260394 478221
941290 39064
738921 5158
243156 194901
652964 162719
353974 52382
692426 524316
480560 516064
610741 131910
655600 418078
141887 856823
431451 589305
771452 747505
222667 816516
803140 711996
64156 663720
784132 870185
28051 708017
273619 560982
249365 812293
83205 796545
296991 835131
172337 17697
497576 204980
964592 609372
138068 405919
562590 846326
979256 496588
168573 217399
369291 178169
272007 648727
741352 856576
65430 849
541221 318143
69252 586266
98982 323842
302245 913756
875921 407896
482301 780348
83244 65893
145231 655098
341128 436084
272519 795066
147599 729091
410782 777881
807912 502347
982024 715853
402748 879336
21427 919181
201380 867842
282572 684323
182834 581128
316136 255603
147595 505576
302987 416187
773813 54684
791484 975520
166760 432681
407187 891694
869253 135983
153727 311050
515516 313051
543595 963099
885084 367488
377394 459634
351526 901380
815023 330696
823344 871630
829920 727979
103865 4823
58225 382813
189555 919416
635528 955612
609379 844790
758878 371955
945960 985683
383297 39904
470513 472637
22957 753974
716068 118521
560763 962268
99177 638003
916386 526501
643619 905448
2992 742507
448093 700887
721983 636120
895056 618266
329555 523893
186631 689258
512363 375802
394062 703328
828206 369904
420888 837518
542650 125911
160570 398054
305590 331
863925 323437
465038 334690
391153 572709
552597 343822
357939 258113
701256 693173
868934 274278
65231 51805
101956 641664
155642 471158
570997 847695
79845 1982
299348 797733
613260 87592
414496 865471
563773 241985
519928 698354
914962 663671
289029 996771
875965 462393
352277 901961
390022 588637
167954 919369
791465 675680
847524 988118
777415 793227
22128 485243
345771 733457
474990 279882
813548 606735
69326 403851
242869 894765
946022 982942
941837 85895
313328 129722
196326 276188
192721 78540
648793 174541
923241 718285
225883 344259
755256 530075
960900 539273
220641 104015
792705 923322
152045 612069
533557 33395
316145 334861
365484 227537
520289 747023
625510 454517
149758 315225
227049 673786
573425 472153
847022 600461
727539 128335
54415 564856
609470 474395
533229 167260
845582 356396
941919 673161
585971 801778
977986 190573
909978 204708
966321 642353
744381 881120
962033 820229
694464 980505
248097 941290
298500 578750
936402 859340
206578 866585
65992 453807
611598 997802
442202 649532
227921 4774
320068 930534
242422 648182
748264 19359
973698 7402
867422 692282
364130 656188
722895 544671
527949 686299
561430 861789
800185 955403
970049 273489
205214 270541
834172 285825
726325 69459
408105 231180
229787 57457
944111 864752
971040 411657
811821 328043
783544 356338
502697 732537
359755 282716
687296 199308
418830 807549
287681 269855
281536 619227
794608 667749
85415 416689
288411 934371
274971 801544
900145 9557
375091 445083
871918 913730
87125 463362
453749 572767
281113 358766
617023 691153
927981 115257
509436 235845
33926 467491
238374 423342
500478 223318
887396 123283
999365 227742
19515 823227
247241 21019
168451 578602
928077 831325
74595 903786
123331 905925
642221 993840
82337 855851
33045 638845
629579 583262
477822 810906
353095 130898
776053 941652
874885 583754
524800 643796
208409 585043
439845 857580
101449 45253
621204 598244
346487 834000
256092 363481
773309 856071
27675 168682
220671 373800
31596 129889
261069 72873
705540 412120
783174 412381
224167 526333
987994 151411
690284 940774
669638 488476
95749 514324
658750 859133
876071 659863
897925 331023
633031 775825
375326 19400
998285 197465
277967 783766
829415 715692
896444 110980
706905 279140
806847 964265
730225 565756
106720 17556
23330 776115
474 981257
206109 624454
518870 252780
305711 257864
90826 745062
360637 556634
505363 747023
195087 39625
946956 133679
337738 817174
396067 100210
747635 264032
543474 206541
652488 906583
597732 817554
876906 324898
264562 901255
63900 343140
151897 605912
30716 445275
75930 179264
768140 642694
737504 405494
719354 912291
608411 912816
103776 301092
761058 924976
7608 18423
803888 753871
550474 328358
758340 198707
575305 185666
56588 752313
711145 613152
258930 835919
644272 514279
785579 114138
253210 202615
934891 10180
548819 751407
939507 306131
986046 732417
936177 959214
499722 644677
274154 902382
220833 591693
141761 799336
681609 9209
752434 436588
175090 737375
511734 760389
470179 28128
966394 908674
393072 334409
98785 790141
112191 263833
903116 18595
123433 102167
215974 945237
539899 540134
208406 146684
11544 825941
264902 474999
328286 816939
716540 337195
333122 740419
878591 62749
573956 183466
967705 816219
115247 741799
300687 546398
401978 838408
501810 105058
710388 810904
180783 166522
655434 981206
169524 563863
124962 72128
8138 327508
383787 938348
694926 320881
613569 312193
920560 5155
248507 988760
125966 124239
803602 112848
294560 32837
485946 135518
95637 863384
897438 950098
590293 540546
924232 518611
963103 346251
12345 441280
171101 40426
658274 955327
171012 132565
172196 17175
85442 996825
722076 339641
555186 656884
553434 318025
909622 349109
26766 654782
839377 378045
536798 671903
331895 733413
642953 681825
58056 652009
271123 278224
370267 232845
732047 652355
679289 892878
869958 374349
767741 718692
938725 931841
148645 521517
421558 450842
419815 662544
481122 905949
571756 881913
452042 362361
116480 566022
88234 926302
327856 835854
393252 971296
88144 339291
377130 914470
92590 575059
8468 379737
651425 183381
342729 163075
240941 540526
277867 212975
559450 989078
367337 241774
700457 172325
504910 808695
24031 361305
355231 586267
536592 603873
387717 485899
937793 749186
268239 541588
318959 948039
883825 429391
67521 522267
886640 834078
566977 329562
208847 963424
653917 401076
767336 685485
675096 700363
943899 470373
600231 417486
351522 29276
746721 431339
316086 59498
555883 437676
824874 893870
571354 632797
287150 458150
398613 355501
549635 556751
493022 132877
116343 465382
17935 866284
388975 922621
106549 467866
111968 134059
940833 935969
300664 726160
500668 358367
270830 788800
481645 161594
596691 232577
452138 525737
472135 138327
851540 901748
960620 143227
10417 190862
366263 441536
595119 298773
699737 328179
358309 303763
70653 506149
274895 397223
52990 220867
921691 31023
812444 416893
190375 947012
686036 568192
936689 441259
139245 94489
451835 779680
150930 171012
854692 94821
561167 304932
183298 176983
265251 18016
182481 466130
116827 718128
472877 685892
967630 237507
103166 285831
516738 699383
631046 565458
630789 306629
380068 273853
981204 755756
360498 861777
66687 607469
212025 678109
790037 533749
367332 479789
246190 235997
803885 807002
818163 716452
450032 170674
514237 284691
689151 259960
822039 70000
59553 348524
351736 222384
541904 497481
384506 888374
264025 635674
178146 231736
614785 184733
716534 800148
822795 582367
632287 468836
309735 41464
346616 612273
516175 172837
523377 869699
99902 320331
892945 437047
798668 48735
80954 593769
407993 789966
198024 285859
314686 434694
513518 424734
198056 787568
145181 733772
713536 764689
383653 759394
455745 166426
134193 583978
577737 720928
671339 972184
483515 170593
141719 285616
127277 881823
263427 491494
450550 798351
559461 610465
594119 639349
940097 452026
946647 859192
367480 10422
115466 690877
285202 270556
858708 675956
934368 182064
801195 648433
824235 273444
265665 384092
215995 8378
56748 190377
525808 616254
917054 150371
33774 649156
517888 681212
643726 897603
883013 909088
424260 42433
279606 400141
806099 608360
563171 483640
750953 998631
318382 929425
605914 420958
709391 287692
316959 785093
811509 26466
267536 154706
616937 349229
464317 473728
954589 564788
493711 149150
424495 486459
706087 972621
397863 693987
936629 361318
970552 92327
302282 211341
957729 920171
683556 971898
986948 128530
24227 422070
578695 506112
665079 664255
706873 234514
485257 349056
187277 546950
253774 912794
198583 723995
621161 93392
531881 841947
835193 357573
9939 765109
506404 182933
105322 668570
37777 836829
537404 413533
747106 361737
916707 28964
697826 72377
426372 760503
873061 649428
748317 842487
583175 678779
422182 954568
542349 217009
110638 18555
343885 5586
641207 706637
132999 883557
395910 975607
688342 999448
156030 204669
727115 983647
643524 926338
339512 684225
718672 904668
462699 170571
858259 63551
57132 301205
332395 364727
779399 601896
831324 286562
493614 25444
267973 880043
306545 638002
502500 444671
971407 512120
616788 427929
440393 298037
205713 796130
610353 643456
486102 967516
62403 973956
989546 54268
92739 516826
361181 85254
569291 122019
416312 413963
667086 952362
327495 947480
682264 266280
459988 37971
235755 890085
798375 631205
100447 623739
171245 891624
601484 703752
368671 20185
187261 498121
196653 913627
574087 902991
302221 282272
601281 325127
499687 851937
628119 934910
85542 917641
733580 753002
863255 853520
605702 36097
274649 249652
758574 854276
753863 931277
810258 506172
734661 945886
98810 556730
373928 652012
223266 299876
429796 904386
991793 779294
811187 632390
630572 270139
105351 812546
470877 112666
476085 841932
326306 397868
539497 61105
697676 404440
594279 542030
599157 285455
565382 162803
179210 448425
958904 924813
666203 263202
941146 685156
814880 976841
662851 585971
249282 873921
613004 72565
610595 416652
30431 487645
33118 987056
227326 795429
505769 899242
64792 592749
957692 713780
512958 486469
83128 68410
93514 378518
909908 972694
824575 921757
861870 837811
935107 182435
422242 629216
207583 789359
278850 293355
510627 430512
69819 172190
795048 13499
922772 48291
176479 901440
259493 765686
776822 394560
793919 570750
978558 110272
593005 612956
298779 694072
691633 587457
796814 827836
117060 449413
698496 475693
780965 560396
584043 21108
91922 420155
92734 123308
889181 966151
258516 224589
671071 631630
401100 82044
383459 775799
119570 386191
181447 199666
325395 59757
252605 589490
377782 9823
482464 714745
429834 23405
138454 659667
891177 153137
57771 425422
721427 395966
464865 193228
27432 257606
710533 888040
910319 890447
267113 184235
581852 976602
855909 370459
816725 764958
609225 458811
488752 149158
988399 590925
737133 225683
683763 447700
142103 362943
41153 568822
476397 367662
175086 815203
550253 762530
670855 26567
224288 489884
385322 372150
265776 793540
680342 528614
471082 68508
498602 520756
456526 174305
621577 621298
789064 275402
142036 439419
492490 538709
236486 321658
251780 464520
372122 852236
74087 554592
604459 918184
758532 580
311270 353054
602245 62317
107051 380936
217425 897422
951387 407093
684256 567913
852465 450180
96103 37613
894020 433437
378092 651893
503308 650817
728871 497438
859424 555675
265608 805022
569737 213305
968459 323130
762172 817959
288656 510159
807302 90912
758115 19203
152489 847965
946228 417126
558733 267698
924449 352502
172854 220195
929621 686518
566855 464754
16725 104209
658978 302481
801619 185873
883257 328313
343522 590971
933979 844046
445897 366814
292795 799997
254803 975810
408561 181553
837487 720189
799877 431918
197258 623494
390842 498162
649498 571057
933433 488394
517077 786406
491392 433589
605988 102009
35742 554031
71105 661050
26710 996700
863740 542043
475358 506306
261628 308180
845650 915785
48363 684081
139841 592704
215905 982425
760839 919357
397247 145257
72343 508922
377640 72209
955573 498710
663600 943455
762942 236062
918157 354588
331181 858358
986769 516832
867129 477421
271079 514051
243 52764
799080 995727
112685 561551
983948 335537
755229 380847
553645 486656
273160 54097
89224 305007
607736 442873
178097 616815
342344 299040
820098 63664
701122 715281
507945 770962
117300 801036
40406 963517
257376 893037
752298 613253
153801 397312
318437 167779
79928 655985
342201 124507
754670 468283
473695 189148
459079 857643
42434 99566
874355 666972
517051 613964
225752 259486
848740 813673
404468 586556
774279 483374
334236 312451
465890 517072
809561 397467
883460 675231
6158 806323
640735 747800
893312 960175
661701 561255
429789 466531
328035 548031
749217 836029
246495 407557
749751 149674
215516 3633
650399 642598
256301 617251
340338 824802
77480 798789
120623 640135
346091 66394
353573 279950
843259 136530
816256 286612
695531 480946
714555 289065
968825 556437
343988 516332
285214 394633
709446 45924
875678 851161
577331 424649
456232 190904
554773 285574
862572 427453
827989 298861
3495 657604
520106 534263
760226 43477
784633 263324
407012 293139
449549 970371
845147 385988
35507 972553
467578 932479
153932 430250
87791 198519
75993 88163
137411 299084
669489 646116
201919 68407
49347 407342
482636 892217
752518 656966
648420 25748
397543 133086
832579 625198
983014 689012
506932 447255
438960 865272
395672 721704
618372 697140
33711 814588
909218 80368
305018 333777
274223 920028
453429 754773
419423 494294
466598 46742
66149 376130
114575 168605
476340 598294
770213 43777
496624 301398
488502 943658
917759 705488
340581 627438
296328 29799
474297 652332
897177 193573
365690 380015
536047 658224
995341 376478
211967 111499
397628 131125
212872 877299
109098 213039
551778 667146
727659 293248
703270 482596
948245 73586
148653 802493
102441 932414
812389 62234
3815 44243
82 682289
610953 722106
84654 971777
756363 230311
996783 171493
644208 692231
480439 559238
508187 933005
978116 768501
569239 137669
231165 915218
797205 880631
182648 581634
147400 849675
550686 966254
735497 124554
185698 609766
189566 839762
229642 395288
537881 377832
229534 476877
795736 34065
36760 854319
451439 843309
85408 775797
471358 584331
928789 436822
109883 246259
562347 240192
362119 227286
986837 728851
40666 104143
837483 263793
414462 654045
298326 112154
111829 400376
328001 208820
642946 437714
312395 979496
749389 91674
357305 309773
62135 537653
30676 414406
255906 471203
88389 963484
627554 956665
160179 203279
131917 634686
258601 557896
206940 307566
695099 969449
385826 20539
730285 982544
558761 797613
720919 958692
209514 308443
473072 312094
626008 887135
563852 875662
902638 412852
196928 21189
124866 231192
791676 192225
580333 234224
446993 898373
413156 387715
163258 963266
321705 843837
103260 836201
168132 334810
346072 117967
651722 442833
162742 287313
91430 918007
762532 185754
60277 522346
48813 807932
905453 501021
410069 529152
69219 571809
322568 967532
148421 799721
414715 24971
570477 697709
977183 604027
163338 965637
619093 421784
637644 923915
5660 670135
989587 512705
662450 132337
612476 710012
200377 999622
386956 419151
20525 856382
498888 117426
267991 226252
87000 733148
733548 877182
852848 373080
118672 883638
3268 624791
985158 373209
606994 238073
180850 932591
203817 98866
366457 397013
751797 844899
412530 444200
653799 356924
867552 441834
78318 236722
359418 633826
226733 272473
624501 401409
404205 200899
342986 649676
281617 542163
860846 963677
895301 701473
421182 382578
258818 254947
653736 125977
496349 51369
34048 307325
794320 845320
600244 822650
124967 732757
191038 619880
696919 715927
857019 595077
900954 622936
318660 921204
709058 582397
219758 766781
139459 342591
378549 825991
929124 12526
288224 672869
816676 343669
359141 315707
185950 530539
509987 209675
896876 822881
478208 898170
515357 195963
305151 569509
379384 485650
320961 138851
873224 138146
927869 664354
374314 691547
475002 801843
139172 362049
458826 848610
5443 85582
385579 342106
298379 924929
691584 771056
262225 557134
914584 651628
564298 844841
713735 608206
194742 139551
163009 563442
83686 625214
945427 427015
171627 413196
574467 977056
30152 238608
576837 827986
922066 925949
629376 623025
764178 677665
165941 272382
619097 133970
371028 386516
832296 837453
19503 189046
233626 655552
414720 47901
636029 254184
766561 121607
174956 532944
151598 504950
599635 907837
665365 747891
967634 38153
409596 957583
177439 685198
263111 469014
299336 596444
506373 671230
425754 811379
310889 970072
443008 696838
912376 298585
395144 990914
958332 26752
148721 364643
716961 449547
943880 861780
729147 928106
411725 659380
736542 641764
861815 322042
166270 484108
614945 962933
558867 79178
816362 950462
649199 921721
298473 73516
542940 934778
661996 693522
823950 875963
582803 91305
641148 540706
857175 430995
657593 167718
215817 765204
878753 872021
322319 501524
816624 352512
997073 203813
466239 137874
149672 776306
543806 653152
598031 224348
841170 348704
764900 609831
411501 833352
514848 553161
531484 904707
941301 662052
236628 183637
545732 562220
494276 8873
716394 939198
990009 125981
54441 237223
783035 837995
197818 797348
127326 13178
932788 597694
182477 295570
67687 196840
640077 109298
98002 124821
626489 826095
198129 752704
506388 272193
855874 878322
821820 913365
635898 588427
156066 280965
910231 914915
651412 438919
459907 679610
541733 556552
438477 978685
610978 280221
389902 450854
673641 274415
125079 669687
21723 565558
525117 500976
630143 646555
508228 626903
611083 47650
728975 498968
270412 234495
772303 175600
148145 553971
218238 104365
506784 875314
496800 813204
461497 585310
592166 399379
149087 397942
628435 470327
83730 901947
991004 630670
738503 589767
800797 577352
701140 21006
132319 890901
679052 60529
48066 858882
352848 456999
668732 82868
531761 408132
864910 923477
303545 252490
23848 45919
120630 31959
266792 918658
867279 771680
701395 489337
784873 290806
259002 879105
522356 86687
789305 293875
31472 556456
255631 325518
893364 135891
562763 8570
825393 918045
72066 11620
25533 614497
714591 385182
486770 200612
282419 365447
103375 686408
468271 780497
539361 827993
591580 492942
822355 66443
366316 24555
346250 786747
808662 798966
871473 423111
268123 293621
272705 622976
629418 266748
264252 692902
508304 585975
528620 624250
271134 831081
416204 383334
833876 853253
315103 428620
327609 346160
287653 563484
44771 399193
556342 458929
45867 64384
779599 992208
84482 627083
595937 769512
490283 459338
927316 618876
549160 387860
985532 329209
528654 133283
909982 895236
16843 836554
680620 608775
639159 7074
185420 348877
962026 99815
226814 97322
49577 427833
732171 667989
710142 661037
734840 829820
658123 679846
240791 15672
217601 686081
873196 511747
447852 810584
738528 585101
857550 132373
500846 744745
198916 725072
131293 918664
144493 186441
388592 106752
951725 952029
1274 735497
295098 107607
495097 534474
922759 462419
427028 96052
111112 858385
311119 289110
896108 7198
987099 501878
718471 377414
947254 732897
399656 209772
432265 515760
736605 761787
275992 365159
668608 744477
151785 332223
87464 164748
15479 346093
691464 786515
546126 321364
709748 645516
521412 886607
183445 790231
193959 209678
452823 519256
114053 789440
991245 86216
891705 98043
504000 675887
21450 976650
662101 503599
681908 746840
351337 733962
905846 183012
136742 993779
921910 564260
147585 574877
656263 895316
986318 690083
31804 180582
10045 636310
918838 332785
178326 89531
187829 338758
409166 451742
962714 703047
153054 983188
462441 716023
805757 910311
680585 902533
834550 525408
578162 367681
177274 923363
376779 660803
113862 158
958661 834682
145127 220110
439793 493302
124109 993201
219151 911845
681921 534015
41762 82680
600594 223494
639016 285332
968846 43267
726490 454084
59027 238311
113647 504477
920119 645315
912306 797056
308175 448186
969617 31036
385620 413915
739256 37428
841779 208634
245220 689604
20208 745277
390417 19213
195875 515826
178288 114188
308388 353757
828614 367475
35617 80093
61880 922914
365098 524488
694033 633054
270879 414591
754507 202668
910265 472429
578479 444756
932696 203246
442423 577430
417868 505462
721416 3049
7728 582994
445394 506159
722587 627785
667865 951911
126253 167095
184075 429174
859856 839643
522559 707166
919289 767005
381798 999836
586075 136743
174116 407864
387316 871328
595257 786967
781144 281860
971026 605203
404062 846860
792632 880166
640292 953134
632469 721577
409382 243534
359302 571020
911106 461774
588163 418072
591557 403858
778859 363913
720188 210751
574464 626696
80958 492929
63006 137544
728507 965361
539909 650548
865100 94786
158365 315628
42240 662459
385495 692920
631710 686296
819554 723961
481603 821460
761995 252660
870980 873490
45941 168109
246065 511299
400964 659731
786772 404836
308109 819615
471432 40637
298532 944849
7590 89535
309449 219119
566012 434729
872222 234988
120674 427874
371862 343674
359469 327882
252454 1163
681458 579669
797778 370085
679245 334253
402650 371895
694494 351379
827853 282598
296044 743593
824722 543258
242390 993318
633306 278514
129792 775732
19456 287796
811187 598998
31546 541907
615513 81874
652864 428667
935781 295850
881898 889494
99826 754262
556902 206232
808211 513705
835842 587908
87797 16361
633508 84084
732860 511709
431595 184624
560686 625427
654138 842581
936004 834675
411253 853531
75066 28640
551513 785403
321835 837249
244933 960145
736962 325973
952800 703154
160292 153081
183391 914704
945513 133235
779795 13119
693723 785599
149656 193436
893025 991353
922476 972196
715101 155513
897295 398358
207923 281477
146805 799376
849576 822096
89675 386595
74176 572453
138188 851924
77107 808692
849110 619086
529082 678426
592724 733783
849818 816686
190545 144908
586503 681214
936011 478693
60411 272284
150073 647734
612969 18800
124710 271562
644321 647629
376413 780443
740641 519436
9273 434601
388021 228169
109250 758710
739762 501090
831718 497060
378221 71055
94772 945554
685988 16773
169462 166827
121884 514309
611663 243609
486955 828772
948235 873365
374071 525404
487958 856841
826198 369600
455319 513645
453263 253495
80720 230209
867212 878363
665045 73118
990376 69037
903762 650202
358932 28396
655477 426558
834263 670294
850468 780413
179046 272019
836554 659351
511969 215035
80481 208500
713516 717349
269815 464092
73487 845096
704877 824999
589644 795162
881981 462600
77518 66855
439589 917113
953239 233734
807135 781440
219935 623047
899169 77
787687 883953
296811 813326
192836 99425
226108 387683
283591 115937
407570 408302
628637 25704
890804 970356
396517 58476
144897 240393
698567 693574
907599 185913
764054 326482
565711 758731
741215 323689
799452 351328
327739 882703
922264 2082
920985 484448
927594 693259
108236 779061
900057 563800
545530 503995
558432 242642
338391 405289
345209 587076
582459 300172
902738 71658
452975 455946
521612 657714
948519 218254
268916 848484
756578 208047
137248 741727
704019 354947
895625 678966
180635 729235
71440 310796
16564 774034
142696 78408
672112 356590
383039 225240
406480 793521
163301 416910
589360 727252
546408 105199
894684 249946
275058 704055
77036 667754
220262 527113
326623 351274
12379 929469
619420 102218
318002 452141
427301 293922
157804 452062
704351 24545
457801 43594
689042 843027
412250 18334
813013 319300
896469 558272
999404 636495
418396 386946
425449 525463
228689 206569
77542 67715
203154 873880
528805 380785
640860 942514
53918 101802
515615 622042
599187 813857
255954 71353
923533 780781
236915 51529
749451 449950
158778 486732
729055 814414
990560 388288
212742 738639
561714 495767
51899 960024
64048 429664
554046 919687
443448 938245
956766 31187
736033 993679
819849 136630
912418 977371
7241 409480
469198 609496
777449 590594
827379 935786
327388 998081
664556 954230
468161 131004
804209 35697
175900 150620
136645 397562
32076 984683
859900 734789
967509 450167
420741 210944
82064 367472
994843 113637
330952 687729
94357 67118
613244 840247
963934 428191
254818 658910
237648 740239
660107 364753
887355 541647
430294 309130
595997 655246
112329 328385
279456 243184
911696 678064
655325 408741
665987 659387
492335 144022
804256 591490
795024 659502
502503 708656
610217 412924
518278 54856
701230 769671
739191 142194
720905 797000
593123 717012
57898 317799
847571 721379
554771 706516
44409 457011
947999 650764
594394 111214
315542 771060
645325 411680
194470 153686
567747 494485
948603 134588
30990 858158
683295 206765
206667 488615
653577 391396
704337 640889
339687 829186
319662 782017
810759 166186
581060 910700
341621 349349
456771 779010
599222 466472
877299 479644
800410 503853
638804 722380
271600 744068
725979 980245
231734 631245
286598 807839
310750 927606
188743 239607
595561 234701
252039 946359
17781 773127
989648 292521
597445 904049
108458 372723
885954 32557
650623 625455
671304 935699
358406 432765
130266 611801
169352 779302
16688 395740
829713 81451
563151 261082
569600 837625
219065 125858
168880 156712
568066 896283
50817 526428
205628 891365
296615 709137
484982 526119
741777 811568
399850 282866
50308 465863
283304 224842
605342 130448
890393 101675
460168 694471
41901 378659
165009 843322
660938 836624
969717 936742
376621 342876
580682 372938
857245 325403
122049 961560
541708 589949
589575 169347
733942 288182
996645 214181
178772 9850
21982 8044
88552 95995
330647 771398
248036 404440
317822 337495
928741 711412
97240 215580
144959 61796
845850 447020
715394 661637
326388 394428
453474 704484
641052 761382
794978 277458
691814 810689
109132 39306
206383 548089
690318 971384
574862 495977
497246 163654
321099 120012
400094 318863
860843 58251
595659 253252
639612 328352
896637 219794
62803 470998
352406 154245
16135 933712
105918 497173
82598 782817
647797 34992
231996 214758
141149 590688
557590 684321
786021 33955
291460 489580
689167 919967
435195 586282
200478 671935
574727 268093
167773 550661
713746 704006
545917 57155
834558 514837
783778 674542
817919 538054
291136 179081
269741 798968
642030 782536
129538 843999
727679 384754
648659 790821
827859 806260
758653 709626
815748 124061
512195 88711
349063 165169
605574 644709
37559 905723
737499 214054
953905 1900
992640 466198
683261 820261
462966 584025
302634 185532
978293 382267
308968 765950
354380 568260
139250 151566
815941 198705
192725 384768
80956 751234
47057 321909
729219 500354
356283 945042
241586 152084
106952 868711
946123 311636
802340 481956
402244 840077
143338 466896
660676 629732
793910 689325
55188 852780
500164 54536
274167 523814
41529 632708
295044 699579
377446 489529
170542 820744
105212 694412
673760 240529
558689 988355
68375 717711
721776 144984
922905 351791
128699 726251
22218 785219
472950 456985
242526 267376
787139 748284
617364 383848
237622 340883
155056 955344
388397 268813
828923 550003
941406 789833
789178 703633
625348 799270
674917 970700
882819 244878
512636 528687
380872 774619
982527 130116
66195 496700
215554 248489
744005 708740
975410 850664
429673 355621
783696 48436
937822 976684
88539 986353
300740 739241
198545 488932
956749 764724
130458 721339
229286 896419
562548 827960
835248 282737
755885 439425
234844 420979
549290 698356
568191 159169
925205 641069
778501 182832
449431 179837
969012 663715
919647 624675
21940 733251
149141 452345
224518 391902
303038 366554
97185 250601
972390 227084
338998 359757
101407 376572
453217 484964
207197 49797
174083 391345
238321 185328
46882 133115
422795 127938
946582 595166
507867 508962
929235 898200
87566 811346
112558 486034
163879 3359
499748 489940
196894 356117
46756 538197
41005 567819
180491 199069
596457 351206
454396 135896
249914 907156
732688 771260
564686 661618
136744 477415
131019 475076
401368 178939
371067 887469
931507 217523
934736 563384
82734 51615
948646 184690
593895 839818
529822 621570
466037 492506
30202 60298
31193 568842
515515 290993
516524 534272
322242 582056
166605 4495
820433 778452
614002 92333
847442 76281
442274 469768
464015 941073
309014 960898
362263 625025
662959 566555
154515 739137
700960 872149
779781 361269
415751 332542
584141 140546
23811 362498
368046 757718
238004 812035
886235 324293
858455 767580
382352 777556
726940 720417
252808 911585
41649 571957
39762 576339
269170 399387
643858 90244
341589 256870
537831 620719
195818 934313
262569 983947
849848 823867
143 98664
225295 402564
675811 689034
798512 684408
782306 346930
949234 873084
99307 52527
767238 831994
851379 232667
456231 57408
545980 672341
548067 4831
226926 72921
643600 403262
90162 932108
107445 751257
875349 880783
177219 453932
772512 635578
645089 959475
98713 77529
485004 235784
7646 986062
258651 811570
