7000
536913 203980
749681 53001
462345 952970
787999 708474
635249 190125
656051 894175
101339 975355
159518 182630
653762 256783
740379 108353
721850 326092
78040 824652
963643 390824
219405 342813
137390 229550
993747 9973
406775 590857
746974 591077
288975 797833
623795 438185
695789 226680
5706 496779
111587 958273
105511 726740
952165 866876
364258 485008
693135 882381
456510 580614
700078 558245
85153 619846
463104 964650
242885 505242
926443 994344
832137 549549
80429 26367
538890 299823
81545 6461
400943 689478
429501 748143
785883 785622
903662 779920
921194 415063
6083 650354
952574 85013
969415 97257
380148 105412
59495 284511
440783 36349
138378 266953
842545 822577
968165 397624
949815 649708
620660 368010
620318 45228
378206 667928
752450 63954
111564 733508
68130 8016
575565 497839
46938 422695
328091 713948
463329 110187
509241 554998
907651 83446
498550 992906
712529 531548
232625 440238
227255 775261
181498 457353
177498 341533
242951 831937
580653 210380
348488 790210
351551 511936
2878 791385
306423 731284
612086 532683
445092 318991
616226 52012
146128 305990
613821 690703
242163 459957
46606 963698
999950 838352
745617 215914
137373 374454
374027 51823
992463 615632
396976 655264
790123 544379
315364 145531
771764 702404
343614 721098
4829 394209
292103 308787
264272 17283
114305 109060
78849 95555
519462 764691
218313 199256
336267 996606
413304 883722
783572 842545
740040 755978
612144 836197
618696 893349
420697 331491
921043 763052
360309 790115
576971 649302
601286 777528
246545 58749
314422 576368
292261 274051
219971 644488
919931 736178
755372 25437
472191 623005
322525 622348
374474 302202
951325 99234
882307 872841
758013 442758
286893 589545
355990 587060
950803 193892
808267 399975
595073 799228
76662 353904
565197 3958
247557 771826
706642 78209
116342 882426
812970 680988
798831 625541
121046 925184
871462 447285
648792 315592
53681 588447
554544 771245
235778 586993
547832 814527
870688 32986
977532 993926
186340 606926
10310 684699
584022 886667
107638 673131
301989 752040
193838 444563
51622 450355
73581 19880
966735 77251
652340 726257
362677 799334
142730 254017
28370 393624
577584 681661
16149 747677
503589 506563
499045 879674
28165 298490
67927 943207
916216 565796
907106 446948
103703 560529
452328 309079
137426 135643
796155 245740
212196 979343
934144 18341
247778 972722
366491 415573
250682 643935
947903 683891
32770 988319
794925 511012
357555 943628
678443 483134
513704 1192
245816 654782
305167 279152
843126 974706
872102 75569
207582 929016
810555 136392
847788 929642
45075 539063
933583 624180
499820 576909
491739 19746
269918 201643
526342 855525
657678 619322
102162 457495
586099 146757
603786 89897
713583 75618
590255 888531
132299 553445
424967 756715
406696 202823
357558 913990
874613 205292
653093 69349
13819 154607
816380 492389
150619 789145
398776 391776
194530 228699
578932 435593
597435 159759
72896 377019
302409 525070
783050 381107
993069 522397
10768 375360
163570 490847
782171 132206
150956 210409
740810 311589
995355 464091
972937 827507
358398 849704
573307 677907
256749 250348
416032 950604
812634 548350
957870 800330
272345 322114
699289 40136
470852 224354
2378 825728
859425 349304
379854 345397
488213 929493
735731 827851
779513 836574
562490 36223
183473 665337
791517 36254
978232 204862
447146 41246
100344 263304
277159 203287
245992 188687
545947 59736
814691 951628
339241 330326
417162 593007
110897 545885
517619 6715
768229 521949
111191 764875
560206 202309
366058 49729
668391 151191
392700 380995
642900 198310
273070 839427
535695 135738
805616 490441
198187 351496
454017 655159
322107 594121
692305 619558
553041 246156
801376 78999
860894 312772
388763 639482
647194 110065
329885 817072
38213 140687
582835 492287
461929 560743
158262 538996
859903 305746
476635 975400
111928 395135
630397 692894
160755 731576
510830 841001
825421 628792
78870 197597
837682 726148
103008 680116
193042 29079
883863 679701
405032 723679
745344 972846
91379 152434
882638 910380
513239 475865
852894 502931
543638 869676
627591 572522
975261 499000
900207 291646
418039 745899
250262 350044
559105 124336
858547 353666
119006 806968
63414 402879
169394 565889
24283 947684
241625 312850
699496 27039
779549 410134
90018 463835
598399 418674
172656 465318
61263 302342
283790 78669
847592 693786
552572 954908
286286 983409
372797 95737
324668 814702
753924 503932
94703 582828
709465 331018
471484 813205
155930 218613
572985 835564
618732 283248
841731 465305
792287 509515
318092 75972
597283 941358
312015 148176
655258 156646
722080 314411
138340 985923
233665 575459
341479 270718
774380 720306
997863 461038
332590 65638
193837 25769
305906 799121
339999 382673
55624 958261
53553 913287
431253 777703
507324 801434
347073 784015
184118 857507
772535 717992
953791 787786
503045 678083
454931 659031
540184 942950
170381 672181
699955 452463
386804 495125
601412 130866
937674 882483
571178 509043
670087 505728
988000 510744
142056 585199
118698 762996
497009 506680
785751 856098
494558 315602
125293 247033
890499 300324
753152 276185
521126 595859
10353 894913
863040 611749
34913 453329
295325 791033
998006 596202
782672 172578
130354 144721
525634 599804
274981 115883
854489 957956
944021 868855
714784 214859
403859 621733
868643 505103
98422 299634
461286 800439
652457 608975
896958 719464
189620 46703
851707 831942
193712 171188
897565 564355
785734 906801
165366 44177
783852 949411
579914 930145
740906 869307
482755 913137
569459 218945
580554 388977
998501 494631
271703 667213
439114 211133
816038 656223
593237 489819
804600 530595
111546 84481
505936 854919
861541 571911
195000 887536
736409 414574
869235 797939
473829 383483
484143 320172
795163 694913
508184 32485
119087 231698
226020 765317
729977 612969
660135 716276
246298 640930
324470 277346
827604 651258
967881 98875
211605 512489
114507 45037
597097 115618
410380 979435
259731 935108
996761 732058
233131 906385
560698 913285
668964 438968
433922 668653
270015 466569
231594 268648
474002 17741
673783 716458
615880 945890
15619 627631
839323 52701
524272 357462
672354 210146
30120 366442
953056 611105
633628 969213
429571 64993
372246 172632
158249 660606
467544 831879
987278 677478
752243 30424
274827 822776
348982 214995
598521 623531
927006 500006
334293 569194
399217 482578
225809 519412
146814 369673
330226 669719
286504 991643
893939 470490
86039 447253
333970 252665
369709 588383
738027 96078
166403 133736
405223 876267
552187 355111
107380 23033
968301 753391
232771 517287
888881 96846
389822 674843
11732 299248
624861 411888
873886 118004
817352 144263
380968 138616
694202 501899
405297 52003
366186 650449
455635 672327
256639 199007
991231 64246
678161 908256
23320 476100
243812 746594
251963 98069
771109 285244
734393 405687
963620 980080
86714 429723
28496 506426
510990 423467
638777 97297
726321 221183
97486 464204
633671 623757
73912 42888
238267 355005
213190 243106
977204 882555
908183 232252
203291 923695
931214 728418
992589 397932
10907 90624
212193 967876
262314 879032
997821 816671
344304 145956
483447 745932
263301 515282
127781 220175
235863 230609
890752 203276
808800 602955
391809 894633
177667 88073
979760 211711
863393 159918
829593 785746
599496 837070
468418 717701
306439 319770
963190 885257
915991 584742
537564 946625
932795 481013
201187 609419
206814 605910
466180 724866
278017 402299
511761 471430
553652 832019
892507 533408
846673 500883
705614 599622
725086 57344
402915 412455
978143 497345
503104 103723
11232 98017
946141 113034
354174 961357
17055 726094
901448 231301
149204 267859
570059 271783
608274 572710
131476 941450
220403 34724
134742 390248
159352 41746
32583 591675
570343 355181
859907 798120
618804 18597
484378 218160
428239 478705
967669 551749
272997 734651
237105 437431
966619 207205
260086 990947
494266 118801
358615 426154
448042 658053
237371 985269
446006 434852
279850 661567
772737 921308
766941 188980
569719 892164
490320 394849
677070 35608
322306 917851
748146 372160
330888 252214
816223 127131
776707 677245
506896 644454
254100 206405
787492 754356
801999 895735
372581 443806
12627 270158
310725 768304
437368 663016
11723 844577
455513 931907
689983 842437
819312 256503
431040 30796
215000 294035
447566 730748
54831 529234
754277 784766
626541 66893
724557 989266
721783 781202
748241 399079
281023 609243
79668 987271
162803 264266
952786 207222
47900 184885
836003 741224
558557 387079
857716 177328
313091 214046
897951 864682
705927 850689
512926 553672
284934 791465
161823 274787
225138 847698
242154 729092
206051 252863
240123 363062
546184 577133
318819 695014
548870 394445
69376 862426
174244 834843
447560 821164
862961 497893
475661 784579
280601 452699
555561 132158
465016 568950
765193 357713
296094 328449
73651 108732
475514 926055
191939 389941
953467 173328
414200 251139
172574 200441
452408 162387
420225 527466
429832 833396
533560 327341
980835 1587
115782 139082
397219 59840
24737 847539
550229 242339
925109 793615
195293 75398
714425 924882
641719 248994
642806 866178
719144 588820
320357 773822
293330 767253
321999 383767
656938 980782
338451 757871
688167 89100
103368 629741
638734 371311
954538 234371
141102 3257
429907 328223
89556 434581
978748 173070
443259 579882
210671 501654
640698 824232
457475 285642
433559 621817
326787 511695
271536 723869
675528 946230
128070 443709
563183 240030
65566 784226
412390 4741
557852 422892
266178 142305
31199 209223
365814 802268
617167 932930
323063 282840
710010 900262
308737 422298
255297 223770
184451 9523
146771 212147
112331 662050
701026 501925
84443 719911
564050 122159
134537 95830
669300 564577
149050 117622
695728 802903
177021 77257
959810 648440
55521 550903
262321 179943
273694 957285
437812 911378
151295 931636
954611 73420
937318 732907
657409 425351
751088 642532
827768 865253
453917 16082
952835 634227
614757 177852
124036 292537
545232 501599
629227 374037
225309 349513
780360 622772
880231 700694
461772 967371
976552 989035
411103 807516
71748 864226
830468 855106
563466 578926
396719 205152
995409 329094
799634 360759
527817 432579
296918 753716
427212 832573
141608 853142
484580 979134
66769 742586
519957 148008
478852 356631
887363 819900
176456 379166
248829 536761
571465 218858
786895 65096
408661 821659
363407 315244
677396 92170
192247 615125
929352 767484
189252 74863
701058 39159
494544 38869
224148 219734
471889 211223
942654 815679
822504 474376
495015 429622
103984 763931
534010 931919
110129 319563
903321 883515
921051 490056
436265 701267
432059 342658
121923 342373
81062 223717
567811 720452
532860 830369
521644 17301
90145 777732
749314 572983
399491 409856
11968 595018
817530 695826
257849 395780
463398 895321
482469 591042
566656 921374
37142 439348
270660 79534
451562 685259
675678 571229
268961 90303
715772 327156
310870 994165
116456 370876
42023 912742
297223 141958
123360 530242
969105 65728
612943 979243
892889 47025
706882 379575
61343 210543
175029 373662
489171 546308
891674 848087
993597 355144
224766 65874
695539 110103
657666 91317
444876 307156
364014 740579
939932 257297
634271 488734
585004 786865
925289 600629
127145 897806
817801 280651
572281 695616
723095 598829
173632 615911
406522 306971
490531 699636
16695 430916
447998 70792
643160 645814
554616 801481
395758 227906
5554 217314
161989 125989
383043 33704
153542 107989
747464 957465
539808 508187
800769 311817
869049 763386
246584 933406
90594 927084
392006 4020
849339 429517
278288 537826
353678 736441
17918 619169
986987 426127
229045 246084
631599 45539
646354 143847
993599 987527
250356 123104
93298 799832
806460 180847
954375 921586
734340 154094
127039 680361
74411 218436
464323 881222
698157 208586
604977 72896
499930 954158
790549 924011
679898 223373
327832 923906
332852 232697
821938 707293
24442 313189
257199 604398
466932 497218
930618 266788
460890 20884
829527 726984
279415 270060
51263 440857
311086 590919
982076 189526
208666 127312
13908 156805
916184 391706
798163 281989
291951 47897
265986 447502
249203 679805
617557 850262
920987 489256
108761 379440
743044 955971
151996 549616
141578 842094
250879 433641
911988 373979
710107 241435
961763 155484
952874 491555
296149 861560
688554 654118
963341 703900
633571 725436
473038 676611
723970 263384
197648 734332
22825 997514
500182 621058
156765 779597
823721 816278
920361 524278
552678 547625
157971 53438
850792 351966
42209 26106
721718 354186
939427 170210
821523 876913
31837 533108
636021 338403
673949 16666
76332 500376
670592 80318
870470 729938
987045 482494
941851 434248
297104 874805
395514 266737
741240 214187
631282 865264
295176 908130
792074 410768
761962 668481
9834 751331
195694 63694
830997 763222
816436 478087
232003 920375
649379 850795
605247 701640
198321 388536
737619 824296
769793 413768
723140 780477
570054 869584
592657 125985
17027 699301
849243 274486
749556 422101
408319 135877
343235 139317
689136 344043
565981 539627
420708 622108
48586 281324
764527 878468
367292 411936
229455 952879
340380 717323
446137 628672
603626 146202
693646 195325
518472 843531
854240 946802
186085 880269
6329 702472
915006 179369
956128 512352
269042 238664
89514 690741
275691 618337
866871 664276
746397 75361
937139 225786
173837 693581
848413 348712
858469 374179
714963 790892
576801 263561
525247 865088
159001 702909
903602 761180
103600 687996
296196 897803
211330 675423
850823 920850
653582 678763
49178 536223
629703 964383
27728 600832
629418 735102
6459 733185
167208 227672
42863 708328
181533 39739
280868 9778
586689 751601
662089 838001
495056 932957
913480 591745
783681 289694
310823 492930
692059 731402
762248 651434
907051 614919
525223 3831
592302 615407
427209 341181
859678 491328
964805 516885
918112 70666
501468 564757
14358 409417
336775 900921
605005 154660
538499 458815
458351 490878
981372 60782
123801 131225
792002 174189
944273 796417
710547 541483
8122 318364
941925 742529
24713 715419
401019 48452
987422 149037
351610 332018
420572 640970
791754 679947
834304 464480
11325 714878
427985 163501
808679 638786
702161 989466
163948 547617
278321 798254
67996 623525
701003 786412
677226 919845
742300 997823
918923 839325
806164 775950
15718 936716
242312 893892
101672 982377
795587 932241
354581 166709
381217 827600
593039 63993
203846 277163
573701 57046
68500 289276
180967 380457
292550 222093
686556 690413
467031 927942
367402 902728
701406 597130
261331 909251
3753 370848
195733 425986
213464 633106
892917 638059
242501 983924
898711 567703
587886 770932
812877 858058
733393 610080
158246 817198
874099 343512
340213 281299
233727 744672
358329 487321
60450 396999
620515 73215
915199 551713
592526 478023
312204 857479
173817 312749
4104 688703
432883 409579
818561 608454
853947 98401
98888 844731
276668 75227
808989 312077
796122 433297
899841 880588
395571 85638
585519 827155
879575 576513
68487 640985
338877 134903
510397 540899
726468 724090
304740 504034
829630 94389
686610 690428
574304 341669
922760 790322
196520 850473
754608 766700
221434 580057
347075 483394
567637 585097
36252 677246
883619 734527
936728 398882
913700 310345
618301 499105
680995 958822
836459 988035
977659 770330
384142 371895
666571 662900
321420 370661
918146 452779
745095 761994
521345 312868
313788 562729
542585 224896
107348 722431
383968 98465
240377 691741
516273 657282
669705 942473
981929 416809
438796 427720
443220 240885
233256 301492
186051 274001
369054 47839
374981 173292
676662 430087
626729 189306
942670 412007
216801 441995
688617 300553
889290 307147
371958 932420
278315 873195
791519 400169
216627 691515
403480 590064
960343 572515
240518 768495
986304 576487
697841 944245
499536 75169
901921 10200
434026 360563
919093 973321
151492 340894
852649 625575
763592 904497
588180 897844
570044 214475
685746 756446
383323 126709
654498 75941
13630 333559
456778 775072
926809 874128
346663 212002
450443 973036
495372 116020
221791 135023
905373 119637
646394 54048
515472 494505
314728 494888
691479 119690
276995 646830
772430 292195
415808 466413
255501 8189
418082 457795
22300 664350
941147 918777
961467 513611
18472 323154
42424 706042
438721 59273
171583 378095
760945 443030
344774 450649
261324 37544
763103 351644
261891 417227
111680 23758
794728 801311
576766 636832
513132 707016
210251 198784
308529 392989
572053 601728
853511 659069
929331 375581
902770 885872
535398 91240
856799 244174
649056 465259
524834 903365
589690 996812
755850 277703
135429 225535
965864 484620
87587 564275
373373 910068
501580 640791
883259 827005
548681 752980
444374 802684
859877 487772
303339 318035
815798 574362
407669 639147
316990 716002
573457 974296
126167 123122
65921 948624
348904 881404
11867 680752
418621 797292
23972 897007
616465 350562
573888 906658
718832 281364
223441 76028
213706 317376
45481 700200
83996 388136
684232 550591
195418 250653
930047 158935
709336 338016
792979 186595
641123 281972
749877 610571
715929 874248
538100 229411
437125 108634
705847 85943
450737 945462
761107 280022
876940 280400
104850 326832
327939 497254
230506 210090
36233 111303
535718 589018
869568 859021
138502 616048
314642 592170
456112 235942
127016 727974
346523 892848
427773 447097
951247 559287
586935 825871
450619 441412
972153 356288
188172 714345
842992 310188
590153 213166
587288 696826
526333 878665
641996 123578
117107 454203
647216 277329
628299 899355
439258 351052
787476 769581
807976 363491
351863 810047
985690 566533
113076 452983
171514 578247
82072 21805
216913 994760
905879 38559
119551 296008
811934 302637
80231 994219
572624 28624
778967 891535
681109 533455
938831 988318
327243 326169
659933 199784
187303 541296
631671 184948
957762 479615
170430 719188
180017 128220
312287 455763
841219 819310
338028 744057
750154 314572
854411 408820
147591 359691
978523 131429
568205 781639
698011 307752
421251 789351
499119 109078
496654 282689
313063 69949
15099 542060
478480 436759
255382 585123
599841 189276
583011 141752
974807 845495
339588 81004
303355 144692
554127 600095
104098 264342
466334 21014
943844 753402
916500 783978
4246 409446
460348 696535
77115 724410
850024 278395
608038 669807
786739 381347
554878 56991
873034 341544
455904 670404
65674 638334
555872 927390
966890 313981
78703 515265
588631 763515
616552 953196
518625 977339
469401 473462
305247 798323
624537 558930
831915 335381
944472 808531
797618 176613
208276 188958
551344 740180
48838 174344
415677 788494
556937 557165
665260 507491
445044 116538
20340 431300
873417 53176
906797 95149
800126 53946
619588 701743
74666 96610
11492 485129
557510 142923
33795 714273
951956 325175
907669 10017
995840 285341
132754 783179
26206 551337
9002 708782
910871 587281
529777 670982
620518 907481
580864 13492
30435 42039
345052 849733
87100 160992
159532 986564
361418 705589
948022 398870
818309 662832
426939 559506
695012 817315
178326 795387
246649 465670
42560 72252
754172 257453
812310 987243
386418 439956
696452 293823
431592 579757
318247 789497
719901 611498
888505 827445
277325 6563
865009 150315
911739 327127
29450 335917
398024 718937
442789 864756
139897 641881
743650 742391
371649 807395
695073 661327
200915 432657
853397 679797
870038 880770
564652 952567
440979 278714
71650 661475
119219 61435
348051 591210
892969 725406
633657 243399
108975 573288
491432 371323
943880 3600
106120 260972
70519 582836
804508 888496
409561 731045
134190 166689
575387 656616
108541 28346
589060 328594
809540 985167
873088 436776
360798 496893
777958 456312
540809 121809
767345 419962
242533 423907
473338 616227
676833 162733
441700 494007
75029 266960
841086 308245
164135 541492
879959 855187
122593 905326
3193 687993
600584 403511
78786 354390
876658 537479
253185 83555
298642 934167
637821 917532
103662 37879
63621 644446
749040 614548
686030 17624
503909 296273
22407 895453
449728 558243
454286 135877
306613 778654
927420 797521
740784 210224
283913 361326
414089 476871
595727 82838
631952 128159
928473 733581
228132 287827
56221 941729
373942 404608
752711 515404
926729 226832
491793 929542
952308 318755
827440 840091
294995 920857
317717 292985
397746 974255
878833 827843
94800 940603
609185 69668
227069 328484
500015 606454
664889 364295
794054 701258
63720 258656
669881 936346
480243 696575
765180 653367
516452 56745
378105 523956
809523 22743
294241 333498
715224 511640
233728 686701
925567 537366
817442 465683
437982 497410
276938 342279
726672 394572
772497 751653
119815 1624
527773 193385
726946 251418
985236 133473
43455 45301
930543 379503
929796 880881
352401 275753
201435 222368
598418 918690
471657 1052
47335 969270
394830 856348
183357 120454
212348 612843
832712 569046
851887 581603
620317 811753
793611 835722
317220 548872
766446 744511
763579 740908
323903 436222
868737 227026
775371 658417
938927 463260
651332 265753
19698 568065
317960 383308
368356 520735
784672 34948
657252 239999
782393 69051
439443 916911
920594 578869
74021 157578
127452 772548
767307 724219
291881 713666
820855 703538
598212 875657
722956 482852
542541 343004
493235 461545
90409 642487
802046 896223
443852 684074
155121 305182
221893 626277
156151 56184
983032 55405
986481 149141
134428 869402
88581 597269
664683 164098
855378 507024
19267 310503
648263 753397
729721 987735
621443 465680
289511 467838
746080 556913
379929 796545
828987 817477
74031 829513
344954 21930
637647 485377
690568 38991
36621 404356
54781 213047
675814 18841
350706 786762
788644 395905
644149 416104
906809 118570
112189 523
643104 574235
778572 160883
136609 199516
212002 700001
14794 618982
210410 670946
272557 533938
280543 986218
615110 121186
76327 498126
371770 884428
663072 448087
914758 425246
949379 243306
61757 828614
274942 741223
783355 653197
918026 670366
752920 141598
840196 432687
334400 965206
595712 56586
398494 218098
933129 313887
976136 250839
520751 699963
597090 472932
24400 452101
168472 797529
393335 132130
428860 49381
561712 944053
927828 229269
904906 243884
412005 179003
718776 247069
623751 50745
838837 573773
870284 458123
886483 635148
824506 955304
686126 153752
658292 525086
998160 185359
533157 193890
268947 909141
819237 614713
726557 425522
691033 593951
123740 813080
133180 367044
241495 95755
440853 586038
670721 646299
272353 65041
676507 558258
982754 432526
490825 639093
672180 298247
89141 295958
758529 105496
566250 828490
550768 816851
621093 102868
711254 26090
35917 822147
803838 255533
338468 324293
428133 984478
359559 972148
410742 604185
21501 61275
255709 185863
608529 507485
499271 569516
772360 783823
726755 675774
676006 687199
146387 834164
287040 321053
213891 456995
974664 759390
583465 194896
169885 920211
244589 734590
34849 457571
215111 158259
987802 804118
994877 953968
550071 245508
58536 796608
117579 7958
912079 118506
538688 502762
662031 317491
552587 737566
927201 74261
543787 167572
141917 530008
177318 308792
720476 141006
347655 399338
540022 860084
825515 483254
211721 215449
154008 893313
716150 233908
615737 747458
318699 415818
39367 92322
316329 273434
610458 472405
622324 932099
291785 86800
718349 926453
374863 696226
693728 377359
965607 410176
86370 815651
534647 708168
884636 449638
488543 39321
256750 265398
412745 90741
555854 14258
1258 479428
609096 385406
393956 562084
649445 477339
562452 433043
302796 256872
521697 14927
224744 134858
933588 180678
934019 397336
793217 274721
305040 142911
576264 637965
242239 715420
221496 433003
627409 232020
486569 191386
580952 191292
693263 199690
210908 947426
644921 650716
660316 458577
127661 434913
537956 914859
817782 780236
613052 191204
853048 381788
211561 838465
294482 107437
350974 370267
165938 599817
946005 121791
823247 221094
414783 714037
449511 363132
253141 356103
339434 956643
123069 451579
887121 73394
149741 958945
524462 399362
563586 393097
480148 848123
807853 695019
752959 196269
277326 280776
391046 437365
540468 14910
652654 183360
429641 980953
718058 470464
129213 528574
724130 589059
204536 946271
614009 603016
37085 525774
639557 956620
314458 886866
442645 180001
199131 649888
575042 881876
923043 621574
574108 252308
479997 995906
900819 304556
869243 154442
504956 574407
755546 326815
910339 406352
581468 160828
134600 130568
161524 383320
131451 925548
606492 313650
347986 295362
322553 57046
611285 111988
925686 674468
988874 827158
200129 312710
873056 967386
945358 898999
687900 542557
826571 216962
470293 750883
827856 52226
573397 508313
600477 344802
972517 49868
433897 81940
156907 919302
878699 118669
455462 71371
84361 922550
561700 332737
492944 173251
669725 281108
186464 569694
724695 840637
651537 303638
268164 649857
788934 815251
674596 728258
571575 225346
862896 225770
632236 65366
435459 162767
91967 205579
266910 272448
21592 280616
32600 400987
540644 797054
264322 218009
2937 677302
522950 721189
940854 501381
595761 428799
627295 232104
716428 872171
140133 561099
872675 225431
660424 942064
890249 108383
751183 647733
581777 780988
432142 637451
79443 835231
823520 517674
882800 385259
250759 604286
178983 345175
404974 788105
480599 491738
147842 525003
345516 92716
472361 465509
151812 338576
658081 231129
2790 893280
727419 973275
381791 245292
799241 493200
832451 318532
902747 806332
816048 315161
503528 495557
743778 330292
544051 614411
153442 875313
946424 284416
271477 206818
545495 827486
912802 589130
602990 335725
398668 19264
656024 556142
612389 702755
555139 814692
970447 523566
534116 840863
956724 924672
891271 407175
62135 633836
235051 629115
778520 610240
560371 186752
449150 395803
374263 979905
602789 441964
587323 331483
551861 743629
156232 297114
63028 307510
451401 270219
168255 954431
995590 161913
462776 733793
949286 222744
439968 60002
832413 186287
686175 888803
785216 661475
204735 948695
888799 512945
260010 795496
969217 296396
544414 308757
625670 828744
391574 656237
59837 505572
767338 782640
64822 50626
372014 519574
459989 555538
369646 458799
277640 844174
158578 973258
475552 299904
611642 417242
158940 611659
589187 611282
245919 87659
414460 272920
485441 166890
537759 565539
848472 11257
132583 907917
168423 781758
115170 325518
681640 75128
92429 435991
562357 842828
636542 141828
594861 184310
514310 914411
52002 346690
920711 272414
751069 360178
33367 118599
271483 526707
30426 246516
717934 179745
422398 919392
25879 137677
181756 456176
106449 702637
634348 960035
885552 957243
333985 970205
231350 29018
342541 4375
442643 558157
134900 705335
277448 552942
564218 863595
827600 583329
975140 166625
614911 798789
598228 266516
69539 307951
623493 932222
366168 881470
714589 906362
880043 628294
433510 988487
77907 788147
498036 406556
714802 988531
630978 38044
609981 713567
109539 748441
738784 369786
590675 435213
826972 503982
741389 308472
987830 289525
123719 103998
310234 11635
658067 624531
610538 59019
845903 395861
730102 812415
804135 880085
716120 418129
145396 295365
749343 374433
713335 801476
225542 970763
206159 238637
819607 948841
364939 666145
24373 957952
520199 940391
571238 404576
425693 44750
704888 2757
990054 610664
852850 636465
666748 78327
149257 264936
396288 579794
360486 4051
426353 557965
836026 248104
306439 622440
222571 304703
264281 272325
905181 645873
216177 165692
170706 748863
1632 264470
109824 17156
515771 224772
965855 729586
811416 637825
120394 617305
142247 18731
903367 423036
460133 527641
952486 18661
905754 727194
510335 29411
581300 820225
872561 416385
263174 454570
287283 666797
848480 924190
908890 511442
796036 333709
293060 32514
130791 727592
361205 702417
392061 12246
104760 786082
704259 872887
963864 641541
245000 540597
171089 890566
1954 743239
680807 251177
415030 278015
926015 27420
852063 909070
173583 646365
223980 255919
174439 941175
529085 728432
310834 313312
135572 519834
603843 60630
106286 351052
379323 864615
517581 228159
296990 64057
723890 455721
139184 564188
979521 728692
112672 577487
940853 948706
943660 256062
287938 436689
781402 46395
49798 785481
276928 285823
176169 348437
689581 365150
348778 668027
363726 971739
37478 677787
619192 677058
750747 409374
945023 3656
443971 739804
553704 957737
989579 868408
75193 177620
546087 650224
960123 541341
236119 827441
483285 487245
287777 897457
286972 995357
86333 539711
148776 583603
132292 484757
501243 145857
299477 221602
877790 732283
375334 735130
591148 219789
217811 980174
943114 619872
452104 205038
399407 929202
436781 394932
15099 35914
828012 303959
295152 788381
498666 491469
615484 473056
560454 352402
832423 88071
664509 711692
725614 17980
423268 622746
281953 409559
231536 286294
796530 325273
700518 667728
377413 474909
355801 762029
798540 604760
384747 569459
772237 87682
957244 738708
918844 883059
50689 179066
799539 287807
391785 918589
857939 891931
266323 295260
296178 522233
589511 545918
771223 445791
512031 627254
925776 225982
41722 188809
141929 295419
208537 983178
546371 400943
805459 871738
802378 622004
898797 975294
800605 8550
333274 869375
909696 478078
6835 140581
839228 40827
242231 131589
613692 755031
946840 420027
102080 79727
818253 330782
554657 435824
336295 420703
890945 920115
43123 600023
98893 99381
513297 676330
177513 986444
313233 292469
326270 622283
670617 42888
241983 73422
599815 811692
735446 83321
650464 804179
250079 1111
137582 935896
776977 147531
672734 21049
377852 205669
302382 229689
475820 847980
593811 271266
745369 191298
863917 195648
228103 512038
989172 542831
451473 354010
974932 495501
736540 302922
177659 824741
547475 169762
147153 718042
484836 241303
792179 203778
469298 409570
203250 603917
695108 217470
612669 403351
553801 794097
94096 456079
306049 860444
212765 560075
807890 804170
255318 17969
769203 267112
480710 255687
98799 881364
242522 174237
458773 189565
387542 628500
839970 304267
320741 20212
494863 761876
63619 416569
800034 588872
592356 953596
765750 252403
735289 126335
324436 947081
321126 731431
958673 822476
560411 21379
873714 748544
187550 916020
561275 937807
10688 37305
278486 769314
207214 114481
818293 956918
900109 422319
280906 499476
963918 30341
696063 50254
122301 584707
376306 218540
373841 536541
811985 765858
487998 684700
685624 160674
862481 57448
173371 319123
243648 204601
884224 178871
472231 473875
707403 736283
631989 425403
750766 728334
328381 66235
832754 168379
159334 892727
269997 18875
659802 999102
708956 97362
16726 662547
954095 606790
939628 626574
190358 841380
532171 361538
407967 541042
256138 129572
755833 88436
843485 416011
476795 227281
114534 682645
749827 344327
14860 698610
753489 161385
396041 12488
452775 933746
749155 981478
758909 927554
312724 165034
612043 521409
338521 261345
247545 499785
518786 134071
753305 831143
808062 578415
50947 185060
22634 456710
191107 334565
684978 400182
857683 893573
122159 669088
397437 433020
79069 71618
299601 824186
83669 812608
117135 686787
136795 190180
945070 706408
970980 656204
133841 601532
344258 906294
316748 723160
934865 134411
999076 611168
358962 39511
727346 580151
50013 162698
802202 549590
740014 512393
966679 243647
569409 115558
654664 91633
175072 437947
620911 491927
41653 671222
810479 380049
15470 862929
957971 464090
875558 225552
92815 100525
248975 873524
711479 865129
313433 471680
514750 158689
942188 394051
542466 190746
968574 384842
730219 459918
687201 63745
167463 512318
714380 296338
668999 864615
682424 705643
376956 603676
34166 818397
800015 317152
453156 980141
315232 712080
426386 676640
627615 819067
62405 18675
725243 643647
511347 429222
841929 355117
149522 116223
617475 722920
680002 462918
173095 793207
9849 60318
850921 724250
335168 220199
63159 384040
280113 51437
372713 554117
159562 69518
905787 371584
337177 786316
541673 565120
752228 387674
593480 704894
159578 462030
207143 782553
555374 119847
963069 330620
546749 180834
71603 2973
752985 340761
36148 432635
744403 631252
457142 144158
871398 751978
947914 251769
528644 60174
706521 502758
84998 311363
323605 279620
171405 772447
650725 893727
685525 844531
76629 452347
397942 266027
540370 975862
257470 875526
888403 496642
567802 134663
69720 630074
52271 861079
382215 413894
911112 254930
177639 833256
652658 977018
526340 466856
629124 313193
120 896197
165184 414325
311491 961931
746841 575042
313649 594400
948537 613372
982996 691702
494538 826290
479334 370493
390453 715192
518924 281
510429 198719
971847 435126
336064 665916
729965 365133
684652 916539
714572 199629
667175 919909
652617 252133
634786 580534
578733 246436
498130 391010
138263 620728
3830 497437
373936 43273
324446 986892
867328 789689
330603 593578
501461 363203
919080 302837
349680 110949
464319 101488
914025 357256
163573 195055
143295 992276
98429 195095
607409 940808
894016 783694
516550 888928
9499 237559
196421 28914
493537 95715
17466 841685
39665 486541
659865 428054
529764 837229
338433 875536
941664 403806
611627 658809
879137 615739
820626 121900
112666 465194
532759 668027
510636 752739
100418 182881
432243 847481
673226 401039
65673 375180
215149 868051
548039 133592
90162 599983
112893 140629
981830 336734
232647 545984
401511 436816
127360 846099
235559 817904
757813 702630
640027 728841
968987 23088
814468 809963
680398 640
528339 735238
145803 121235
71701 734937
46741 448644
752129 11563
430726 994715
433197 515493
370649 171797
580040 896596
632801 272993
49565 646308
704180 768832
381510 7777
811460 253313
545156 311085
343607 865435
336743 729462
913552 71022
722929 361413
231908 630092
120926 23182
392791 333735
371916 247173
44801 657335
849879 832972
305481 794348
279166 49371
113742 17467
376286 444752
433796 460566
690350 621074
209505 451536
96765 370074
354947 267246
411644 959701
844742 307636
3560 936077
562329 201208
460744 140829
677962 322561
934536 746893
324369 541420
969511 255082
545784 30184
956641 918671
288535 926026
936659 186209
456651 645069
234002 539527
665110 786297
918492 609323
924847 590256
299243 595905
21436 588863
263328 516007
752256 250336
809477 211845
818063 113080
668104 253706
233128 751012
306020 401731
65678 741470
245273 425414
751402 970526
558114 144561
629923 612206
121035 210286
304250 976594
624 566856
766156 884455
726126 417492
21823 196620
593407 362466
732601 590682
201181 293864
619649 917439
38527 909513
644257 355941
650254 465329
935650 922123
355757 381761
630700 289965
656418 144115
788688 605039
63372 801365
238396 118157
685980 110622
96255 846988
120160 235773
466336 465190
342580 868673
271315 862562
676699 330334
907859 119249
577198 517470
852330 531238
789867 878251
6480 949537
402867 503247
189796 220541
959294 966894
732743 93133
477700 597542
439309 303240
379 491189
174231 327160
675521 128984
683289 685569
212295 643178
296288 529590
323108 154777
192678 850185
303719 194812
95096 18103
203263 216506
874435 437929
739408 701206
774918 103517
982555 316690
344060 490403
736334 103551
516028 364342
640980 473255
276871 672466
457708 913382
710553 875126
454535 820291
852417 900482
983932 733308
893888 890445
39062 18581
532703 393056
261718 547192
47166 279346
242690 49530
415439 940541
351950 67800
539732 67743
112406 220684
673576 39211
411865 429055
823467 186714
230603 194903
515926 324850
898497 684644
936597 322483
759715 777342
305621 37859
811459 55493
61635 420192
799354 399634
765073 329551
154734 612167
526921 571703
946439 583523
964191 530973
320597 777991
974378 607406
544390 341658
878740 967661
699350 92528
220047 169223
521950 246686
964995 569076
141089 286788
541775 306830
339666 199639
721330 877433
631079 688980
573424 464679
880507 536206
693317 370768
967749 339320
734736 410652
833137 101649
280038 505823
410036 780719
911181 780109
591852 641905
412613 363246
939986 138170
581968 548892
251120 867582
655712 787507
433687 129501
693298 41722
40317 37056
45210 58797
23697 967465
136600 460156
642263 163365
502378 155276
41091 295497
351515 772743
864284 569452
998006 487433
899140 875669
365077 421941
956197 704994
987254 721437
74775 390164
299250 912276
729765 296855
99833 505663
417431 421982
736249 106613
74592 613525
364558 646745
526302 635807
131227 251340
524887 603956
578978 816122
878208 949789
445407 859592
457385 184326
566669 955984
408066 716310
230191 343742
598630 717195
890507 437194
716195 622997
104655 960062
252235 968974
751418 706958
816226 857280
849549 677320
184591 960053
259900 435140
190591 388718
852306 810622
943785 714634
72294 867382
771069 21742
406025 518155
314926 116810
910535 197181
7668 379726
537044 854673
864320 984937
590942 293983
650865 104897
231302 460619
999786 656729
565595 8131
305847 69493
669386 102462
527215 919312
161365 576970
838078 86263
48470 68463
963720 952700
409735 520745
568177 330889
708400 40597
423861 87175
480142 668978
3110 63153
82698 270551
693178 502771
208551 329814
724902 454699
16775 446039
992481 879430
584841 792628
194882 445129
3964 199813
780483 846905
583539 898083
637161 836172
915217 965216
263614 774626
952544 895928
315013 428843
606255 278921
937038 107308
685543 693510
876669 950301
395137 862006
330124 957691
669662 648055
489541 98643
228383 36678
808233 318123
801368 878818
815913 385965
778287 722468
688231 366755
105431 64126
876117 976125
570684 877361
389510 81073
864194 411792
354143 302976
681470 630184
413592 953240
649328 869921
139271 685298
302887 967897
277859 13380
941535 514422
172756 551771
89556 655508
772539 241019
862509 31807
28704 67777
771772 63037
53457 114208
532153 564050
191105 523214
527217 635209
107554 421289
616768 77314
303672 384330
754875 916664
35231 952819
75612 115922
359706 278130
562682 9422
940705 387831
193631 492727
95645 372846
149311 55707
825962 461148
297247 639540
161458 793581
278860 606049
380446 40545
932218 609970
90465 26504
157507 772580
765767 694530
59156 144098
588458 519773
138461 168893
607318 87245
47000 97806
789716 606309
7771 543317
938246 698217
336665 279931
497502 615622
913842 108616
568800 760655
512017 351500
295267 760198
799857 136352
337069 679707
864073 217760
443954 824969
345857 454675
51347 722042
523266 439275
103680 20079
238438 523647
825539 670072
799967 1257
659266 900306
470279 514414
216728 536106
139098 602677
810961 460072
30934 535232
477739 211412
525443 47024
420632 950638
587545 100484
756054 212488
825242 697543
279773 67123
647473 526708
78729 965158
511411 11762
713144 12972
238376 393392
134483 250085
287564 451184
814132 530048
902409 672643
28136 698039
158714 761493
686297 302641
433396 367260
711080 287193
596094 785498
612011 414115
174233 817791
736006 267649
96714 274142
393684 675834
815012 407540
597440 879107
111016 672331
450524 113027
725683 413148
956798 176018
958305 888503
769294 553451
548511 726661
182316 970970
931538 479515
298886 394352
345610 538335
673536 435578
235779 888305
141145 399815
207725 644641
44460 399405
413101 181607
847013 143498
582147 750731
270791 215863
597947 697439
506406 604778
534849 363695
766926 682091
815313 22217
599485 382948
639922 820592
269530 887417
768672 399497
935973 133680
966273 544907
203527 13562
556348 658706
724538 88893
945250 923479
177992 695349
409120 761274
509162 785306
600241 287659
661477 755690
107119 539815
207822 439021
666677 747213
239632 725703
47754 964622
125706 756069
854170 532732
958700 523270
780742 591961
968521 726561
384257 761270
627616 546491
844434 109180
437891 564084
734531 898583
548735 379313
760385 85163
735486 4552
931450 583411
975911 599147
465611 702167
606770 17401
856752 549557
664471 629698
468091 890035
778238 550234
892312 931872
538161 229021
636402 595976
759381 263242
736609 521572
86855 227818
858556 95962
156107 447831
10906 834096
83137 870728
564889 887509
714194 762126
873564 12003
985265 345029
803175 130285
256493 840372
865280 465304
343552 527666
467169 873028
430665 983016
796182 576492
486323 197920
96381 964245
478249 643521
701068 99001
271259 724578
324727 909318
749231 171827
344472 331125
510439 760002
972242 394918
705112 558617
376132 659003
375762 2574
715801 310867
236296 470318
452000 41978
968385 395816
347349 469406
498839 440198
629811 524685
70662 19134
857767 139506
339262 545
406422 553823
4933 187481
299510 231347
655129 609685
509000 654500
512212 140552
986947 418237
670432 652796
265175 494745
802437 352578
50794 607260
957569 307690
212518 163301
459230 964570
327959 679698
415741 857941
626624 325227
725230 295909
807239 33708
102081 252162
933194 363329
279239 843470
875376 736268
281672 732848
782364 203915
924991 132493
194262 447774
541021 575202
89840 377168
109816 120914
117396 679293
918246 952362
194848 472200
294427 591555
163879 270732
954874 593697
433764 343208
63059 725633
517298 268467
721841 457368
75858 554575
508249 708903
551615 411407
234623 158496
636182 495406
758124 450665
716463 223147
714257 644888
199879 358300
571299 941558
747137 678588
884320 853656
881581 686891
515682 681309
452151 690658
474796 403209
371764 935129
178863 646567
519300 364083
63110 587735
104003 725069
507298 169763
975954 709117
688816 318291
996340 712605
522979 539435
669456 301323
668564 180247
124100 336248
686873 242967
257811 451293
549846 561580
693061 409758
277682 323988
601212 872429
446742 569464
593854 861413
813197 588473
67779 70094
80606 147309
949137 831858
639421 874409
986031 326303
426836 35722
234205 731798
852736 423307
748268 752602
714651 624642
424578 817525
68714 495455
825459 259395
10359 818028
479975 330625
769640 623993
404252 509609
304324 255275
149728 172151
29368 315346
191986 633635
382162 841649
977179 116284
591277 82411
201021 926604
896578 91088
675867 903734
548831 420442
172288 799659
61829 577915
125297 386425
821184 948990
481616 822959
785430 428994
698887 380176
796719 973319
425130 532086
441860 15098
246267 174579
503018 567281
735109 81780
992520 545099
321899 388035
150846 737875
893308 930696
397396 688757
704132 783333
481016 499718
469344 764859
648810 484020
198655 224437
877155 376257
570385 926099
672696 841849
441369 467777
213245 906889
342194 518876
897179 359849
307268 255717
164824 163338
110475 447733
393695 829183
334877 819037
930124 78113
701157 616310
128014 131308
556624 822938
610910 908461
597161 222207
668397 549279
492085 33370
897688 813082
822738 32455
449106 726179
787758 237818
636030 360327
43053 79284
132930 532321
821320 969612
607211 131564
847965 33948
769058 124603
118580 537498
608381 241429
905692 112738
149669 675360
474557 171171
9505 346107
995465 481907
464248 639867
336017 640073
18672 184683
440350 646299
786431 874487
559522 292094
695645 612481
668564 565049
504171 142784
87155 453807
396956 891938
766670 188224
872147 810988
457271 870956
263259 558720
465941 179677
43363 628743
171293 183404
831115 648417
288706 252759
139019 84070
373865 318593
206142 664812
358398 492699
11593 10416
946321 212102
146552 684006
881554 223742
281779 753526
901275 524960
492668 729786
338529 780038
720599 348896
160946 406560
423479 953685
879409 258704
441965 123611
841233 354332
643479 842018
242346 778045
765365 911112
379098 778964
174832 149851
52789 187970
37840 459036
204498 876493
407402 758419
24076 240059
71254 773767
401484 560230
678637 749689
914386 680719
323782 926992
151418 135444
992032 938438
235428 586976
483396 801020
209579 942817
555774 383429
923371 506352
36401 46906
533507 227648
23121 526332
399837 668209
302398 250460
770387 177170
624190 875643
600926 696614
896768 550614
935388 286827
224016 367666
15075 471554
204049 550031
53667 188978
30478 490527
834709 659666
596388 522120
214053 945493
309383 746574
614000 739080
251399 177324
160973 965959
532131 397936
930759 372381
306206 992020
499540 201371
597262 301754
410611 967482
392859 520926
552869 334401
707890 32981
397236 465646
460158 971189
213477 683447
478224 413820
922718 323300
372963 55340
627830 271476
12749 400975
234566 926517
396692 780687
285665 337785
889047 532204
541881 946042
162252 139523
795558 388710
376908 866782
884978 336987
163180 391923
743491 297737
201454 858976
378325 171158
719007 721551
965282 250482
506209 185452
155999 689842
808844 68125
968939 388516
936904 446894
341437 229325
347363 544309
198081 622814
726317 518096
387535 433306
334817 711
63202 893338
597034 161447
631414 835917
998188 198656
617585 229572
736048 962062
392523 851515
615941 328154
676101 92158
596668 915709
781927 124133
623987 2225
246001 362817
338557 905900
405211 668661
223355 907681
699140 234747
825680 120014
379390 687813
620259 594888
957007 98405
287154 531220
727077 479766
139806 340613
683157 192290
747709 132246
179303 85491
276804 897569
57432 650300
250885 845622
202610 274443
335291 655686
363386 766625
532470 266984
696989 269638
828230 525883
493542 800458
858273 408956
898333 540540
730043 696079
308972 334133
797614 336814
741339 490973
217224 326554
19034 368211
585180 488967
38928 174754
221306 789069
595638 503771
680331 740980
866839 233989
643106 306064
480732 898124
54663 891516
593334 593881
311527 716417
428515 897620
318064 621136
809155 789149
945970 911893
512275 116383
776356 835363
929256 365089
766940 664598
797615 879067
791889 974821
75320 334200
338341 802811
366634 720328
731214 332253
668317 534282
912575 323595
371558 309418
970052 151646
1123 555
594183 117112
440289 684918
979123 434268
808567 884812
468704 771982
169303 324650
62558 344509
981006 238806
619398 541541
886222 447642
792186 21011
466725 391572
277369 238174
354194 108592
193234 386457
253962 4797
742155 854885
361770 692623
217087 471787
398150 238896
448024 572578
680932 630245
181372 481519
419036 999352
526240 741881
846756 487991
428051 486351
915649 652171
844279 825966
713072 348707
698167 555902
806319 77160
183794 699107
773933 756300
44162 192575
372520 279208
729247 124237
313402 997477
443221 597836
236633 955031
123190 617152
887997 963488
7603 798414
402719 623158
462237 871229
103305 870572
932166 81239
433413 48740
486106 650284
963899 954870
277332 325136
812396 378498
527347 526425
48987 354080
853879 516381
284847 993326
508024 337877
991870 47298
675672 347044
772784 254035
930935 799624
457622 338801
2628 219552
445555 218075
191466 634736
388134 687143
162054 680451
810022 635577
243467 328501
40282 282413
776151 520252
996738 254456
569044 285847
744927 52914
807082 908185
934966 99057
41965 702392
883585 657984
803696 186180
416174 421788
565824 407044
490855 462169
953962 200171
677556 530154
132559 353330
773573 408827
844664 837613
159162 783171
404071 235128
200677 304777
220540 533726
359152 518835
760970 431954
986966 839032
889110 432208
477355 185393
758930 982218
858189 806555
659362 424442
148312 109293
318336 628535
139512 610432
681236 836136
553000 969378
323211 287558
813776 272956
831409 237585
788420 645006
62813 260439
606949 531479
769551 85276
832655 873359
622921 102855
242861 543771
740684 909754
845420 843701
630731 177001
599357 772988
199835 174235
401869 840547
502129 192433
158921 867422
238543 204022
433972 261740
223757 969438
455330 531880
496150 419078
46939 300306
947374 804784
673314 324839
571634 198081
125377 992010
641899 138764
410260 711076
569691 639741
135446 443917
515945 280863
952789 789511
656198 32985
963536 435486
906781 952071
344057 911280
117923 688822
997248 85140
142433 111056
377992 957863
528768 263258
526924 502957
172913 923326
19002 416262
399941 574997
638429 497574
664229 903544
215180 208587
834347 679352
889757 591672
692786 776654
569452 914361
148379 30102
795102 284961
859626 592697
819510 428327
151573 526587
840978 893893
163632 167433
401878 437695
295121 823596
674426 582609
414401 906189
631017 239481
357659 339431
280339 407569
49106 260536
820602 642030
355419 958969
865381 786008
36285 323079
293228 901602
853086 285043
99267 867773
573216 331487
581566 764446
855174 661058
414451 982271
2367 610009
970301 233784
748491 588780
57045 347392
119764 798619
137900 795527
854161 598561
272559 875019
580159 193791
687416 578184
656338 403921
2504 803732
694587 702123
188614 989831
592649 102959
734189 802689
225531 248560
298488 88113
60728 696363
729517 66712
877360 764060
908367 306266
84467 770839
964283 741440
150763 516941
929335 459353
580043 945266
431894 964811
824089 994250
488361 95508
832556 781094
878168 871638
218032 619493
212951 737419
588163 111167
499365 543946
304375 995500
940754 145035
530961 550250
317571 824234
358883 955057
905202 732819
580452 512663
624332 183953
953502 387684
94806 562194
36450 480331
9207 46188
208508 834255
529603 70801
563805 854737
284514 339341
132871 434561
100891 421238
489119 451877
678634 150395
889376 393169
985909 433474
924143 645528
906264 451540
15064 899551
373220 682133
883064 42132
934758 556178
699037 479700
155166 633046
881020 38884
931579 631054
242399 40992
853428 951105
28626 146534
524036 261756
76569 261657
260133 446134
324421 76718
548895 512439
728501 954682
522211 538401
193721 911010
798212 534620
728926 614736
198834 430472
350565 960032
338724 309064
437458 414916
983995 804189
458381 780173
206767 266152
983528 337490
909058 876657
522547 918842
682435 73802
737997 174841
825603 311857
432090 404915
141333 645092
324244 781865
580004 700576
162613 379011
308754 273222
691466 20715
765184 745076
253517 121587
478896 778130
765583 887194
300250 177333
154304 377733
928754 858123
553250 650252
631306 485739
746425 316881
756486 9585
781753 123291
542786 550227
843958 512964
584083 656366
66832 793523
384705 995900
743334 928488
434436 544327
346354 600346
464078 235368
980493 875499
227763 943965
524155 910728
471033 842822
749641 213391
570391 396194
772981 229608
115233 28844
42521 614471
109602 155636
909104 216560
353259 354269
604766 115383
463380 358965
342733 918220
799937 651655
587332 641413
538343 320488
527820 899587
29479 455492
554268 973106
876038 970556
528113 713076
158398 968235
239542 16407
76900 499494
681890 684970
913386 869299
747148 557392
743526 802947
915085 140333
457006 330809
543504 290788
658153 425314
704679 476765
991362 165714
799881 318946
13307 29730
814105 229552
503182 708115
176385 380325
992069 895729
74320 560847
549766 140685
654462 31766
285163 699002
876735 528692
995163 740675
180775 841355
288224 329975
793570 850872
139768 232465
49197 1732
613569 875613
56108 750734
849953 91849
5542 646021
725217 590360
893427 781446
916739 276187
872500 747574
840334 787608
822096 94313
74426 728478
245740 308778
513252 25320
562211 287195
354173 663738
278685 811994
615397 460865
580806 181052
539574 628988
208864 992357
971113 619961
957463 311186
821251 708556
688595 293466
974713 331558
305833 71552
482137 996539
230177 172284
968879 597362
851460 815717
364140 929469
115750 963864
700908 891156
511276 659684
402465 147809
848826 409999
58373 271916
419495 359365
130752 265378
37225 992874
478016 850562
916151 971544
653510 223099
192601 716302
881702 868824
237481 310243
433277 508342
40764 492691
367832 190326
60722 697015
21577 816027
29221 939762
587849 176358
631026 639045
324500 385032
668569 964236
419931 363534
720958 276105
452463 858068
499483 144254
707020 399630
812708 524969
870049 244078
980523 995768
828238 790323
803823 364828
289691 675554
583692 883343
929306 344473
350362 512159
919670 803843
725425 710897
409550 298515
462186 979765
627271 609777
346521 201841
147147 875267
635677 169589
129512 815846
47942 135193
183203 481906
758876 409247
51499 81409
80140 701264
571344 551036
543361 806881
343838 456145
957751 902670
188184 719066
482320 134867
919563 385357
757570 505412
584126 639330
788652 684249
639964 451852
208446 646257
494851 291049
422698 398134
318513 709909
282545 264090
586208 626097
476006 650595
112968 529360
974346 231378
107802 814499
273422 500028
791632 936371
715646 976071
948829 351473
955602 518018
499146 594154
480246 361035
769955 170688
874096 723430
195356 105505
90828 296002
926096 607721
786131 166583
617919 778074
315172 244877
277617 661468
802932 508561
183554 854724
555317 613424
350416 777408
884463 383339
701891 202599
518441 367022
591257 601930
696953 274966
772410 8621
18780 246160
774786 747738
278281 548082
513918 223402
421256 868987
822539 624228
802466 19800
49554 861131
807051 637488
199665 306170
836577 181093
861333 887801
161812 823704
380199 595417
758334 594030
811212 711929
946278 953461
772438 555686
318774 244135
560719 738945
339787 96621
390253 375166
564180 751546
963535 994627
316292 109050
36381 778753
231144 298625
537292 653982
764375 167389
293650 584510
272595 413702
574850 799266
789465 790108
246914 701986
313930 380267
959007 577418
234727 867803
314337 899482
250628 542310
631431 258837
52566 170956
360494 989858
366936 800053
93800 645338
102547 69166
305449 724688
194431 816237
257811 388818
329091 929075
774664 188457
897309 116755
709458 948509
397222 90416
170019 856294
834305 940693
19981 827391
866185 425684
81053 568743
622855 638803
672767 68339
499110 600166
121128 166503
377292 703526
378152 919122
310121 486643
500843 109313
227310 253945
251252 193781
229619 81825
589876 197752
70606 973947
65791 329167
210971 232207
903176 598338
127564 577542
267888 536120
690252 750914
803142 515143
333042 457408
6917 30531
665214 394483
731053 305831
531178 994609
534533 452510
44376 556750
263553 497121
492470 403054
561657 163101
948860 306465
14121 941386
733992 99606
860554 295321
823673 716831
879147 276528
715638 108985
634743 482952
438264 693631
773168 709609
112743 251472
524952 504462
723144 15755
526708 653393
749995 367851
910434 668487
562458 549248
820750 671995
779023 872799
69725 451806
763227 418041
835558 342922
506511 283454
7755 697364
813992 748209
34362 488029
820975 339305
926100 386322
576141 125774
532590 769323
931015 804558
174652 522047
711525 684552
947075 495674
701911 947478
360008 258745
1832 4815
324479 558577
501352 154074
412840 268903
84828 935162
693496 388523
938147 871604
922492 468428
705226 821370
705738 754101
657431 777337
912185 102405
12138 944048
652329 503082
118343 852958
382572 671803
248411 810299
220128 174580
305903 30487
653307 716736
578277 590285
87673 995411
872560 284896
828230 185641
810743 697569
623327 904077
278576 218690
39047 761516
578415 115408
191575 433040
491907 986494
651105 330474
965952 448266
282515 733473
212540 870690
743955 89040
64213 918023
357143 461462
133332 150438
897006 162711
318982 463753
590943 973229
389121 395090
762914 623478
700688 66574
913574 2215
410490 815006
761484 824577
550271 484961
934042 220794
364734 623263
878225 843299
868347 398553
996442 25383
778028 131688
474686 198677
165563 343123
816793 295632
553461 862689
869570 500530
664739 579844
682342 289212
676605 626411
276430 983034
836284 224571
17938 240540
413824 761991
426907 349768
736138 872469
541327 619024
792154 906445
303683 268373
195540 890063
8210 525112
814628 334166
238405 240314
342462 84061
754570 684504
44859 939744
724654 498781
339995 714217
350526 66020
877203 82501
66770 428349
42464 314757
985621 931321
269159 88169
848904 788493
211322 181392
770033 491887
602603 649298
873681 134027
647473 396285
701678 53143
526836 603452
888695 922176
904553 472822
306023 93241
264331 794989
465682 623096
878330 694789
492527 11625
444957 213257
516978 902001
411188 708190
760490 373331
808407 697045
481132 573672
49185 728847
95368 21714
584519 781450
505420 25962
700810 163201
909621 389742
83655 681659
487746 603601
398226 357269
956392 343295
31289 607898
813108 358529
696087 150545
252959 762261
265690 836808
521169 485402
938950 178983
646733 747171
805408 432127
116159 801570
486398 137257
463875 298036
136102 706214
442246 932655
543373 308764
933635 802829
790668 363247
960959 11883
415471 487185
650387 893036
224490 390265
271426 69342
186720 836060
283003 137014
578086 260350
991035 886708
568716 669952
130417 321405
514632 106677
605708 878689
959486 755215
893433 975731
948132 265633
593531 406391
18078 372019
763100 467881
24718 9551
133048 165989
355520 402914
936599 234983
492484 20659
24945 771406
362053 676461
327282 15761
705513 94320
73709 902141
955479 443374
427129 965622
665606 180190
342287 602911
316662 259423
263756 15918
625400 86371
635413 120340
559866 247159
949241 455443
237133 71716
30595 868547
948216 560560
44883 268949
598628 245882
13184 884101
536960 486132
78332 233669
398594 504751
800661 688009
402300 636084
967445 353986
226929 59403
542538 214882
899309 382617
219783 252661
26327 181316
98949 778509
186004 463670
992286 850704
802150 748063
653976 925226
566717 331333
541396 364563
761555 518720
113147 964651
443610 834944
662989 590074
569633 91002
602204 805140
857140 352346
449331 289719
581189 752503
438013 460342
818498 592833
208970 276290
683354 478945
306575 82338
37219 384017
518086 103804
711029 396613
64625 355265
775126 382383
994430 6287
357848 644298
585878 952852
9628 86890
635316 633006
11070 324536
597982 201093
883394 85192
845525 406735
211428 473938
110109 346816
586142 969506
421448 992217
766872 422288
792922 77196
75392 417193
625990 374312
586728 287891
551566 78559
488736 630613
515813 224196
153057 741754
194704 676671
156773 32702
764432 110153
945919 841873
733869 118654
697155 833891
311149 819149
332685 990239
738205 289214
704239 823222
398353 840622
398306 358898
812392 55360
152320 190765
66619 208796
25896 959182
933693 500537
771645 380477
578656 690726
604852 918835
961467 934675
110366 619711
791429 868785
63568 422211
217057 238801
488789 691717
722466 882635
191471 5658
120066 813792
634073 963527
98546 229867
476071 319748
271573 724017
484593 800192
864158 28730
238818 320933
897671 962222
115058 334472
625273 134606
799689 294698
654726 134627
392148 835103
62088 843946
402951 126822
641071 44031
882981 313180
530278 444977
510694 62291
110929 55652
68258 228460
991016 452877
563440 241804
896763 289505
561488 130928
748176 936380
195769 898145
555576 231407
143242 27783
722425 382876
719636 172786
248683 507398
785116 820171
164082 81452
517353 216865
576557 960129
838647 534228
473088 969112
922642 782169
321613 766888
128026 686327
834573 871777
16884 646931
37936 670173
713204 141378
821184 405124
140709 381150
71468 829966
816397 459253
925600 604223
400937 65437
499125 260867
37959 463319
981497 150094
292232 761173
902333 730524
837895 297418
755544 991803
627082 372099
220440 531668
266714 834965
153038 725823
282466 274103
37611 166140
99828 619102
44790 950934
523920 655847
94358 903421
809625 759033
540635 654948
478165 446729
502897 223471
476992 381176
581433 28793
827784 54330
167388 101482
753549 910353
232749 998940
105699 757622
603984 258340
203435 245952
632628 774329
147940 794833
744861 8777
878594 771289
796560 263138
108556 570706
686273 339603
987193 679284
895881 17759
895971 969232
63375 220515
366007 745591
179133 381009
403272 659772
704393 570877
563984 92990
586 172802
128684 711858
125506 254125
186061 229830
98252 774312
324497 481009
62477 460213
12143 28788
89584 213815
925611 583921
611156 20435
13916 555866
81535 819280
941443 415301
762791 593966
665587 856961
762629 132627
140556 43206
989716 694343
425641 853448
903061 335525
331841 411838
698790 434009
828238 112931
115087 658330
566152 946919
307576 871786
749816 970424
357792 986503
764758 993277
769828 273882
243271 20789
669072 1053
715592 637807
834567 846781
21187 678753
728769 922863
345966 312725
284423 129873
419957 832113
995543 54578
94072 517539
587938 689123
282891 70049
123306 172107
203399 209195
547308 307758
74819 975071
147629 64304
726019 835364
176853 434272
878650 582808
932909 334536
239258 392382
432181 514896
603610 154065
974880 652804
177368 760879
703765 24867
660852 235585
61515 214277
22861 224382
345591 898695
160664 17262
660607 677555
150226 875072
149755 113325
903419 701789
700563 686105
822844 797350
905737 845308
946358 862700
826707 761483
93357 426841
262026 411594
513745 768818
565528 24967
781791 532697
521580 536802
601363 365536
707588 716209
20064 44612
989590 732456
622497 857004
437858 358948
31603 951776
686161 30591
593371 501040
892088 689446
449408 658443
739465 516573
251538 114954
331500 282644
440591 808948
390665 686679
532551 970160
665867 592114
833658 471464
336107 330385
81522 680747
5968 333325
243269 356228
355174 418339
404773 630009
977402 863980
975372 370713
818151 458612
795841 953053
793131 839901
597111 118953
347881 84152
70429 408036
796074 426899
719445 713400
504604 415181
786826 158015
507910 692500
620810 388573
167248 476538
345841 5476
447814 663496
405577 259512
482198 325082
499199 259
160665 515820
945797 251598
130053 747854
981021 159022
519551 543194
595305 720538
107432 418492
640617 245478
571282 11021
517083 294186
684697 510726
978850 106601
834240 547782
272751 849578
469441 517416
413918 316413
374550 650109
207355 139589
203270 582681
470564 564032
735945 287288
544518 187337
451181 252468
376611 399170
600955 524098
10807 648163
201334 839443
11939 179178
639762 415644
442836 304224
163341 543738
615627 823024
515122 980112
276713 109251
625322 293395
308675 208062
277452 229337
554143 446967
604995 155014
504440 952065
904761 917686
656880 803852
865557 29745
374377 755070
224028 901719
475994 605726
7619 200056
9762 321802
474591 889644
786878 602994
387145 208901
696681 717082
424289 660840
669865 162370
916012 407259
316151 42384
180169 331360
676292 739620
908631 232360
989350 294097
331389 105890
1872 344288
398558 582100
868001 944974
714884 493324
131160 782264
56144 663284
379517 818195
106925 449933
33011 784472
616878 912498
498095 964803
590912 948106
83417 739031
98977 634656
175878 575949
75894 120587
441841 849621
805773 995206
993764 572056
257475 59223
269567 474074
865411 5550
643546 720822
742849 199089
965390 137012
459469 349531
55180 148216
408165 281736
264031 461448
362979 86080
624618 443188
136686 904667
792921 110759
649479 857977
346588 974622
880619 107050
394860 873025
780221 101035
71261 269886
967229 363304
129749 993219
515850 590275
443125 797343
662528 582606
839548 546709
40767 703504
893333 618577
980310 587878
987121 184562
365966 786697
105591 880353
826629 693693
838084 439401
276714 870392
678388 536453
459447 614786
131086 658180
328857 47809
273643 97384
639018 394380
883198 121448
717125 365194
248124 632431
873092 291633
966397 609608
457551 760128
915140 669201
138804 951794
209435 737811
437873 238135
630089 748073
274883 47856
450953 697518
264031 844167
132258 191979
711272 679789
547618 615410
116888 622050
559002 760255
686966 973312
732634 642735
242957 571772
999985 452617
4380 782416
823895 8179
328444 899737
994965 749669
706598 80006
370678 729138
345506 279015
973164 723225
242255 606407
874586 875784
687007 303781
679776 154218
910882 651707
572193 766134
912792 615305
451741 235963
658472 687478
147724 591724
671205 2754
178316 743309
161294 669011
887005 792246
194002 912107
753938 760317
431152 121925
200525 887110
90020 456161
577414 59579
961677 57562
699509 259694
327923 911976
157609 252333
596858 694586
395258 124633
511849 966796
211898 685068
854002 393138
514306 264404
491924 626136
90644 345552
455949 642694
69412 445077
735936 549309
181307 124609
799158 60958
288311 459038
650019 550379
781581 106739
371841 359379
393637 450723
465236 270876
642744 291129
958322 560818
803332 215588
514613 247008
616318 817152
292008 492198
978884 487962
718593 522645
734929 162530
215640 549180
133412 586778
26752 739942
417108 556268
207515 294747
939096 601576
636699 671691
992538 530843
155032 583563
86649 559534
299102 317491
558877 280689
178682 942796
729390 102243
558118 230453
611840 102025
775473 905502
924116 622723
537902 124540
249996 305419
11080 703428
426202 845799
50284 334273
849686 223615
839796 343286
869298 740445
800079 571428
202503 588095
628389 509853
599704 129311
429441 312220
597601 239026
209007 32912
182970 896033
276157 563085
248756 456310
79756 378098
900589 380828
344435 994343
837888 903713
701163 183180
356952 60536
223776 490028
149201 384109
408860 794515
667419 333880
643431 174517
896418 448456
993770 691412
725820 69154
61609 209880
168842 783258
166934 908941
965250 855075
790322 291131
381595 319598
333947 165179
262291 547070
858769 368867
212596 262586
822898 685982
477912 231217
782799 745639
207355 271356
702506 717108
473743 140844
934816 659212
922602 987595
962185 182296
873896 633635
833952 788374
616525 635000
445902 518038
860126 639383
264757 117564
672656 633980
717725 489419
903463 847367
353675 736322
870630 726114
128000 242072
586602 531881
369565 515432
696024 882819
721789 836539
532573 851668
661017 152953
674807 861701
659126 183473
771157 869631
793042 808638
684306 838146
652143 24379
424068 828659
824773 521749
641429 93046
928467 79503
536935 842854
897937 143496
627654 707044
460374 441729
260922 595226
312866 779302
189974 201780
875222 919473
93070 140535
400271 812634
763622 835108
89259 631108
998904 855353
481155 531131
257610 914674
32251 504558
511357 730726
67048 675074
812791 300475
729588 212866
842714 967109
681822 475252
782786 603575
937963 371819
289585 841108
554621 984163
231251 633654
545284 429754
635345 213996
352896 873029
934723 645030
683685 663042
498345 747981
508886 424799
906576 320407
486656 580479
64256 507793
328795 474931
70235 40662
211600 138604
13041 936746
326646 770351
576559 519367
633059 482899
244401 160403
479887 942159
214491 549302
328060 915466
47098 394873
507344 869734
683886 756045
200425 490354
88630 847734
305679 598701
774245 468090
175335 381971
517414 398433
967326 560464
222354 532622
452348 210335
335339 47790
809840 323562
449743 907925
540114 758077
506916 417604
582402 871946
181612 510873
876114 891435
718719 599367
350316 281966
338828 543238
912000 726214
181086 174225
384202 677849
672417 135616
44375 482955
185096 59396
962527 272101
144171 971204
961809 451477
969821 976317
676370 809453
46736 783672
243383 413543
567311 15891
461576 748534
220556 699484
468806 370222
776881 203504
414004 567926
152459 388838
444732 488210
4564 380620
426260 691662
79375 40971
232588 824458
451704 538830
166642 218109
871660 573826
883115 888736
168761 906636
925382 392067
955526 439123
149032 979282
475654 178029
759026 756421
732735 340097
451348 759301
181236 363710
363732 905970
32716 519129
151824 94190
896918 616129
171445 577850
158247 517181
150155 350965
162949 762867
616184 514811
854312 438750
971135 538460
673374 596307
706919 140021
589362 912982
753818 929036
96712 597261
400394 351019
870568 205667
727178 384103
873107 13816
503007 299604
868336 175950
99838 98114
69544 170216
903541 911534
185435 576434
494619 885699
466355 123398
440008 472974
484527 704725
965383 508156
457096 112134
149413 797114
963454 163648
462771 354209
657766 393772
712574 344628
365023 222469
600789 831588
895708 513721
582640 468309
677361 38521
322034 461836
734190 786667
188468 257417
83747 936337
472279 212546
273482 133650
856206 496468
521233 865680
69163 42033
965291 815559
305766 981267
736845 197262
957315 393190
893293 382225
936624 505426
577535 82904
49499 704433
333550 740203
831598 71077
85629 74524
37488 839200
346052 177734
734669 768737
789540 26492
587565 840516
853167 805631
109217 991615
47925 436142
561039 134821
247166 305373
293100 939987
252390 880381
332265 807761
456862 358735
858055 558332
521973 1388
591575 724118
958435 302343
946745 614148
177012 691030
996068 404717
748 375063
343359 77524
409360 459883
315225 934825
805667 789462
916190 341205
370780 868020
936381 374490
883843 274056
624455 327543
199592 244298
166893 343153
439877 929784
568146 837897
69291 60395
722959 503841
732890 732459
290761 888148
371199 452337
943697 848745
96372 298235
130708 688460
372449 703163
551545 339007
215111 101688
563277 443380
455391 794974
455458 323795
229056 162194
979574 245632
99268 398538
202520 761274
37971 793509
995436 812801
628470 673758
367854 838002
166858 488002
867063 819342
492893 513788
473794 535426
456573 397716
786396 205964
352268 477382
275594 835057
789327 522969
95001 784383
65290 121181
421722 498878
837484 580936
974815 986275
419143 893815
739990 567414
279699 871826
491726 318970
912934 581790
972461 934962
424117 196047
193109 401550
275183 94302
973457 743001
478489 74629
519328 685217
450449 810141
463545 582020
973854 947264
435915 638377
935172 238906
915173 507982
775532 884248
510079 868309
744576 226268
650686 717067
166506 100198
791821 661577
454636 300118
522879 965752
771490 7010
420302 696379
480483 215553
517054 923030
97240 481504
962046 161064
613962 329897
107783 17420
261724 796365
31831 476027
399184 165089
516317 147651
120219 161120
197681 72876
556017 455397
49006 862859
22789 689644
745581 104520
881920 505064
277041 927955
439546 510396
20194 165478
371523 917329
191665 386628
938070 259123
897308 534085
402841 328123
754997 629832
981000 287492
502024 426720
268443 759658
161933 760023
135050 717424
850578 884019
597643 522525
350122 965845
959207 708738
969223 107604
743489 625058
857344 836756
342069 54502
945910 338631
591231 79232
509769 767723
633392 71657
127780 111174
731377 404587
492476 299400
785745 263598
300691 768926
39895 978376
671543 268936
218957 967799
514684 178216
988878 324806
940607 135243
959734 24655
676111 341187
768479 569871
399885 470990
12806 935357
731829 34806
692034 957336
422605 72630
858985 975030
88260 146668
625205 540802
115584 655118
205880 160929
71819 611704
309820 85529
788525 453080
463602 422154
219046 994601
620736 301696
672295 75567
330157 512404
723959 510553
136058 513025
255071 798285
486678 342370
722225 260428
227600 205918
220598 471813
19585 298566
904130 795165
799124 647672
516555 247294
482446 103164
608903 425766
867933 324873
307491 876730
328000 232147
282986 358201
152930 481253
470946 755278
319657 69347
845664 462913
644400 457383
806207 493098
48432 450069
230413 547523
874467 3012
962437 712046
60528 788247
536828 347898
49133 780930
444534 935954
468073 374449
139026 481876
728096 852892
526440 668334
121246 401045
722613 302408
619791 396624
584686 62829
481579 15102
630244 908378
447911 400932
500680 606365
310234 635429
224838 816665
637537 13332
180633 226789
943155 869823
474596 826654
279662 539790
876664 904358
21254 471529
956815 550505
310882 167743
357095 354830
226051 324280
9981 525949
453022 708447
983809 79938
267790 806733
141684 796582
141140 169804
303802 142117
21023 639555
927730 658149
376033 790232
591866 30012
546428 492364
225277 467850
219843 687652
872722 445902
98251 990909
522527 607221
96174 162677
776555 131135
869935 725098
106157 896241
716686 303624
739430 402968
821649 885927
73576 677657
261337 87960
595114 714516
405670 204720
340147 816252
85108 840100
323792 598713
261337 29928
860618 600577
465604 524263
213571 128992
284652 243919
929874 317626
648323 460121
167952 254285
114794 32901
949462 328830
168483 735836
392622 495570
123582 942659
341320 345911
832697 298557
227652 688327
122564 933977
925144 803295
400744 353741
230855 788544
949714 127240
811822 57288
929446 644726
308674 181234
846815 333646
898155 638680
531754 124899
802821 186532
718448 690325
600104 115111
932938 120745
992290 409676
922798 805717
64109 498962
96135 268349
252485 222235
798624 105020
501245 435342
396303 581394
463070 352395
104010 180301
627392 944307
13155 387820
47882 459229
260234 715458
372434 70071
978565 336099
592515 913745
893512 819466
357506 333077
953583 602454
175829 817483
485019 163330
328030 685073
160058 753494
841868 45587
81726 356224
505405 117819
539552 456691
137164 12685
724670 32697
825957 744298
46167 445206
555011 321995
38673 508823
301025 28293
489970 238210
18674 350882
86521 355109
622026 420263
938342 392766
689759 115521
21530 391230
893686 237734
29245 315158
639070 708618
530107 31277
857577 327201
958431 853715
552323 918963
613667 219543
618923 18134
330666 440895
992591 818588
124712 873140
893141 191436
289268 883708
628530 522386
589954 5601
155534 868662
679803 464516
12403 822031
8321 556959
531638 935637
193983 966140
60138 973645
627975 320048
387616 602111
684270 337478
712794 865697
225389 60385
291252 965489
865603 880766
446485 320589
566102 449277
746543 315092
37528 182791
667651 824404
15005 741121
209370 42819
214335 746088
692523 64817
900562 511554
285675 561945
37541 436741
734258 737661
328507 297619
371342 27721
320247 524916
128080 173944
393893 600451
958147 834611
457435 995953
713991 540624
581569 918679
136991 853973
172412 293034
556194 729014
30594 269537
404489 22343
530011 474278
946442 200735
20031 186560
684170 896465
585667 559668
955261 468944
886702 191594
271684 190385
792397 218534
90348 174660
209868 696476
227041 627093
22432 144027
627132 612091
866733 118324
676070 532275
211328 775644
883591 362736
846560 841085
668767 201166
652420 394416
426205 948161
12034 52875
726705 992912
600062 25203
741164 391736
615924 219077
607251 44634
917381 362372
146288 443977
850118 505267
455840 850135
734122 558373
413050 650972
299486 337439
787887 19683
171425 887061
83868 57081
576534 167855
256689 612378
522852 225972
356766 608074
947758 28098
511440 680485
956262 76365
966208 627261
396963 854030
786480 639356
648547 265194
62474 525497
203895 752415
93407 695233
917402 282710
569913 422751
675915 78235
821781 274272
173540 987441
833109 688764
503617 478336
668099 533059
71671 717831
238504 521937
635081 739103
406980 273789
964977 332466
108125 802124
215853 669434
171047 964644
370163 532201
86849 491070
49185 648233
492049 56235
364130 612739
241023 713952
592903 535485
999297 645954
610396 26415
573116 767149
363048 786615
653178 711658
55753 249687
952192 179802
790149 150367
952630 559049
64234 484593
117920 113491
990552 885284
221469 666322
848112 665843
98321 826039
157146 737954
864907 79755
978277 740405
292788 547922
260669 152428
388086 199441
428757 628525
689462 798895
996554 635458
742764 261056
322950 165346
159814 526819
911361 329418
941729 389514
32049 181110
499956 919873
100832 778018
182965 670210
236587 391409
982121 802643
881480 509628
955061 737957
207369 705711
470775 902984
19974 351419
36866 644323
490831 993586
460015 461818
233467 10773
646511 435790
879096 725050
152992 899511
173051 941792
47858 92411
177327 411210
357129 92483
734777 875580
14041 3337
609838 102935
979654 976034
37704 892039
54398 487710
829342 502298
956760 380395
134798 944109
547043 391313
724664 132405
447517 729736
101015 388021
992978 327780
233907 485893
435337 991736
641165 409141
391141 467046
417569 772160
20029 80753
493799 657681
193240 274648
382087 680835
583489 968567
604938 284005
232564 478535
47479 815607
567585 694376
898171 144166
132517 190626
366816 317259
164977 281819
67229 630140
668315 562951
950322 406067
932993 125853
496347 565256
870227 555880
155144 884867
584058 44365
469983 363866
846449 704877
920510 423788
110226 999284
342102 596646
475556 608385
57990 54603
204123 694247
483699 735125
978669 458177
667835 93015
975055 641337
119284 963313
288006 216695
59694 451523
336340 370064
102137 441161
768522 398074
754519 813538
825439 887742
944798 253182
788900 688550
691644 854127
644626 45365
899351 741728
617120 410948
658874 330705
121160 785680
156490 399919
518865 446335
868324 744952
557840 270927
72337 986883
781739 917433
85335 245137
537916 518608
286773 737062
412328 575888
138443 579457
530524 784947
725009 192807
893693 895573
987193 755369
242847 640936
391347 946249
733611 513670
988653 107392
394766 669897
455166 937076
768333 873579
947510 485168
353507 322145
514155 536533
252166 737251
678055 389898
608026 456652
750122 689267
234539 758431
681681 166317
565311 958886
324847 391881
919658 840894
316186 632383
860289 492366
586469 266198
245959 815316
770007 647184
814129 157557
571579 779151
427793 266321
77793 100187
899943 898724
406604 801030
572491 343858
280016 231066
625140 88496
45868 674693
524056 874025
808359 831830
844373 841698
107009 488471
441026 9101
802959 756699
962049 48996
744487 639165
880690 501332
632984 344502
675305 512786
882850 89878
553834 640160
950415 26528
79566 152213
171150 664718
38319 382838
614222 56632
549199 230121
702689 405705
354538 464261
841102 955362
412115 212971
935395 95577
484484 434395
137806 287211
354051 242626
562435 123394
682350 789310
292327 880622
955777 793896
314246 599774
440803 499670
29940 434735
913713 191820
695103 766262
265220 968273
296711 718079
45231 940116
771862 995983
151056 255452
937594 336955
47282 535071
793156 527363
513851 242278
319053 867588
122289 827007
291157 449940
981407 877842
52536 774222
326911 228185
758925 655739
388906 474476
195022 301254
868605 951945
560552 123441
261575 341729
903306 904227
372906 873261
908939 346228
156555 496691
76698 61976
964182 818230
705486 972986
270716 622590
417831 340145
427120 464989
614237 302068
778130 188472
603246 472385
60177 490611
655425 75906
849770 362773
531833 917419
853682 173437
375784 822253
256569 418375
367613 380234
442095 977049
297149 556585
566543 334791
839847 749700
234596 719397
617930 670348
825167 568622
665567 434388
422787 838988
647033 115959
767594 911817
361561 61936
593166 12029
430682 318282
334763 197263
367043 647023
447607 975834
215079 514222
444254 642338
635564 416219
609103 109130
472291 621429
173127 732713
717334 490129
357608 738622
542552 5701
966473 4123
808887 553823
110887 288427
548573 191328
168502 870766
976818 646368
508603 857064
917459 5627
85178 677547
52952 889813
277480 280345
940672 61106
670736 214748
612829 134692
217436 883125
909955 953639
205190 947854
161686 749036
400880 866822
963297 720603
709674 147570
422604 620191
277545 803979
68488 74282
759223 540415
77663 240841
201150 186431
171655 935055
545410 632031
142278 660008
484374 173442
788396 710602
553454 251966
703700 757668
59955 702819
204192 439014
709062 652771
2948 959872
190585 965128
646366 340053
705052 789588
178279 358260
667579 91155
691370 242265
860873 682032
715611 668679
157483 564644
183159 129674
731386 59738
438736 875027
622477 527734
55701 737596
500766 517674
389373 28068
360627 601736
931633 74891
695822 859265
95019 989050
215402 903415
291247 180139
966309 955559
974445 421722
568897 566714
571320 715638
824730 462916
428160 399509
794331 910292
374867 166548
874532 165923
727366 640833
470207 703901
236206 169356
211367 531707
211860 739014
355815 241600
620690 981517
189749 739005
256040 285917
50541 26201
169567 182164
355546 383164
924416 311862
708120 729990
976723 864104
875404 51155
145652 751671
105546 41783
517289 969020
842849 758320
216019 2502
69635 388505
67375 950660
83454 222403
254325 614526
938873 875098
317422 259930
620114 286226
560958 600476
525728 338651
283432 459780
913174 650283
639053 243956
393290 441691
405868 268757
141228 476895
647510 453239
463030 123031
570056 700083
304978 728735
923198 862686
679367 883013
531418 508403
669855 254980
762081 349746
724924 292625
416251 715186
639254 342432
181847 767314
770503 594804
367470 813007
238782 580822
38164 891043
477221 208490
765040 478502
616638 711452
650740 394976
96041 963599
873958 576706
430247 662151
426130 706871
474772 863200
777131 921415
770605 400792
764506 26709
975518 158210
761635 764903
759695 446581
43017 418712
614326 736745
192546 535292
734992 504131
284383 23046
53382 763884
912920 228970
246503 242571
675884 210709
210187 441324
420121 594012
739863 999891
452501 656556
594108 171142
405835 413442
516013 782761
571557 756397
575730 246948
140296 252608
898025 297963
947682 676378
157116 509891
277592 568660
722621 75594
250912 557035
161387 245464
973455 701488
984218 968668
747773 613023
895459 399625
462537 382145
957719 28889
606100 860803
732573 850078
42878 650603
946826 670839
979231 888684
692109 332839
5724 614277
515531 30588
27439 453089
29681 854951
659247 272593
984877 209380
609780 792203
963639 214880
678751 946557
1502 86785
140915 593784
748171 824224
20785 474671
802772 70339
676280 768905
706372 398400
50857 976116
35367 753284
749473 14498
860450 297211
641353 544573
909396 928723
358490 579346
538997 349384
715174 584526
403974 843386
58052 258950
72986 818685
721186 506513
669023 447415
372988 943540
269905 228274
397545 923029
859596 883778
172222 433973
911659 302568
998160 769142
848360 447202
477485 19782
744155 772568
209205 225252
761334 5345
997630 329557
845247 392948
354136 800365
665023 266425
13307 922460
420905 488888
590177 463227
688563 700732
77190 752843
953148 144663
544183 298122
500533 512800
702574 710325
664261 606111
209575 4594
730409 560140
265526 708150
366291 477279
29936 303487
854285 815664
941031 151770
919379 209217
745437 194020
620473 193165
500866 88824
477429 775039
944095 599991
249130 472264
635028 205807
45145 292890
807308 526589
702788 18856
233234 831309
533969 864860
645518 154691
212683 223900
325580 271866
677719 908359
906685 560896
604502 341643
708312 360195
962561 949068
876608 5600
134679 853303
995208 433745
698999 489629
231101 709
788064 940991
348017 177366
922603 412854
202227 355410
197076 669182
594193 972628
428033 511142
310458 383899
205222 311149
181526 67644
116939 633388
233328 250432
217813 969247
126554 200468
45154 31382
682441 429995
379832 297937
917940 411996
332622 719483
344844 407796
407524 517995
436535 750281
824134 904345
193328 453883
282401 539438
270640 633525
658678 131449
553532 163450
123651 586932
988683 634875
900084 629035
47875 862779
737685 984118
870206 545245
866493 537346
367766 588677
103875 269310
619691 156764
661680 188983
230330 942853
628275 683542
199867 210200
107635 577708
298198 196612
960245 733044
966064 817325
496406 869391
991966 346848
380708 730421
443327 899912
191244 274148
326606 906068
849445 307396
88733 404459
512192 178290
962111 44436
790951 424175
5080 881245
793780 462778
630071 197946
256882 141272
991594 603889
663037 759286
336794 821862
473865 524299
974736 536593
574236 989329
915574 360527
786100 9036
479179 982874
908113 938229
942704 380928
342128 831941
186681 868734
391448 661190
301962 933436
423729 207595
307958 331352
799219 343080
738362 390735
774055 706723
852362 671372
412538 661835
417001 145466
428561 994270
959983 840225
385747 232205
649945 160188
689357 430399
472121 562677
740482 126561
955226 336887
64934 835323
985100 804228
863062 747113
510633 542812
680054 847299
673605 994127
49594 583676
6980 608937
932242 583054
599661 489290
897432 551338
642278 693446
831300 246851
621651 922431
424332 134108
623529 562393
664768 212069
675511 771216
524996 424893
105475 7203
640450 204400
981164 851478
793575 938861
184651 524538
102445 445573
198059 919177
107058 557805
100244 103115
883144 323586
984935 500381
594276 248922
311302 814213
317519 167159
305545 779527
580372 981506
178025 915498
713458 834578
79741 271104
524948 766899
179840 553827
99756 967074
476537 495888
326746 910177
786627 223365
312773 197744
454571 316761
565966 928396
134132 587643
819565 605618
354288 857035
630764 109706
651043 184142
109160 625166
142535 533210
889634 782630
750372 738560
524045 439418
309273 47178
294246 232007
965680 574240
324557 405118
128763 873207
855106 79175
942733 98262
462731 311293
261724 367036
567560 110501
919006 149040
31705 25986
744938 702382
482308 903640
29814 603026
724115 652181
171304 97915
637944 747180
779426 162870
26764 310969
605747 921078
23068 723415
232205 947952
914185 948859
650285 945334
469579 332932
361596 270622
950515 407718
356674 442851
90182 554371
646318 252494
900913 251410
469218 533061
739231 20964
103150 997138
462177 957843
97005 989224
372571 740653
74028 42756
918153 606177
631192 434651
106171 384007
394059 708998
199296 717962
271396 830176
374824 321158
768565 194203
811680 926644
183501 374101
661469 321279
264085 257890
823538 79495
496627 852380
929099 729329
125718 700470
709056 605514
856063 19924
777349 100221
358339 557609
743008 302128
351921 682579
67624 651548
766252 875795
290532 331256
422018 239174
872145 969213
816478 564949
903901 30347
440299 781485
469111 423661
859004 642510
431756 27705
366472 514167
493939 586899
989373 15002
497640 926538
895065 86982
365802 740052
780171 182231
335770 548597
465204 564620
398005 68438
906559 351744
90297 363378
527343 422293
254614 564090
123405 995053
294639 231371
811024 828183
9222 316756
974390 277579
622548 937877
415722 740978
730998 85957
512668 381340
78042 976083
438882 370282
303575 414533
858530 600427
544330 633859
961328 411099
164357 563219
718851 707341
770280 745968
744813 586783
615477 641151
678792 106579
563271 585735
210266 953319
718590 788498
736753 665839
609522 885273
853822 577172
577256 223577
680635 551168
630566 865131
633075 729413
344784 102570
135920 238964
45083 344548
231292 521534
449879 556853
422775 560951
542889 238707
766978 927479
152007 730899
234798 447879
657515 86269
426048 324384
301360 699620
599838 25525
170814 569770
243409 437492
403832 893855
834332 348893
530922 744179
316362 661468
323427 837010
595217 980789
493462 711505
802072 753788
983634 227212
877766 562144
407801 799142
790361 467090
796046 133835
349435 495623
539149 743359
554333 457361
171728 663496
312183 326907
305228 440384
608561 155773
635337 268075
683981 113156
587492 840047
399889 668653
474856 731813
622243 273303
800317 799917
452719 388412
127465 558647
793516 196878
26841 334817
780176 440244
546764 461601
872753 772606
322769 913399
263975 550641
872380 366473
422610 111019
771589 686899
218879 168217
700250 230181
71920 378713
665413 797208
13650 550688
89381 549315
90345 364085
39340 194146
351947 889125
613390 840791
899935 537414
506992 472258
373790 429610
908407 699113
80884 879301
977977 57894
957339 685947
162728 155546
359007 199783
685059 416500
909263 266825
774897 164209
314665 51191
349091 248340
422514 125703
656246 817267
259402 262763
956583 539241
400080 504847
429014 577800
908920 898913
522368 61379
870856 335461
270911 86338
41798 26880
917660 301623
503365 139857
124517 763305
107495 721202
457291 218445
670350 655983
941611 285157
115875 929742
143089 970844
371097 920734
522875 1519
715786 479472
308964 946078
875097 283489
601502 958839
639270 816856
457546 704726
3173 542931
758157 844173
852056 998465
23083 123071
726226 371504
442179 471335
267316 910190
487545 214846
910354 81846
27203 51855
425429 932432
344175 542019
998820 823023
580141 490750
120765 92782
949500 990464
940667 727335
31913 934412
233995 619075
880837 507783
355454 873424
541706 54301
588775 996863
177933 209389
580332 810913
551166 360939
934378 597619
692023 397063
295156 458489
62147 816343
394717 172271
638638 531787
666714 480858
493986 447751
66524 319811
248767 396117
762348 325525
666626 670195
506925 951946
302581 19084
851337 464023
903577 482029
758473 747248
961071 354020
914669 464299
167716 792777
121337 601102
493741 259619
729404 518849
402284 33016
743281 124549
644562 66904
286706 273344
766364 9298
868811 311312
93976 265842
617490 855701
739287 104483
134018 571024
808322 341654
162022 313537
425568 749239
990470 835133
747624 827374
656696 870215
672949 388050
379775 284702
70528 194778
338628 918153
895964 159235
558428 631787
453444 515859
24545 270382
556375 474640
948014 959167
14491 155940
18277 501644
638719 219419
836207 88440
6506 666291
923116 148226
928281 673501
364722 852873
477002 329314
390725 251454
726042 821000
877487 534733
755155 428027
524650 195161
906126 53120
425668 538707
285562 324480
955031 873942
558630 84014
923190 560097
568482 426895
277721 694086
703353 873623
514877 89835
678559 57879
517496 414740
118512 690628
492578 638705
979028 948459
716133 590420
4782 696773
740381 128975
892152 702456
514349 801627
674374 263233
262042 538386
446028 524876
770596 488212
316983 393392
891325 582684
719479 455832
803287 513071
198688 686542
64622 774058
239561 994523
305986 237490
482992 822713
296353 557396
520664 668716
452710 253294
857628 765659
58987 80197
59651 269078
40008 79567
58463 636138
641967 483064
231034 132417
326927 213392
187227 680149
603968 315204
749787 368469
508636 951330
701099 939152
385749 71658
164614 779206
733706 195249
780964 610297
931470 187248
804768 195948
737019 605098
243571 203010
888222 925959
599282 833904
216783 709893
884829 486562
436986 778872
805927 25908
831164 650279
930187 76343
846386 969831
182770 540351
934456 412483
777029 765922
992920 219834
344666 437615
280247 416067
814987 104484
270999 744558
709011 676026
149774 952043
244589 203178
7777 755161
994268 938202
421837 619675
591697 324675
182263 640577
182739 606333
468304 858043
464951 958934
17642 828236
2851 337811
18134 659105
451170 294892
263504 955697
919202 696167
820492 635575
816642 404362
797828 408590
696210 188515
132393 390186
692272 276214
148110 801206
191506 118950
141142 926166
625917 75019
921924 145278
479760 391939
121357 740047
296415 605858
524755 328771
68180 465018
984186 403874
869942 692822
992853 512524
189550 839815
630752 91496
765299 373495
147635 56937
414950 81968
158924 16640
223467 143613
457187 320711
727718 192734
552644 535987
287813 808538
144281 227862
713411 553358
691175 784062
314627 498433
835832 271669
620868 176458
913420 871914
975617 498155
267076 103464
535115 796662
267769 700189
386261 744403
415094 392248
783021 815216
180704 856469
176207 176479
183540 176008
421043 960705
561783 237829
531369 866606
149011 408118
105605 504393
923438 374823
409953 2539
351300 216499
237804 266818
312616 294163
535905 739063
706826 678712
805461 373230
939497 144146
739698 633398
643043 102510
951889 951925
662691 138088
512940 491985
976026 763508
172358 810471
355850 48567
345219 779587
608495 483654
277844 982392
35434 857411
271775 581644
508472 123334
463932 13281
247554 766292
719099 482457
64709 857200
401091 858404
739696 774030
700792 488822
177104 544235
451450 205636
189121 802125
695932 626327
171179 157225
546787 397978
178759 306819
46315 549282
335731 378260
638639 749720
287163 955110
812616 996475
524979 598846
138758 172799
3433 674343
699149 584102
566356 557528
187954 338489
20355 614631
807700 477367
674246 791968
207866 683046
994418 101691
439230 968417
347555 617593
563591 629844
966287 999135
910128 911798
34874 886293
131942 156703
533915 728871
999132 375821
332732 301240
693058 145132
244463 309586
108488 88535
523194 279304
964716 886119
552265 217865
486047 19070
890287 324686
48992 196938
289448 418862
825147 618372
902561 614040
554397 441474
492962 824615
229208 668926
584212 485886
656977 864987
466082 686116
741628 195415
535627 116333
280770 262950
158009 282374
319466 802180
945030 331578
992123 540623
712055 478320
85591 883214
584827 713863
933305 601339
229365 834215
542601 576607
240375 480224
939385 27673
457281 462305
969012 152205
665805 855025
487662 306763
289058 587523
175005 468042
510414 491792
303013 785484
238841 14318
378221 917589
802591 650342
793496 283266
765207 721926
444690 33872
502938 704834
969940 643271
933415 42017
829695 758572
525911 107062
776751 882711
11383 888488
850987 54659
762434 981554
74772 639432
58836 518988
787458 631330
613632 257724
885880 231949
492586 924326
450479 201157
202902 290820
167739 135741
530342 742359
101491 532039
110693 313950
905225 323757
447985 440921
255104 388628
382769 317836
710545 513192
91534 340261
282071 116836
481335 173436
460546 94962
685742 470201
492032 13919
822186 317838
622690 985363
698139 57258
126404 627537
322020 791492
243555 187848
491537 203011
194982 458831
97113 529856
329142 928293
510858 600534
361974 323074
983804 114996
964904 205212
674561 212906
939236 68816
657871 320615
134555 859721
312180 288149
460994 525375
459575 765209
103107 574615
753438 845756
17506 721708
836900 916778
541590 552800
608587 605880
191915 913404
445336 944837
592929 992663
534103 355288
446225 762487
975340 847477
277517 457551
973353 934449
564359 944592
781706 624779
781029 532926
797388 760136
876247 60357
962012 829664
477181 152574
992485 534825
609292 582950
226124 253554
829276 450448
949414 851109
125117 714110
259038 128103
759994 497616
962266 786190
69634 626139
325285 929430
620346 937268
871324 636524
581139 847708
154823 793757
802431 922044
888886 325268
19205 472193
964875 165234
955337 308853
175419 532397
116117 108895
916501 6076
499089 845280
450326 181943
411425 848835
507464 775785
711308 385223
677038 179582
231243 756887
482657 301772
85767 136236
87737 636474
17766 947637
555849 223007
743525 358817
43979 360330
796520 4702
46449 800313
339655 419150
286901 34602
411211 414006
635183 575947
647906 248356
78401 301323
486583 543886
481371 752836
895435 577921
929979 709113
312268 47099
909622 301485
223275 347544
911385 760609
574465 74984
209502 93907
580990 904368
818889 245675
455042 639656
224854 226677
137408 902585
220998 113753
915057 802768
44535 630311
869465 156596
686802 182642
852601 467839
222054 197986
989077 840247
651664 445478
442099 423466
493084 462175
339019 407785
517253 761539
177282 988953
548301 643617
766503 534717
201204 129280
552681 378298
724485 697060
97360 116723
722073 61838
979216 155118
974372 310588
932594 665186
80634 160989
599732 448831
293897 75816
656925 408461
474473 615146
392267 217928
746850 273707
139545 656234
391561 532092
104700 662442
367200 348073
891422 72530
204481 372559
390327 118271
238900 215354
386576 950436
191444 295201
262249 768710
618861 388710
496467 242282
621891 411371
962513 737164
576333 475152
252441 472923
889850 255137
773951 685236
403046 252260
762524 274538
792078 34789
811718 745648
122662 648378
615438 744230
129360 997798
553555 879211
833541 674098
663107 721509
832881 539698
375972 564284
435453 464181
488106 270379
197539 456506
414352 229880
871605 863489
883849 299919
538304 903406
452204 777034
142152 41360
195272 546162
385335 797788
564720 68488
698620 932266
774304 622264
949462 389624
369075 192636
541459 617395
434174 995728
659724 415274
492609 847145
115898 202693
197506 367730
833207 480119
135754 886519
539197 192615
86415 997276
711154 575673
924527 291265
126713 78791
306991 726983
938420 511080
650061 789708
39626 684088
513643 674783
446658 256241
378620 198758
643246 883639
106480 780099
127387 121014
411142 31699
714620 210804
159415 874338
638595 842619
957553 736270
489391 180579
614929 825796
87998 223953
631608 280291
442314 386463
489957 976340
735014 74298
578906 645856
943787 484170
404779 418022
52559 80371
239220 928688
396262 178754
973079 516895
880528 228612
294117 103476
674781 781824
514351 823204
284139 83064
723332 456381
539022 202686
947550 397535
381529 241847
116824 970526
296613 991647
941094 844008
720080 443976
953151 249958
532260 632082
975831 76191
304560 739377
841317 542723
893229 38501
515952 305620
647817 714951
178731 651640
477473 129108
399917 621774
360453 24204
642737 580664
271360 671872
371641 821391
434330 382331
352281 293353
431810 649383
124331 650813
803217 396106
140167 220701
647570 776318
568564 204183
256031 372528
197353 334321
188400 58424
689338 666458
475898 355145
44684 875990
338756 84719
784407 718433
703621 317800
730854 22379
563396 597859
606281 924187
560228 876045
298033 894427
647464 640193
795034 592753
333164 744302
422611 79790
866515 415942
75024 969165
181900 932454
7509 103902
617195 449542
573602 60491
3588 474265
929258 902886
957201 841127
685506 461916
280760 33272
753287 683804
88681 898837
516230 911758
936280 926391
782484 815753
162520 484564
941155 139169
975868 458222
917705 934483
220304 837686
803034 335715
98161 966417
239115 550739
52623 257789
915343 71728
109868 341514
50079 970517
554151 932608
705317 258662
724906 994486
43231 299884
155967 150030
299233 607448
233934 700907
373971 101965
548785 95749
179040 632393
207952 794910
206733 700355
169791 969946
497956 622289
51321 22888
513710 197918
764855 195031
874172 193891
576755 820723
932489 271211
717934 206235
576142 759994
207004 489431
486670 508982
869894 154855
415883 360449
313427 162233
932766 408133
209796 674778
493859 143592
54508 988071
373720 742656
227744 501380
495349 53903
360349 759888
131105 976849
506147 72429
309709 712955
896160 662040
275300 719208
817496 120166
512877 693063
416293 546656
10003 964936
929246 39790
69635 613797
138797 205607
382157 580043
969762 364725
943752 239268
250732 968330
51816 42894
44415 954282
99357 418039
436613 63383
77666 181481
51349 479734
644406 118051
803389 746146
261950 297940
467735 749272
712631 870794
955986 388092
873711 377783
468156 650881
934381 272024
970092 208897
17662 79425
351164 193822
52313 955610
261953 110196
584945 750940
965139 746612
681080 58392
28132 608731
307598 382795
472065 684339
277592 894211
487507 356742
357792 211404
393869 31724
103564 999191
816567 887100
871772 199879
822360 194533
370146 481310
546677 677695
393955 34383
929000 569763
811922 207224
689115 962245
433217 436252
867073 603609
598365 895262
173695 686430
479856 938381
69827 999542
737432 463561
706215 889117
333516 98511
182089 468860
404614 476206
411031 267429
219877 882302
732361 536702
152375 799899
