7000
126781 284063
144050 425882
601221 864069
455155 729445
793800 73472
762140 342255
338663 879247
214996 515463
863270 91090
233873 889442
498523 278445
763826 358864
534182 290103
772850 928515
671267 157769
926068 801651
415315 238775
199405 588367
828158 497842
808344 528139
330743 232762
879951 119698
165814 523877
809150 442611
619687 785529
835897 660878
914584 907243
516095 617217
702120 785782
629228 547409
362056 806336
221491 495471
851114 208056
219196 558136
904992 560308
879717 391916
546361 9718
793843 264248
958444 152963
660847 505861
95605 778536
401145 790428
992225 254430
381757 394143
926325 558006
500542 542639
842263 391116
246550 376307
658375 13396
823027 383250
426476 39238
839412 364298
596458 827395
385314 833746
383905 121492
430894 511481
210272 830211
326539 549778
666826 15775
787363 777848
356494 616876
292855 118192
504861 653790
258454 658224
817832 588927
76854 786633
863514 212250
99034 266497
293356 798506
162910 116811
993336 530815
587707 548524
739362 806511
994745 340404
477997 475716
665611 187914
927315 643705
594117 775137
751945 695892
82339 515106
177473 477322
74513 649731
103767 349804
872820 916869
22392 653440
643444 440596
351983 624502
275480 983053
149505 831901
566565 41654
974385 601941
81450 639692
167350 130147
604023 264756
513915 32555
209046 335541
766743 60198
120300 761329
222231 554611
485788 690806
526541 395891
774852 171929
399323 486351
289054 660496
948985 829099
757525 318811
668489 55
637338 187801
413548 156762
504974 658942
829241 230754
664715 51318
878957 630445
60977 596090
349052 44517
873359 143665
616758 371842
382122 228099
721879 540688
760753 221010
678588 419803
144044 798991
256504 331765
99923 295372
736390 503394
705211 611415
117157 758308
828776 129379
631236 369329
185176 100513
704008 509957
629220 789809
787103 287642
216723 781811
159828 316617
950737 559469
526322 516427
582001 419831
413789 221199
710460 821537
67081 614078
715819 113242
489045 299856
320552 495214
273149 236158
684487 814508
452364 616592
244219 997714
563799 53899
566467 61720
803870 201843
608671 354730
843625 411564
916734 391078
408513 180609
979051 377877
629220 303831
540948 937033
239201 88458
650429 383099
613361 438890
700866 171690
119872 752582
914753 858172
720355 324946
569315 753555
511730 368914
160163 672360
742117 427972
831721 33665
842843 397401
992239 547315
564380 849102
284588 302591
838384 998360
269161 802221
250803 803720
895082 867860
477427 470021
880045 432039
79323 395352
10685 240807
363279 539294
410871 695384
915505 427437
895521 42960
802045 795925
1603 417904
736780 479635
820990 989533
782090 379194
820938 56633
428281 173996
524273 218488
889307 399185
906624 193217
180874 512236
554021 245160
506612 742148
802655 408998
235869 411482
109464 11272
853398 330181
699939 163883
824612 236949
568441 818540
350843 286639
188036 196952
838996 872974
121 998484
197626 471661
100000 20884
434759 571668
251029 740481
132730 752825
955772 92412
467346 535034
473095 531746
502715 796049
918949 715530
419738 25449
130402 426240
154168 856682
614914 319216
827598 537006
394111 842740
233759 728059
374326 633815
806417 474767
314114 459976
257712 979201
394947 708949
188735 175849
840234 425330
785469 966131
189561 842133
175581 47511
199443 763346
585204 372786
205013 639366
657749 702901
718867 101361
135943 615088
949086 707838
180982 902465
982006 855190
165090 949438
872819 479231
68148 506663
429929 711843
728250 803489
441056 917348
785935 715707
346388 591474
268909 457183
731222 308307
711829 818488
519757 994200
543683 139474
341210 825153
342247 894713
909776 463191
482507 365618
366362 993052
498210 107863
147022 559514
275614 457136
553816 315094
436121 702153
160683 748667
78247 970364
317753 11215
350135 38734
235123 986063
912800 160163
813032 192270
835321 642344
72511 776065
295335 634547
269457 616275
448453 956507
79994 505574
129211 728475
628929 740318
815746 230486
135742 373163
955622 623738
340974 974867
66942 824233
554958 233473
671414 423913
641366 280987
790980 883428
666720 641854
321288 932552
895140 750151
258953 682088
822024 157554
357124 552986
890389 373496
993635 741675
317761 857150
554996 968564
381856 890083
695811 123371
333202 676197
822478 695491
679571 602877
130034 714939
919331 639959
997201 501327
759000 488307
20297 503349
724638 669202
28125 467015
928750 862956
122442 646323
753009 621844
867491 695852
846629 576548
667747 369299
899296 869955
833878 755542
229539 750009
42336 179180
357994 721078
465087 201197
347061 400507
15313 660198
788651 127681
306645 962394
297699 881161
646775 333755
528154 181417
146262 739480
135482 654817
795228 518655
468853 521438
278582 269129
272085 880564
810777 207998
995759 51431
30883 664464
148569 926721
83948 518835
231753 817664
734377 302931
819979 535180
87928 694001
295022 476934
190659 51650
138967 473862
744061 710781
781162 823865
551011 667898
309081 968456
446007 242344
167615 490631
937737 92163
365943 851162
236227 546922
984198 881298
76757 511588
992504 161862
260958 905619
185804 44535
687866 803121
727881 928127
752903 357804
492976 693100
279254 773197
743064 153170
128389 432081
692320 176826
465404 193441
12503 545989
745965 434769
800702 669144
474417 23918
549155 457094
595867 707262
880718 693676
390622 355807
64234 475189
334488 170808
772259 196472
474155 739485
961002 662712
568078 413580
81555 345991
969504 594270
508837 567943
129339 163086
237345 136749
900632 501913
557743 611308
237866 205393
742275 399967
367506 738875
733953 590978
435307 969881
148774 267195
736149 859488
26327 459395
654227 79643
797065 129358
509829 467487
524494 23430
647863 919699
604615 826945
883488 641491
676046 715049
795493 463426
976851 521138
658217 486087
696877 704591
318900 572843
353565 357389
913464 674397
542871 588721
215669 940870
565786 716783
655842 62801
90476 53987
290849 414009
59508 466706
973227 559077
613432 986893
452882 60017
843358 524842
578404 838565
121184 630814
604959 761262
501341 485637
175419 876181
532150 439400
741193 852081
763837 105832
115999 945299
167193 747741
134476 224941
381168 369758
529358 550065
141532 290383
36094 196766
612547 274278
845732 33578
171621 473940
251473 797442
609951 713788
30806 568909
220141 665046
911751 181571
412225 419978
72155 866023
274314 715094
12953 455486
974185 570906
422164 634596
751020 987101
518263 316920
62449 581392
228310 669109
410541 51696
215320 818598
42783 921142
574753 359138
606325 38707
884149 467132
233402 987009
892152 243379
63304 922994
871249 28860
593372 734381
148767 595086
387437 63628
616030 573069
606592 680064
564715 729758
211780 899559
155129 663749
451317 903145
954632 300588
990975 65832
843241 713560
925780 358855
192197 95403
229937 71600
352440 756865
10906 522955
560727 131278
88109 384166
483866 77672
758438 564698
431419 865027
158814 964048
553000 517454
847409 378954
706243 524846
531712 702530
539421 483521
791748 599940
483773 649053
892158 249274
857502 475656
334877 418321
140741 862118
361546 124487
597384 606444
477924 675750
677404 275586
806594 260541
939003 252144
438711 73836
443566 734585
485253 25306
364680 395880
436987 715975
922251 977787
567649 80266
73147 228057
506870 496356
59220 931572
331960 163092
622133 777830
494689 786744
812857 702456
848407 611945
38110 491836
229704 344595
824756 107461
21106 511825
182773 54043
835792 956801
995080 843185
713961 787441
492787 127135
816770 25820
272230 851534
792938 446224
916988 951647
876509 202016
776236 976722
890339 963609
725119 671682
370017 73024
204489 765320
97892 690538
644809 746423
250999 834600
957994 542414
327302 657341
927232 678809
11938 346002
327197 868302
597066 847664
534697 752239
408165 480104
189545 277830
169618 150805
133049 34311
809284 396640
729729 737428
434431 855007
993225 491079
690791 446097
309063 244195
554658 621923
787165 348811
586624 491766
630896 33989
634290 611623
798335 591508
305839 209873
548921 243215
413076 428481
276634 470428
978664 517151
309611 731964
232056 513099
929601 528941
971 938261
919307 874282
800253 238248
702869 419055
908763 284212
800682 252443
922622 27956
336221 658378
409586 568798
707143 737894
59326 145370
275707 824980
730995 790043
649290 421466
535705 535748
546358 668328
81114 405080
745803 575239
251190 295183
79722 439270
76897 803453
608763 273077
329622 419470
569375 46580
382953 306625
497806 525923
679887 797905
83048 813444
162680 499587
627385 885764
783793 414002
883578 950931
973399 931781
381268 757054
76941 48592
971387 248988
785390 363926
26905 787239
955657 90004
178127 955853
91807 600991
92840 777941
971444 537212
924022 592297
886022 939067
723167 387275
732720 121828
127734 929064
2478 748977
743980 561284
760757 717691
595269 687883
922991 409572
715072 893688
690889 320657
214555 977790
219805 499626
976653 980311
249464 15241
868494 731162
68151 245731
101348 857988
718104 63117
145256 487653
662297 772238
610545 311057
519047 737885
861479 572289
148162 782073
852468 520197
419522 618120
344780 807199
528858 281717
512103 462580
629977 242740
606460 267408
879827 527035
863314 544266
876304 960191
299681 417332
807684 301238
978715 704697
951477 590669
954011 24135
217323 55651
905902 327100
750499 641182
192283 310295
745731 827450
600060 361089
412214 254700
117795 42051
804608 842138
70298 734877
742665 780088
473470 775611
187979 805945
258279 765341
694028 577716
703988 619903
986500 771690
821000 751372
635577 249712
107144 188211
18012 19340
628752 438131
801935 280054
605247 949932
890160 24239
346612 778776
614293 572961
53781 979269
60677 513000
671560 983747
570136 651583
222630 98168
553831 609734
567729 9337
25701 448848
335343 28547
152640 289780
185874 699925
109504 405840
67003 145740
931727 284099
506204 411721
235242 309599
40034 43376
712970 993448
636173 574243
935136 705389
320418 712409
730284 371548
592557 892892
636643 493590
621336 476169
220377 881863
848885 783846
16539 609962
901241 816362
682673 315725
844881 558193
22473 445558
423788 528183
73224 977892
882874 534037
992103 287489
665845 315092
690985 143479
428444 828509
701035 578619
594098 130097
280741 728668
326508 938660
587265 477980
705826 117806
253558 940934
691798 624913
640986 159814
666242 4081
620808 385287
883768 657317
191593 887919
58801 894955
113087 674116
381625 816380
87725 389673
929323 796933
63821 272506
924370 904336
690545 52984
91955 777243
467150 455656
476283 950642
741756 92429
944092 46471
68009 858433
545999 209734
748941 231669
769879 431971
906182 516659
182141 14109
370255 169856
585718 938754
981402 381702
122830 744694
377463 748151
772462 357566
450242 448099
762204 633945
679853 733295
566011 932458
946724 30398
492584 513968
503290 889866
693133 540282
480250 81214
763678 225465
89435 287043
782221 27577
352309 792209
160114 587886
437257 219959
812722 885131
876830 364017
152736 575818
11762 120876
653968 932913
769556 670325
525116 476540
113721 365542
54340 912955
409115 144718
479396 273948
576693 232150
943587 450716
691845 361031
572925 422939
574221 441149
100123 137621
741084 19061
940978 985478
220821 894646
685120 923995
900468 464262
420220 853410
381459 80269
201196 576735
7075 771213
553446 429761
516526 325451
575656 70868
343122 738719
794675 998642
803454 401020
199790 760525
668135 874895
507864 23310
122509 918466
508499 526795
925655 388002
956567 847284
843858 467754
533060 999476
884164 581039
326299 800551
681836 679562
229773 630668
862414 729146
168621 156865
767254 369977
207336 258514
523712 719034
325220 542525
120607 810952
297105 205568
325441 794396
900111 900291
632213 681979
417698 70900
227487 666337
286506 608828
174860 899125
573098 976390
171274 667741
819203 260128
893293 918596
788274 663857
91401 933172
863514 619663
333357 398821
471808 651145
944789 462006
576454 925270
11062 696715
709422 212317
394612 995421
615981 2891
365016 794546
789627 664230
605400 437043
715183 847026
978426 517219
432240 412176
504954 558475
726226 876705
885163 368813
848731 599721
617252 405013
68265 518870
666250 928152
555590 376973
752302 987924
251384 731165
149647 920240
262416 557325
258577 107337
693372 846418
396847 871884
351313 911994
43792 18366
756714 961358
420071 134584
73392 601779
68195 763159
55168 253590
943043 212285
889370 426496
996667 541932
979490 561548
669821 272013
113263 391867
922543 525897
584276 428461
556709 130186
593304 658144
145288 777644
297491 902166
953424 380831
31655 35220
601219 791388
26262 707069
632325 458813
712620 496001
275731 913592
517488 955547
57727 173229
497452 476139
545867 921833
900787 663797
480294 282612
103934 975277
985501 329674
522862 734415
100717 266706
992222 275819
398630 210226
937305 598475
631426 112781
402358 226072
975960 462629
189421 382505
263982 584318
830409 543638
650948 156888
467688 486983
371700 381817
469954 128805
424478 974723
682248 479601
842566 214816
136739 85451
153216 802636
291002 403718
96398 889758
883706 198616
434765 43054
500102 640929
312001 240925
163354 601400
928430 90553
738530 257451
446332 277622
993788 941546
293015 973091
912986 158361
332731 507597
724710 416214
315486 533418
575588 145362
540343 838803
726635 846117
411550 257742
506035 515003
33561 547486
606904 970286
312256 955591
842886 624751
734774 425157
696168 154694
834658 1017
430643 27119
610528 647539
104296 107127
148779 317949
650312 207919
709003 982095
406468 788143
982743 462836
303389 182064
641212 804927
633253 191342
900274 369493
310918 377913
290250 132258
401948 656529
186155 663891
469473 908799
200490 677715
820576 90547
78691 476727
722635 382902
878786 878081
180624 744184
556936 712717
129259 679804
294996 156499
870254 628676
806898 484127
688826 501559
646996 504074
592079 868970
380796 586921
618788 358372
363256 448643
470815 936409
806074 844289
872883 859263
226340 235571
321861 361532
210327 981649
238202 192884
997857 679061
192446 162637
987610 407541
437745 177640
48156 402769
353702 91750
60605 393730
757938 489781
772147 732451
427906 785784
405168 510933
985441 197285
861070 871528
637065 252670
269654 85674
315675 215699
822031 94697
915828 407078
314130 839218
219408 332511
923548 585493
189122 119827
447491 912203
639503 787406
296307 970149
298157 698808
619302 601485
215885 523995
647333 747646
834200 133408
183404 832365
657413 879690
734387 888550
48866 336009
552686 65205
124567 371603
816860 261515
594358 887397
170702 187086
827664 321408
294614 91479
930308 104369
345713 307923
158970 624913
563115 926784
319480 353324
752451 277406
643273 715278
585824 693662
43515 279448
544479 490760
272292 102186
302583 809059
94111 304674
745041 452630
745945 195833
491540 894020
491560 865105
440924 757801
194385 950998
631860 118598
603124 60775
743851 41597
219125 455043
119095 526185
406145 972002
602480 281891
99993 627884
84797 906063
131016 553337
872561 245290
162947 719754
844222 380418
53668 524399
143510 611262
792742 810984
237192 344199
612215 435862
918407 979332
717686 286846
308710 870847
674610 834034
690066 217238
850840 762659
74263 197785
749319 275129
702116 64605
408467 434699
842107 938856
589020 432967
460645 196994
573478 507695
99024 890077
200355 991375
390644 278905
124659 979522
505718 262410
267482 156815
495585 175710
55241 192511
946003 692749
200655 291408
113080 93331
725930 442254
261784 543457
906637 137762
298766 104868
577076 759031
475324 388774
496670 66431
166017 254248
111206 604859
460732 622258
948642 499068
16425 130008
167739 765295
631608 96235
699903 512177
361600 332888
915779 520329
580123 931653
848178 257184
745675 173566
970879 216033
339027 202867
34842 45097
558411 976666
146038 519755
173924 308152
533791 554839
606338 817012
574917 387483
665782 419015
527709 246936
477038 161575
340977 930595
840760 580712
385824 915882
936394 309058
539202 481421
537402 654796
932279 817776
857078 497275
848630 172211
854694 784252
1153 896458
149696 926267
465545 807458
337872 513393
536369 976051
902020 162995
519157 18772
493638 290435
2230 978543
872045 876576
108139 713954
990389 723476
873831 83090
553540 565325
476835 717358
633717 995167
476217 72455
65706 118989
243608 472943
822673 835711
867538 76096
281183 601238
813219 811636
557204 382475
894385 609380
980971 986061
305071 588577
231976 585677
717520 208182
930824 936192
209921 560848
200397 220092
803901 739207
101017 339929
856478 770268
672063 387105
379843 250055
427550 488101
376982 762149
490357 592367
767948 203017
710222 951054
412885 894974
343860 570663
839579 588945
582030 752303
251632 946776
606312 464832
929160 157073
275228 171556
164167 613231
193375 552362
110319 62811
658724 302605
10063 507074
85053 564452
141967 226388
671801 54078
114803 133931
247759 67591
391881 812843
93294 295766
181486 507492
637361 839374
433529 571073
129215 828676
704951 134442
968565 392083
130483 5495
443562 258129
620002 209979
413146 603873
668846 87040
994510 358313
347938 128887
595264 505798
201613 583397
882072 778744
989256 742510
517459 370097
583688 972597
745771 670355
739384 886004
241590 813690
877362 178034
872778 420454
344515 677689
279497 159294
434588 797169
878826 102396
668168 683989
1515 808849
937620 519104
363089 684250
31142 841121
729156 608357
734478 790015
783232 232917
593247 170605
340669 8500
174571 332655
884323 932479
928464 458701
384788 997339
320800 694285
100468 553434
350858 244469
29111 105796
999419 534503
743009 515365
231073 285041
964116 271723
229898 405703
656752 530774
459967 971267
434344 55904
954433 545766
425419 845453
581173 409602
594077 101716
862417 643836
221541 747030
668235 165015
717852 16534
538762 605961
712827 459904
330105 271623
758462 193269
382084 637343
982250 474517
428132 453671
658366 44349
34759 270290
757000 66701
921006 479451
263331 243071
176508 549410
956904 121647
350600 281899
835437 970979
279916 295560
398208 597521
688076 941861
230586 412151
11140 276504
190905 811962
559605 148269
850208 885747
71332 362950
797163 753445
308467 542280
931131 284404
102980 120573
560153 406525
874794 291266
482625 718308
110650 508187
117271 530610
365585 269949
882225 581114
85855 75268
149866 527776
48689 560145
178005 254921
976063 450970
284829 264580
757413 983721
19194 199359
365153 135066
181724 272421
514467 280796
726820 812906
920091 388415
251104 959620
917723 463796
75754 62903
817650 480971
604531 448272
379102 581594
891239 891855
444711 648676
364902 833921
988327 273032
968230 550330
218128 532638
133346 416152
241257 220234
957345 355504
707159 237263
974145 604929
424431 437623
241762 984042
238170 384761
947178 415397
64341 304655
877481 786751
468305 807983
344070 711330
329670 456084
677503 887595
942305 202996
848537 958926
332171 855840
692801 611428
196197 562187
648706 454771
490054 416039
89284 675389
80322 812858
825067 126440
736987 884022
555692 714379
433948 278392
661930 84170
933355 614988
648709 96100
26043 533385
245787 350414
419103 435610
991204 744200
206198 514395
137231 779084
710115 945157
705870 489092
261860 958610
534305 629910
370064 852038
372410 877738
669734 48523
585893 856136
184886 875581
691304 47703
659406 644724
741075 895533
155720 524082
325162 600776
778194 94637
65801 251788
270185 872782
771898 653191
617578 185368
911006 646546
940446 978719
828796 308447
953206 890537
174767 471782
305397 736537
592694 182081
670615 653707
604400 927664
230136 649556
541286 333072
182185 681814
987434 136517
316643 987607
843879 406769
540798 530153
455166 720509
933134 604880
468026 927880
962840 131131
735745 845641
466873 351032
663037 696736
153021 507780
877534 245193
261071 516347
830335 46152
343588 364772
357025 858784
544170 894991
61486 726093
801300 720104
897821 133622
525892 650166
898008 114825
14218 166531
613895 908544
298405 513774
267817 334679
202390 341884
323236 829972
659958 532373
860097 394252
673297 919686
464293 182887
51735 776539
726419 393889
378953 489475
381885 722889
740268 736206
207818 406314
178352 587344
523934 12955
234318 215427
912347 996393
621616 382447
9522 665375
200111 264880
361349 136096
222110 494441
444020 869118
301006 359312
860236 236347
836769 342528
397356 412060
481680 209915
264304 922083
212562 529429
503550 364085
23945 22553
474727 699398
414901 552187
136996 809797
816103 307575
988252 414645
406755 766718
785745 747508
106572 472239
295512 75210
978468 407491
847157 799828
531932 874453
232390 171858
62458 816412
38526 193273
676179 619873
355718 584025
969204 576793
399330 308551
918984 618118
46621 436595
256068 230077
232624 432800
862806 304500
776906 660745
89362 485558
618991 122355
233529 50041
28082 43956
757260 286034
873444 230381
948122 999263
537197 310905
367571 182480
756135 708239
196353 411173
289281 5683
705550 499019
545969 389176
723427 570154
241859 769903
862088 838193
488200 855543
897763 538688
20747 163550
961428 477740
205687 836499
526372 874780
907366 69555
717572 195267
213351 676757
590785 844368
287657 271201
364465 713365
345324 712354
973301 659018
578985 998618
540988 179719
598004 80814
600589 967844
533550 687581
494695 470181
137402 931133
744540 685434
218944 63137
162252 280491
900934 787421
300999 88722
120379 961919
719591 910712
329588 943907
591954 717213
677155 176340
310948 966157
184253 394225
290723 713979
84139 733356
922213 934302
705100 541856
625169 362808
16216 238212
324757 527873
170401 489759
138758 965488
728847 236202
680172 668830
44110 479391
348501 914413
711683 461904
324678 611576
398467 1766
310786 831250
774931 281515
528145 324738
807041 999373
545134 189928
1566 354699
881903 871393
934908 881898
810860 939286
981497 328430
686685 506492
542263 537034
452625 557239
983519 505499
27976 205227
752308 794558
736160 704233
371491 94093
998124 196958
732341 594572
591303 766726
947678 990393
654682 175283
661322 794429
298497 504499
191455 765731
919626 195322
579475 74615
548045 989938
596961 339175
551595 94251
252386 177333
706699 878602
194092 813626
598072 677022
624759 738617
215651 831768
604125 421743
113344 316353
61341 46713
570499 486823
865424 256414
585259 366970
767398 392189
774294 286746
839202 356664
394352 51893
836317 302556
116688 264991
382491 823166
907754 187832
215633 259113
749399 353674
403677 555935
826353 481902
596824 201607
730495 149783
479277 91630
365374 975073
80220 405056
117981 398101
915975 784927
359796 584038
544872 197793
586887 393204
242748 55133
447613 587978
745320 38867
693825 882363
698603 431507
825039 792752
847963 766447
994383 729206
308334 723037
9969 276030
208335 243120
11187 815661
702490 108845
776660 557480
51875 319378
708746 685146
589941 508117
886001 486547
123097 294430
161593 761477
922162 865883
453421 896732
232147 345335
63887 552624
624466 798363
229878 27593
979358 745789
538486 535474
6994 159479
310266 857903
431318 295673
226400 602314
424916 844124
264636 877917
805075 284556
894419 706883
103877 909541
164934 613012
314626 875775
436011 864110
938853 110219
260883 855454
466688 348569
96065 747851
376911 855288
659197 481816
91591 707363
656952 479912
3884 620420
964345 703154
588405 827900
447905 586027
18110 108329
961839 824902
679279 89501
888481 671375
176733 149951
429929 933344
811137 950967
199938 906372
539621 91002
834611 326897
741564 137015
267059 869490
328345 145485
822130 979979
58025 678907
253447 518450
199883 797864
855466 587016
422885 608849
28166 430137
896554 390403
607769 845216
472780 635171
384684 188887
878442 639662
267143 64397
295516 730769
276952 523351
609167 520827
129899 831854
987565 791287
584178 248623
443239 695967
543595 417516
961942 460028
866634 998493
948028 497328
548633 250572
192177 329486
662744 722717
923364 521987
776261 277457
394470 960495
853070 554871
456822 526182
948997 859238
418038 358551
625872 125184
740008 859808
866690 587089
296887 100470
248643 444116
647160 193387
931273 379994
902088 337597
439477 275000
466839 102471
840460 174795
204258 185108
789678 273624
985285 946331
888877 720330
820681 657682
693063 394823
142130 471504
378829 172722
482483 428517
197358 953043
454606 438968
389624 36049
978633 905412
660491 510980
522106 141057
52812 18236
495916 760451
726796 560705
866542 711074
688517 279073
595454 149345
427247 836247
940076 532230
271160 598123
986285 294373
366808 98640
18521 226198
629044 86167
905442 858062
259727 147601
227493 565721
831744 400824
359481 289455
967102 537042
412318 728464
666739 759516
687302 312136
290747 202322
529859 793282
403325 704576
822042 500653
833328 602371
546354 461887
830623 678285
862877 408158
739248 839342
830798 465776
853714 320601
829760 514876
383349 305013
737684 567730
852847 67483
266382 59832
934642 673812
982441 642548
544773 529524
658028 319106
199078 265390
971393 410290
928144 90293
468562 156559
190252 642790
55874 200937
927124 653020
783027 201260
274113 2406
488956 221458
888003 727919
453224 288903
711109 516401
329881 838269
474599 85872
110334 403899
910689 841038
101462 398203
670931 941260
758498 46939
931561 876276
251546 396349
308610 165750
205049 92244
386557 404844
24328 837279
457184 414194
761304 428359
909419 27849
941840 318548
461248 504054
968842 485076
356748 775009
516698 257021
144181 161932
434914 19786
198076 341831
187853 435458
335420 510714
367501 690067
499216 549191
332566 410300
426678 372539
774764 209519
285054 45821
383469 410828
425196 697112
199813 8242
715384 234787
476797 375982
107525 391792
792545 855615
423082 506684
471697 884459
364460 586729
605916 144257
385595 708389
762200 390119
974342 776161
966906 853294
998316 306568
213927 837139
953142 376802
410922 835884
353865 435895
303071 242785
788377 824970
71756 36521
65874 5915
995953 871243
285561 378356
696804 406678
565264 422185
7081 796412
620264 390843
798807 122600
426622 309009
387576 517922
708816 795812
906563 821133
834644 819439
372102 596089
832411 91237
935065 968397
925307 240117
814668 513409
19635 693880
367288 608605
366480 170053
312689 128233
506037 608001
719500 356740
205699 778665
621490 919289
934279 517590
722185 981838
963799 843899
565613 158139
867749 484349
213927 815610
634686 962563
730620 660824
10002 278355
139957 277834
24844 733937
366689 510838
851041 649671
162410 44304
139845 533373
389073 56508
972291 159642
697515 193235
809061 417729
609073 982604
527429 689098
865856 214651
342177 607815
529479 213422
477732 854763
755509 99292
83934 949656
794635 538277
293535 225834
761622 15753
587025 174316
752195 535830
836374 537975
620927 955847
400182 968173
323018 602842
393531 368523
403479 956924
584015 403151
314719 258992
350665 639837
368428 590375
188125 495921
989806 323160
198603 120392
185756 777082
761363 938897
169601 910270
510601 594668
642470 973709
160983 907339
830782 115105
769949 346497
7999 181617
353643 953208
66707 944046
893533 359320
370076 698707
113213 87626
804079 382715
625627 44550
728704 45424
532339 837340
284354 630637
352309 702426
950159 296385
937725 633142
545559 313686
587107 486459
930927 576023
628149 648460
261285 163538
850658 4670
945777 317260
616002 292841
576533 606649
654345 734947
455902 16884
986604 804121
363947 303296
488214 499435
65697 759045
763420 832325
30123 947394
817262 191423
69950 652020
345580 387706
566086 927987
302416 217046
761807 670663
913834 911963
213555 335833
213408 836065
840586 543758
219466 458213
972094 704560
692044 6618
646165 25395
312470 204898
681449 679417
463820 689650
372510 773013
539589 98882
586364 312000
63301 355822
255970 131825
158729 961059
192952 469338
898647 918561
597042 106444
449648 359253
597326 792312
689617 800490
669707 165938
446435 546228
283197 544795
728257 44145
206885 949200
496568 472260
726931 235152
503382 45865
509692 255453
323316 124851
633125 901346
805852 5344
461848 846538
135358 965258
816736 517795
822453 264156
14755 165390
792515 185304
593291 276035
138615 873039
815907 51771
75172 84670
390612 702248
124474 497364
195964 856084
764216 935357
558809 779577
543887 987805
797602 977855
629848 4017
573841 879787
37053 877611
419213 468096
883091 838064
2330 224399
514319 13169
752165 944620
827367 609250
76430 647376
50622 432265
562162 529187
108887 570871
459844 675607
768917 19654
914671 18604
266497 231920
755357 963908
711210 696493
297532 947867
360588 356022
514052 626867
510426 178295
966444 442935
270184 524098
304860 280156
382834 344253
627672 701080
652661 718657
101234 817986
149318 170656
616280 266322
903656 550448
975752 752464
892398 91859
255263 683287
907515 462541
787828 381865
767163 22935
99524 845488
473934 362573
285488 198601
456853 698218
985895 916815
509208 610971
651831 658257
402439 519315
31088 737382
731068 346906
211179 523161
118629 352170
39867 744206
467890 590604
207611 309647
636718 486205
271892 887843
688197 530800
215244 636083
646512 809932
137888 771832
256355 668310
850734 957170
428990 179213
615714 70145
331425 326072
598260 102713
103830 239590
517772 692970
983750 583020
184603 281661
698752 54529
788325 988910
513195 47836
645128 474434
904205 587263
655903 588661
312506 861424
866822 182701
861520 550428
457833 499443
755640 730598
769649 271036
747216 641864
924966 522481
44487 700532
275567 420727
569165 613329
676523 4417
86890 496093
423665 417900
445137 485571
75215 114002
790904 90064
194745 205091
332805 208932
202949 442405
167716 935125
137911 408509
515739 71539
323992 284
814571 96197
150987 930849
635096 32815
914843 416645
664836 377218
920865 83169
256648 474690
940502 44405
824691 389391
806377 399268
523173 6814
801452 886274
94605 615041
514347 218679
194587 708946
622204 396339
294962 654278
686598 499121
282875 86327
3667 339351
483905 180283
88999 326428
365609 387697
678824 459374
791693 490629
519642 340229
696602 457072
917571 933545
545907 616642
796726 84984
67994 864
467361 386399
165602 798359
247558 545142
938556 970350
782367 6626
789937 855522
369809 542911
814164 484233
732974 568422
465283 235618
53362 574356
612383 66314
287233 309576
839310 758696
110163 110300
344732 870587
313038 78340
303960 680637
894840 256212
394379 789634
115190 24215
987337 776306
366815 266446
377651 247971
94571 739800
675383 67610
655218 559008
342431 446975
317618 753712
860188 940850
837462 334573
27350 391670
671885 448437
74258 277477
543157 797091
293763 501302
179309 805184
136419 535241
22088 986211
4215 829131
763794 88671
699384 583933
875169 865536
375202 717784
324474 339062
752864 621205
895625 105546
621397 634545
33811 736903
917861 37442
956626 405722
386769 610076
245833 981589
71901 881664
878916 508641
464654 817548
119338 787085
222971 271755
288998 237591
775914 141295
398702 837063
143814 274965
741202 401386
590514 604560
145249 871695
42957 63760
700863 470716
292311 830150
982797 163007
971626 840843
703095 428373
755718 786928
419092 664456
983086 336646
116885 953480
528209 483679
874388 419176
491861 708555
155525 641388
500235 239376
410051 361006
834626 186844
92099 475282
536739 234716
667817 511645
784048 565594
880709 464045
574653 894688
351629 590357
286753 73813
134269 261099
609950 279287
142457 618858
441000 628624
298988 78828
349059 505987
983386 176720
633017 236775
542061 161334
428375 508434
646684 775492
263428 743200
537707 268226
154700 188618
929329 128051
298660 907825
421458 837495
837358 865503
998109 581882
477625 561085
155860 342643
577383 755256
956908 840773
729941 250818
616900 441679
36622 399583
11963 228508
835526 105654
109962 385338
748493 189759
236724 764687
135288 637263
384362 797089
931381 214846
440256 582643
148585 119875
839680 193062
126051 628505
480900 395752
550917 13869
445859 358469
45636 825278
471748 755883
55627 726983
43348 298647
884648 747668
238971 36583
631206 655250
957558 267342
960338 955347
499421 478280
536021 902992
681350 185164
717116 508959
453847 69806
978981 898643
887355 334318
438709 636888
939942 594595
843926 6877
489133 981744
736448 669560
77182 978359
295701 489153
101569 645149
39470 100599
308688 925618
935372 350697
173071 439114
371892 378277
532998 288116
50239 249945
176894 629410
867201 496041
744869 420593
626731 860595
13617 396217
504478 104907
771762 982958
708972 562141
986466 893574
906118 462672
668816 6564
677094 189687
906390 23217
531162 858452
320736 697565
546407 544981
252304 122100
513373 178226
547110 301272
419654 216881
612712 585147
949295 652700
434866 674472
446939 255842
422207 543903
381595 43717
978446 647307
283500 627169
665928 860040
579234 209251
331725 216540
396766 165877
605603 858606
326654 234078
823024 795458
992957 40956
966028 463006
336570 114803
979054 596061
540650 330142
171891 29651
696993 127529
461348 401102
386955 363579
71460 886778
239557 576662
47655 472677
289952 140138
45889 668361
245014 29598
754363 669707
262077 307805
330171 530961
427467 37247
539787 166550
19627 968528
51460 236744
636495 574994
990781 644831
998283 983134
153854 166528
776788 610677
611600 800762
967357 319204
383113 336568
923762 146382
410688 783313
238387 288363
677024 8698
889713 521975
432793 239957
137801 527057
96629 260060
522033 686449
457604 586034
583304 956199
713896 387486
962795 781931
36999 543750
253981 211993
796786 519853
862037 627241
246560 99685
336704 500163
964514 823244
769912 921502
4181 940638
427137 916532
932100 245845
266856 630105
886555 370344
468939 391988
794643 920578
145701 229655
915344 712489
915710 301663
922639 427733
73749 519249
589423 756979
588583 183975
829366 641393
341444 790451
477196 662682
702657 378507
901578 799321
483297 776000
933583 825265
647822 977287
570455 641128
644667 755018
333848 84847
318156 100334
402410 16497
518638 563969
621458 453450
312557 267987
116579 777685
767550 611480
903001 548217
23729 747043
404498 824015
621849 474953
59166 529246
404043 187993
825841 469864
838256 65479
272749 557182
521448 993227
176332 819964
997674 512989
577921 276764
755336 60063
46166 636811
673234 106895
605408 414139
25339 637757
767312 400207
275212 618798
528207 938041
555984 290515
261601 894804
598059 391955
877619 885186
351660 629071
73397 784662
521587 939140
504366 971087
189715 264791
661638 745059
128115 530319
616162 317183
266563 343336
101883 425237
208641 776940
788120 933979
269325 514715
374000 447613
255336 167810
35053 783568
571517 33175
454294 282056
251412 709987
122428 734325
277124 966879
737728 183002
683046 91238
647170 489472
292424 744291
620664 894345
715258 675188
315658 131117
659924 399276
508368 403507
974003 102667
152645 664388
49313 589802
156543 362144
583281 694833
300214 202079
608255 140230
392953 218311
483988 652188
494665 84054
796871 909829
280379 43058
19808 989098
859543 243404
893242 716205
714126 669593
289556 521003
99160 431346
190746 719760
254119 272740
737905 204782
833253 387568
820856 834375
885855 298938
293550 967813
704634 164841
20268 211452
861889 876790
996500 344399
902306 358388
492141 514546
17994 191391
853061 215402
203176 947496
365292 742163
660325 964812
844366 311957
861860 190962
238278 204942
94621 520213
517726 867892
739051 34748
411610 903453
925203 538247
371792 361159
698809 27196
571131 960268
720256 286813
980617 828367
58371 953594
326812 767096
439327 488412
833441 322956
860983 756707
30338 170139
852866 939974
190721 286995
174705 831592
195025 133910
315917 119940
721812 474083
879075 690383
834381 544619
444348 627654
588438 394141
802361 233722
73977 135505
330547 574798
359940 626164
275183 935485
684220 929749
439370 885257
550087 320785
172878 253001
493476 869384
770378 705152
952640 256531
988500 502738
347155 897807
438784 234401
248601 34646
480757 959280
738524 414459
119374 332895
870245 480411
694814 639810
584913 979368
513959 262829
111761 571000
554943 797208
394976 465597
550123 141351
323629 609190
533414 822152
907208 673733
727969 542664
749312 512787
517912 891635
327094 161849
554967 26733
854154 200469
71878 663101
832027 643380
873825 918217
804636 318146
135843 132949
182045 19670
432920 508339
962829 660201
106160 752802
654550 521663
320700 946142
789006 38127
301841 302313
899013 436383
924511 705153
634867 296292
329947 753840
827481 655063
922104 621338
957765 233570
226541 845210
194089 390841
279193 174179
859239 535215
654423 237472
636333 856070
781165 701601
699429 219793
808806 92970
241674 855611
112356 80928
204960 775895
691032 708019
551891 828769
789909 927063
937750 313918
611882 337801
949199 511900
787814 58290
453661 54270
155015 174231
445627 340733
835348 513530
902157 850139
741892 150150
964941 182151
964042 524200
213977 776027
661466 187589
945200 556855
833048 573437
688816 937779
297031 340751
660269 896407
27899 461434
701010 318223
432434 630923
657231 516992
361138 712952
922035 572107
825116 338495
994689 570024
989728 511397
481778 548919
827528 960744
794736 335215
12906 600717
897163 651142
501772 19932
998134 822117
206761 564374
230152 321528
616814 708781
116478 995260
582754 679000
687304 268701
76432 465502
416905 693272
770557 620046
676635 443983
119302 31685
50613 854190
781330 614985
760467 29310
9590 464470
25511 512396
380530 13779
255364 18343
422599 982976
420804 402068
246712 321993
421358 637887
875046 313058
486232 442544
145949 770973
762576 830703
140835 164852
795743 373746
368923 560
290303 402454
832498 650876
739282 942348
391771 355592
44073 630140
748510 158300
130093 729251
970614 121173
911009 859589
53618 974545
866281 86686
531917 37340
335092 919575
292981 876427
993432 488677
174111 102436
378576 327264
994912 181299
186408 985930
503696 155645
806742 811962
759598 371129
364972 182579
355197 662457
346487 346501
771236 240971
5371 928646
838542 250255
672467 542242
25229 511758
732164 222469
429171 462834
865586 50156
157207 290716
769242 100604
678117 81492
636728 249216
402675 954802
307491 196830
196818 511981
776077 985399
847382 107315
234628 865255
188626 985427
502515 714147
106557 716023
122536 70692
943005 974195
563934 186863
908260 411168
62374 71527
488330 755826
858605 406600
321414 219298
956400 226211
396230 825714
601979 386836
701015 253071
136393 710369
692189 66664
159871 141300
162936 872258
102324 477213
605577 120623
647547 698035
788525 658054
335689 668424
540519 459280
107028 471152
265955 347022
617040 80752
617861 917093
130907 361439
837569 119664
257813 947359
508119 706126
287842 385499
827110 188079
863679 66870
171610 691376
418039 787641
15648 663831
368807 883530
278824 725264
220395 80044
384903 359122
723065 448724
878949 433295
799553 832757
695087 626106
329639 830344
864779 53995
293015 956102
387759 147747
315589 366
13630 758028
628928 952603
177223 257503
496652 440345
240117 443278
776056 976280
710770 412164
904407 829187
894794 31978
365310 630692
193577 54078
370310 278279
484244 416649
985153 866827
572360 56184
855564 287047
369933 609998
764231 570926
82791 580868
400748 559249
551053 505996
817494 567274
132543 835403
50741 94650
572607 406696
900382 711322
52542 933946
671479 685336
235951 958904
325714 511609
8727 294978
232638 562888
927015 44067
932704 643545
323617 656831
41080 110783
838708 366721
946599 411970
90268 836526
492097 388634
884042 865536
592383 802805
862725 114690
34076 306122
71681 124515
591517 80740
916065 837671
559312 812950
871095 298527
887675 26739
52604 740237
551006 607475
111758 223131
999841 468001
173007 521219
856180 688589
227585 333668
46713 160947
839241 742815
594958 364267
637245 269141
684860 756486
55927 9121
47197 598989
101795 772514
271048 89343
744478 231883
688024 670025
5801 895964
484638 893730
779806 326359
452731 716924
503567 316848
256256 29032
591908 860979
661782 590512
478071 544741
737940 64596
754951 848955
616408 801513
806972 770218
949136 512021
544014 642475
820537 724440
799174 790406
199561 165981
475098 366303
271167 578529
849598 132683
730182 241748
49130 530238
31150 613115
897032 564435
923810 310507
17291 294527
266419 885393
895654 281072
915325 366840
650109 648373
610624 903412
367540 265829
557907 132043
243728 854476
587293 612936
100564 820569
945163 824138
122124 178146
121468 148745
637730 893673
190059 383689
686341 484790
958427 790334
206556 760435
558925 718414
755010 420577
166106 741947
185892 733977
81991 60711
515118 825979
266853 55343
943976 431648
66591 819375
560566 451945
328395 114171
211678 584915
69062 683933
619271 290948
198352 806736
101243 565930
879776 887833
500378 930603
220570 943481
581831 692205
209043 627832
689660 355087
322708 742226
995978 132237
187410 888828
745475 152153
998243 425344
77405 50527
489973 703975
705694 923479
565312 887482
591010 892448
567853 398642
374154 969739
986369 173970
868994 334891
18321 69836
522159 160314
334338 838142
973742 305259
971029 370530
39490 423402
659761 774602
498065 431960
831958 918448
794212 334149
154363 235070
505329 210666
149828 678394
198442 94288
710088 162653
870569 175584
491663 556092
190224 248431
135386 580060
103300 490094
389171 485736
347680 626703
215317 32696
539035 145023
577236 15980
559683 253467
223236 68913
792832 621982
513200 173929
786739 466633
785174 596040
315250 772180
84558 519023
3122 315263
532218 985963
428259 832160
312982 921944
258556 716428
357241 533355
900956 159918
485003 77687
724936 466840
29059 100953
325991 725424
923235 619422
761732 870138
783701 469380
207148 658808
727902 671291
127628 837080
355233 789691
319854 961359
577161 317517
675517 621451
459822 761676
256035 105388
431303 423602
4317 827148
349538 424978
504068 920364
432884 307323
188238 87802
504552 886978
163151 316192
787493 466707
367590 29238
984823 932468
194060 930273
4352 742894
783799 276295
639146 652597
848101 228324
782788 43923
204913 750531
719068 542174
262605 28027
774686 631988
327178 268478
903886 543268
308008 256949
707911 397131
687846 939585
387214 668095
357836 112779
237355 963731
789791 32588
366712 955731
421506 942866
703771 711946
373339 320918
117826 394118
712225 155513
489475 672860
163473 509440
945565 477614
999624 120437
918659 253415
496430 184217
500560 506933
611063 502836
340778 535050
666195 765700
823685 715903
790483 794551
416577 808451
394871 230755
220379 714552
938441 414855
198094 901176
383309 772320
293182 874078
256850 713581
526941 762617
118944 400896
161961 80389
215815 76568
524031 216386
303226 162574
69516 38807
287762 24426
417961 945306
165473 444596
941072 422549
727500 651281
599064 844351
885475 472077
558595 158881
683960 85471
425814 782131
627266 73738
553768 987938
511608 846656
913261 575520
450977 482768
773667 397360
909484 583887
206677 969654
937716 912091
886635 472442
184404 819258
205969 439960
23295 936760
565983 144709
157171 73229
645052 64708
549484 111347
477941 995594
563869 591989
258658 6300
527224 303542
350731 761836
204764 193279
181312 314336
414935 676521
537910 492697
434189 215208
284899 34842
347455 812522
52269 579541
336088 400060
964095 187771
958412 821190
597414 722174
946988 335357
322330 769992
152777 125430
207277 874339
857361 820382
429996 773015
596813 687884
384499 370683
33934 6834
896390 64075
832828 623752
266883 651248
956326 263903
279700 611574
23863 580135
749703 657579
831184 202240
588300 849171
494380 937581
325590 253394
889986 818168
386784 717490
468847 790451
735906 349533
167015 401485
336695 417580
538329 634799
383207 660517
363033 189980
61996 174631
935894 290579
490076 745038
807950 710833
996588 694584
909911 806416
535293 207991
368801 653781
319273 404248
181806 663051
406094 676189
160120 913907
942384 778759
946494 891859
3327 426870
541355 285803
375019 919936
382408 295582
516221 420605
713378 924349
776058 336618
684099 849286
492268 778439
595386 48522
919976 311073
520537 880620
313704 6749
612596 748858
592491 802917
414169 803411
466 811599
876596 558817
163565 162344
831931 425135
992160 297947
404656 403664
269171 169960
212986 180423
249461 130970
551935 926633
642558 734271
227675 315294
174242 441732
580809 185562
289783 345492
48891 26812
107801 673471
611427 867283
884251 848791
758846 755556
115156 146223
524174 361717
969049 884065
873205 934768
445257 929107
882439 362609
122115 13171
355657 522753
673826 540960
17539 777330
2246 732673
453365 968696
120140 562741
861638 708409
584709 450456
718272 873785
41989 558572
634755 626028
48226 943336
736796 532616
822837 500211
341241 185864
618531 973924
624459 264557
503818 386022
638503 251586
762363 153070
604785 690008
146782 618810
450596 588376
506892 455517
246249 717796
503046 49329
584387 662375
991412 943403
557055 556550
723663 345709
7686 235795
355612 180933
124370 809980
824400 141293
518629 349025
686409 669901
348754 644018
733181 56693
205137 777568
759439 862330
940551 734465
207434 653870
755353 317401
849073 634694
406614 223810
998814 818769
627608 322223
960063 623735
834501 768044
345855 299484
528018 112767
222726 445549
477157 110714
666721 611397
648112 551448
422176 861849
957352 663705
93247 15721
515264 920156
944853 542340
804208 116806
565275 919106
816951 850171
280941 843517
880039 228330
155742 274824
783443 890330
702119 861561
606452 659112
826444 613214
581592 628346
750354 32022
467038 705264
677973 143240
964825 841033
909715 458860
876188 701586
566705 871551
833877 299658
756745 225239
806027 441322
306593 490800
673454 940763
292328 620420
632460 119226
954076 181167
313717 752842
905083 521800
906049 544766
459802 704001
877259 466038
61220 201207
282035 712505
501839 111455
878720 906242
80448 289413
449347 892245
630640 853979
728680 971619
139408 861061
173676 417403
634954 9402
649240 501617
228078 388770
227541 223296
466748 658993
862453 172753
19351 542550
649596 150757
256249 364198
936824 399405
715384 183816
604537 356815
742485 433573
536346 832192
483876 59091
139764 578448
310985 293999
314651 906
849397 786640
123666 776997
954239 521199
691016 605891
318723 833323
416606 10096
228044 855293
447246 532818
755970 158583
964385 974045
736926 6426
937375 890866
648616 710505
554639 651832
273447 311841
679466 540158
963678 874708
56361 115689
363378 734612
306587 44725
463271 708020
597099 860254
669437 227538
755015 123023
968361 257228
180465 275863
403001 312700
339738 632036
790600 365380
540016 581643
573707 514651
468843 666183
767006 426873
885341 748912
734849 991694
938864 25304
922695 674440
280389 685596
834764 62311
876722 967125
342433 997070
872512 807103
557549 987738
256275 731678
147836 851571
777571 515449
582246 106281
263561 85696
406801 679979
859293 124477
96769 800981
542273 806913
457657 816041
103386 213828
577292 987518
713229 136952
213382 858946
104211 461103
631073 457637
122539 257030
213932 705364
224588 153970
495431 239545
785365 263412
108032 725533
804449 896353
872978 17533
894370 340625
848228 555624
877884 490217
293167 612573
400803 569406
525510 545087
737100 268954
288222 867405
57894 855740
739827 837182
841879 276807
730905 446894
805998 554737
888947 186001
53690 349277
655202 867541
926843 527920
675410 895276
975545 156962
303182 413653
935011 6724
924839 469558
102038 41440
385504 245232
830282 652434
908061 474029
745053 822697
577692 608564
291184 103760
955086 309068
46270 157959
957142 198005
637386 164282
861301 960484
661623 309798
793781 358384
992784 697887
506544 281187
93761 915029
729909 492501
759958 803274
78586 699666
255771 776663
181702 74403
455244 302860
504823 240531
397237 937206
433468 163607
466654 169824
999412 471539
45238 596799
897581 408104
99393 161695
92381 379858
38230 103254
776815 634393
716844 656520
111745 529196
182073 808486
110045 760113
139511 456011
924271 963271
243290 48858
316019 658308
979592 824275
813506 38129
229883 922484
561073 845384
927530 289598
782023 621432
152149 814843
406668 672307
818925 830050
474171 285723
421256 180220
485042 446200
824123 144724
270837 365751
263548 834970
595309 860977
387660 602819
861745 200056
206507 311497
655420 343385
706409 826069
179561 851658
947597 234456
359311 342559
490543 480343
834225 128686
550228 896462
469640 325623
478304 652529
342798 388134
560506 610799
365429 854297
121516 187506
744744 786172
919891 947012
199724 242347
652125 691638
998888 950034
76861 407730
118020 670629
623725 714122
332506 581912
51254 263555
585340 796248
359525 312163
219980 722106
218632 767490
424810 957811
579852 517437
57411 69694
236298 431991
721703 734851
186346 230881
71460 457456
797770 354770
174695 141205
806362 947112
414527 498240
21319 595360
790290 278158
895007 667005
360079 241372
897659 145323
149983 341949
181468 1450
172811 726879
98053 226217
887742 210152
960958 897870
70691 183803
288316 473166
790447 50465
871339 126318
728361 627587
245479 604627
956740 954469
507050 711955
932443 804806
702068 5929
681547 312489
827647 858764
673225 117607
436398 228560
718079 849541
86753 98443
803210 516861
893827 587733
58006 780970
842647 412276
587182 114604
614513 841251
648145 491870
136796 263969
359599 102492
167522 776962
480271 390095
481416 634545
92277 138279
873232 579225
805554 807907
483927 258069
75017 632637
423857 143845
694213 4015
50173 363429
496209 640119
217856 413900
280146 191234
318851 655785
227174 170198
354753 686648
788762 44185
103837 635984
823162 613834
218515 481162
956023 265598
468367 773290
756233 699053
743815 171767
831851 876703
750010 179389
426281 630784
57789 287279
477063 717867
190004 958462
444484 610802
524375 81440
625321 221491
634193 816234
318482 310819
453351 212537
95981 204657
845428 255512
317034 462727
784653 267453
843855 704446
868376 466899
293388 199322
751682 541014
905585 279484
2009 799835
296708 551989
955104 906776
144637 637209
112613 444002
379083 854549
501050 406642
68280 794083
94160 33847
170879 373393
861621 836027
974539 72780
348170 458486
638230 5347
858788 946954
836759 616356
940362 261858
146647 590386
24036 163176
822676 466990
144861 452276
949146 820474
967065 578514
92679 673977
521109 752017
18804 635144
399926 681717
895278 818597
777189 500115
648296 641782
340410 118646
314338 308491
760727 105554
956101 298423
676348 691730
977687 172916
980710 906869
663852 487957
996560 100920
144446 781648
275516 862803
934133 858488
580474 481003
487654 445440
573836 724950
356605 501810
844645 933959
866740 808388
134816 886754
152225 151117
982339 659426
705237 627774
537245 360967
744985 248351
183298 944959
982720 977234
277435 793572
470593 506362
918121 692059
154286 299429
459080 803897
916030 517982
731472 509937
481416 543439
716239 531222
373317 698035
608880 545548
42784 118928
268441 879967
879178 818648
702988 988101
648909 278640
116044 450113
364345 186753
358166 744475
317930 348037
658405 443430
474286 355598
438808 50830
398507 107712
604497 195121
911190 479522
687809 659527
420213 978403
917440 40966
627184 140443
417212 871792
977930 361745
827430 984115
83516 596331
990537 130479
601697 633517
197391 774956
185606 38399
135049 515440
942754 201753
927497 829158
624158 509370
989882 992860
105053 939803
137221 138841
812201 791191
340866 612101
882713 780965
82092 433251
990119 711241
124656 539769
2367 317797
382412 866336
630461 151583
501613 974627
669218 984304
346232 716031
257965 28571
447992 537328
753247 441319
110668 197807
522083 359770
981440 738858
841115 850064
707958 333517
986286 578690
752362 134563
306970 485180
850370 643887
350002 351233
834017 168584
712497 429621
100937 234433
951719 456760
741840 767542
113869 743340
101003 434654
996103 566724
237173 279724
642973 81226
217444 897764
582168 383137
219617 953801
880489 633100
729865 931325
299004 642404
526259 485323
646770 246246
298653 410427
593114 898294
387392 609525
240310 86305
76650 93486
598056 127888
493770 7648
904171 263467
471165 627208
940163 648465
242682 34869
781918 681270
864340 399600
395557 633410
706899 299618
185032 42765
71531 601039
88712 152547
45101 508790
443447 76686
378672 569337
196245 452997
871214 79473
371489 566047
897314 288891
228705 895636
378435 154059
461081 632137
980771 88627
25288 629754
814839 377768
634297 923191
905949 657871
141861 84439
260855 862988
787987 48148
865610 521868
987180 962833
130239 950274
621902 579323
992048 596866
290756 513919
857837 777788
7567 596832
568594 909656
792304 869656
991853 848250
755228 58372
942587 654503
648095 99475
738211 852335
282816 956588
225976 331528
50468 701577
935092 716133
175672 318847
215095 527230
529228 289513
167107 901847
247092 678922
214953 723300
507713 964927
477634 297849
614711 573847
535665 62286
112262 426391
76383 117972
530565 914971
435213 654815
964035 586300
461016 647822
893086 501935
818025 856139
56967 642822
634167 513372
898682 699531
593268 938035
970316 350657
825949 915290
224440 210158
365732 140238
854235 971856
324176 910288
595848 769349
470903 320521
512300 353800
920920 3368
105182 97192
302104 997123
116598 627558
89201 247726
286606 599329
107406 23128
931266 913544
259172 224200
426687 464651
730896 629909
838495 359117
537230 235345
512715 326574
926027 700882
801301 605465
172145 967576
143821 928849
981216 917966
970618 349593
844486 192895
298903 600982
814728 88665
63992 212317
767002 904955
358962 758734
685176 475319
430611 739656
675143 949840
292657 508217
980942 591886
908079 829325
720623 723446
626956 103978
586301 363776
167451 926642
832106 259808
200274 501259
311207 317902
344337 636415
648127 235899
652753 239669
938524 85846
401334 13535
21823 895086
635196 899572
333627 5700
574535 653269
758565 556416
850877 994094
598613 827333
211299 991698
351115 636916
874214 473558
262600 85604
483580 601088
991522 488744
889042 464404
127809 4399
115504 217758
416022 351510
474867 44158
131681 214706
626100 161673
421713 522699
838798 545270
746046 267908
117776 690464
20858 342394
527209 616911
956034 338621
171117 318291
355747 260001
682535 499557
957799 150117
96412 237909
690249 532620
675392 306746
570119 582282
437993 988775
294280 826722
459154 429286
663425 360044
870243 343085
831425 760411
420171 858830
302403 292384
937048 256065
597194 180048
452666 386135
201288 556485
418019 131425
915144 710344
156391 845470
580897 375210
228067 823818
336594 330029
24964 812271
748275 683861
672258 242983
554882 84690
639593 179693
199106 265699
109869 413182
634822 170476
455565 822228
934408 165729
448781 793999
239102 519538
363655 110485
278000 788775
407219 259580
925414 819245
595382 25323
238902 864180
293534 556398
613661 143470
875829 358423
692582 382908
294431 487577
234193 615312
842147 397073
408133 26875
985385 883383
884187 665319
84944 542082
187977 469930
703709 3021
757492 872347
9410 310820
851390 39884
962827 593319
919954 691028
751948 307003
65652 910122
973430 474436
511454 539287
578740 370557
525752 887350
295708 262737
264776 227532
824765 345124
221574 459636
172459 340603
129527 16558
543468 604902
312678 484277
735734 826955
223980 618288
64839 705021
162660 270938
755693 264458
778448 289280
652566 652454
961067 172896
418781 9334
267873 383336
514025 286800
559256 647534
390361 287516
910606 507832
355877 377296
83274 790233
653273 38234
53114 716185
287846 104690
47000 245557
446400 846129
256677 166024
196777 48464
425073 70051
74640 19328
456458 721825
487507 437854
502532 951796
929885 360350
203688 983636
594029 868877
435911 33895
517050 120608
897421 727012
33059 686656
8564 246434
89913 610801
222577 36299
806088 105656
47614 441595
258114 959148
567947 446315
797395 231227
718678 213491
33425 142276
240163 470069
258634 480781
414261 631221
891990 301385
389034 803499
821281 204013
643309 165435
709715 230553
923064 656910
145163 247405
624706 918646
305840 512975
700738 931552
789125 656483
451269 887752
793873 913700
725421 127174
894447 968614
965598 734129
243645 409434
525002 840982
326814 842668
567656 632091
217379 996071
552223 578389
602353 116642
292589 816860
666724 162126
586326 924131
472647 941001
961503 684585
137528 30156
538837 334417
946257 662624
277158 47499
241911 897602
690315 738182
438076 621594
939648 614228
900201 914840
68589 879592
897944 950024
819492 387844
770165 528576
104365 327107
198142 833093
828039 969276
197771 319595
47641 310585
985113 180655
130790 185614
968465 90811
814679 624418
656408 77300
440042 732392
585108 465932
308877 651521
385202 143564
485212 96982
234630 960235
111076 443079
241339 129232
287462 461357
20253 290966
474626 566183
597522 686875
338012 24140
13155 302264
415349 971420
697535 396598
713842 993169
581659 107281
469858 30125
943726 508413
310315 379897
468171 16276
34904 828801
933831 925379
657942 129569
486838 849948
288421 888459
11987 272511
367149 582951
385279 392927
597950 675506
919375 414531
735579 504511
116857 496942
295006 397970
545553 267895
533686 560751
9239 58526
899222 489379
132778 999404
43939 237393
326032 907150
905325 413343
884908 245870
632725 270020
784089 713697
276251 719372
258999 177441
232831 418144
943586 716213
294138 831275
829906 871102
734541 604714
377946 741705
319810 779466
417107 367159
266377 358003
127770 989246
540119 798978
913995 320745
204481 828372
214785 459989
581 392573
63114 584505
810065 915580
388027 267465
624344 394886
626996 870069
101639 654535
551759 311811
361549 783629
507946 766338
118146 213743
556872 643091
180227 940161
626496 919986
86553 381121
961574 444712
620159 41621
560758 938591
39329 66276
906213 309243
538775 830790
948321 577183
538548 151257
835513 210477
352902 307809
696715 53236
329643 420132
625992 10185
596574 29991
341482 183102
657528 749341
215058 115276
795641 85384
506807 114046
41502 812660
410403 891962
31306 858636
930889 266635
488408 239421
747255 266490
169289 408428
856948 609918
704010 76386
822433 792976
231337 442051
221040 934674
429968 750920
125438 824501
963477 148857
75517 949625
856824 29408
334983 214598
593131 243169
953783 591902
99415 412871
321183 430173
4190 918969
576084 262552
782555 473760
124443 250900
463271 414640
125736 930162
628363 159357
793263 652617
931847 632649
391355 453533
597434 35281
444180 545295
68186 41306
625398 867825
569784 531724
695005 723396
210275 708112
834 424147
379542 114383
711289 955878
224550 186686
379586 100757
972632 505924
585269 692113
984132 166379
719249 793744
905062 786252
139087 271229
437787 887115
138807 162443
90421 936488
523069 314296
772092 2045
388087 169267
799410 300913
452252 955366
531991 827601
579425 864070
486798 412120
302649 49739
980865 691177
482207 776200
751074 137619
513801 241804
369654 779178
910520 310806
261168 6394
208668 759379
482757 627603
665407 961415
144782 321983
853121 435461
977443 305703
89187 373360
651318 648418
543596 811192
158915 29309
316806 910231
306681 425474
583779 179254
351803 64825
542438 802716
54877 893430
441673 848661
66772 787677
792158 481422
658185 482700
33605 178734
502034 224868
886105 47815
381288 997976
54553 606841
286935 767827
790695 415283
718290 799534
810657 17242
569622 730842
898259 358157
231136 96639
491907 254146
782266 516060
607824 4467
216706 75716
958234 372924
669422 24848
102482 757804
646502 212296
46928 983202
660628 48708
526914 450687
197308 527819
963754 978590
340031 998290
959235 343147
806687 941527
102913 433147
616024 19636
583556 110979
640092 844122
885416 264120
392879 918805
302289 22645
791319 889441
813477 796561
418691 853832
81426 339375
485620 215363
39440 212349
220211 611406
222299 775006
661588 550320
862085 87653
812384 308354
300876 511283
579288 416739
795609 462355
715488 327298
344560 582217
617777 618905
214186 555252
901919 448204
884043 489958
736145 461706
605775 903716
81275 444293
364161 884404
417443 873519
705386 741552
120887 634408
79712 254063
768527 546574
625548 215750
695045 108898
385345 116537
339054 401316
515044 672658
588044 244705
136788 150546
350837 772578
523580 137662
179855 476952
698279 276894
546748 429926
538306 836865
889102 121288
140236 979937
899202 847563
778232 462979
746062 250975
630062 222886
350033 309237
174796 895178
282754 719787
660842 579241
325334 289339
342649 553302
568834 139130
660841 291898
531535 850207
202379 518144
546382 238095
249712 419755
345121 479187
393682 265937
294501 964264
71717 715621
313108 431259
187535 285806
253859 125258
822661 649715
829619 322386
900139 768757
188214 851514
544820 168092
580640 725651
347960 29793
656355 559828
625472 877618
270793 897279
849678 947810
927409 340690
984725 577042
917372 53039
956832 585601
744890 421247
843093 479558
785889 153071
742106 266286
244372 163038
180465 787044
233769 968669
182311 961945
733203 523754
530865 999503
18551 625641
358926 186201
985482 334877
665045 397820
375278 499682
386622 953655
183059 518707
479685 605375
397927 863962
981226 380413
271234 921427
415926 178760
676946 893679
746685 105080
60696 181015
388461 880276
925637 402380
627091 877894
67537 389269
219085 753520
103109 215032
53900 456252
97732 300500
64461 838174
485999 776937
440777 116464
683617 597435
353245 59158
255066 18900
1264 302124
886838 194256
652931 995026
406654 370228
756963 489624
730023 906841
931338 126109
129837 509548
474016 133174
90491 477959
782044 863646
542511 976545
831703 388344
223696 229406
645719 712298
692778 613614
800602 241834
531461 214897
711539 575547
396731 315915
805559 243496
462561 370199
694713 527050
791910 372433
916359 361603
317979 451207
151244 780467
662338 343294
999526 812948
499106 491535
524157 193324
761383 648126
33718 146125
694129 747795
344551 470723
648143 386426
540614 899888
864712 496784
524690 748726
897176 102732
554862 298911
30970 197016
947104 527831
812729 533299
174942 855041
682255 551759
852670 727729
798642 42828
368051 468985
29133 496084
14355 232830
575458 968903
311845 472223
413729 841483
983205 516296
686669 912401
882765 462592
517370 454003
522199 911885
637823 375261
49537 922364
895111 598510
973468 652466
441139 659649
594061 823847
239200 714514
52496 846794
540719 87496
755386 241861
711428 889589
308079 944115
928968 452733
65914 889881
735962 395024
312782 946192
772188 581755
752115 521288
228552 119273
295097 732407
721952 76374
670390 156742
688121 910429
642263 888148
840175 576590
265518 294945
993967 403231
610863 980900
180195 787208
815959 571689
494761 476500
191017 814337
721726 158613
659606 927114
464019 756038
389365 796131
108393 652914
596543 307595
98993 802172
587759 624537
351298 351738
591121 215540
918498 928572
467883 727426
715096 815420
796571 327415
355567 998277
872009 475920
682594 885516
359841 837693
143416 459912
524846 360613
728218 431801
821437 75917
266088 488416
713498 216859
486595 461623
464911 315989
55805 691445
964520 432639
590958 8894
144039 171253
550161 486969
640264 660980
247949 265730
683046 45834
282842 364611
407574 412607
486042 416094
225264 395232
243055 11092
830704 973989
226533 879058
439631 773447
228226 66308
822388 785996
389126 695228
360570 405335
71832 244564
703460 895883
701788 522944
836098 962344
896897 564178
111526 782432
393430 914249
14303 403243
705566 503403
942947 922824
188609 14690
808511 485546
145376 963766
563612 816737
931034 727364
216228 547485
231411 127161
264581 271755
848074 7500
204695 463119
495505 867284
571664 626036
945814 349855
104845 302671
782251 25236
36262 630082
992014 865374
635394 360053
40494 297400
235999 536712
86941 180961
983943 433081
103072 277384
575880 833119
8990 853267
549903 751338
376448 165243
87337 315648
811368 275444
433835 874392
91819 843895
893590 159254
801286 39569
391324 346686
350771 302678
787768 540730
124247 524685
556034 484754
405493 974914
133238 39669
491852 808475
935957 797100
95362 149781
174404 878533
217052 660072
42281 918470
1399 365627
62728 372904
822461 708744
29882 729942
117438 24517
458605 708312
557869 68404
562933 373295
642717 205310
342328 663779
920241 643720
253057 628642
608127 814780
527973 282701
304037 793190
214474 475660
694853 991546
303660 439419
433646 39352
438800 946863
625629 144221
594335 709879
104049 681844
634505 964829
928168 267169
346435 43667
648163 313885
609682 445202
799475 71002
5104 153201
597413 62365
688470 302989
183147 230463
509091 497668
504300 239060
57018 484369
607543 989105
788283 205027
442396 965368
545662 995009
827068 531826
195829 354027
101447 726550
471374 274327
710075 298527
925623 235590
999352 385211
112517 592676
721297 467870
464945 155486
876967 166550
631023 971224
478807 539746
792 462174
720581 154604
387713 738846
343357 200883
378841 213015
468155 877322
243715 159940
596133 362080
588354 498493
317917 1876
340781 469109
840374 621101
691250 174752
914078 729003
90340 395223
378397 190219
812856 74270
673571 257554
489592 905475
687814 26026
618653 420779
62261 650976
139305 186841
411529 8586
150566 884252
300971 896338
639594 3262
701033 86840
550725 285945
411276 484210
652449 126398
828749 926676
255637 208652
395043 747213
915240 275813
613630 540690
868294 498315
192672 277533
471355 344883
475751 413668
484644 506282
341230 800931
702605 886206
145336 7480
52058 755254
50216 69030
451460 80994
722919 399651
846909 203546
176575 113267
843173 626334
582840 267383
316867 862360
711830 423402
534825 421247
914612 107423
293994 975924
752225 485130
510043 550186
553990 275294
92561 346833
577106 732555
482340 25710
12818 335735
947569 66616
704097 178947
585551 300178
439155 976327
825621 765617
456212 170749
350602 739121
901454 162517
706470 287747
789758 896537
412943 319726
955281 462854
473705 506643
206503 742136
345812 842506
446794 394449
564002 462370
195997 808303
313591 929004
854394 78693
463272 464352
691545 528047
649784 954052
538592 641224
917288 840774
401420 777800
386811 580758
755052 216493
9998 745332
183000 46695
213959 100369
131662 50804
211197 847430
380118 735193
73136 216956
322929 615735
939418 963461
580846 556717
845066 828397
830999 421409
353752 861357
139147 964679
987852 180921
985314 901936
800042 673841
412062 351010
236237 214327
118097 316793
267883 46563
725607 44120
681600 49285
685006 746133
693590 665087
702110 953543
106344 961362
320840 295903
669039 767499
290270 621275
197013 377000
103971 996606
646515 980335
272712 793213
636079 681596
693667 901740
694108 338237
845589 998339
177249 578044
383778 55468
215743 246368
871422 51334
683324 167306
203745 334157
174770 500615
929386 749860
309598 418840
118437 680039
193243 979131
517872 411674
197992 158981
170567 54400
894253 239644
260759 583023
687301 547934
778438 54585
460864 944801
656031 591476
6777 12181
521556 889200
888640 16146
850493 60029
675418 71830
54176 443114
128668 898664
989562 197364
483158 228118
966169 615077
156145 393045
246745 168411
316901 817672
782770 962043
904699 828608
514818 200931
42459 870424
219402 201979
751029 39454
277846 874004
925860 206338
951413 836011
323380 915509
300408 706761
751134 451732
761399 683216
639864 532598
792342 298474
865872 252178
115139 291239
246808 845461
348786 244727
793976 573228
126319 633596
551393 316928
831949 421654
740713 241704
493154 567099
193468 902493
992221 251632
60879 337202
176849 595726
559202 191794
63232 300982
614990 432326
396627 514994
266808 242304
499297 571011
155947 867964
445513 272497
477589 322004
279708 311829
561172 6699
236414 929289
851304 772861
340821 6511
591015 602777
270917 89561
401791 355465
302690 912901
754816 734849
153723 287014
398274 435388
380213 363350
194513 979522
796945 517718
472631 322713
473531 169780
214079 389897
763396 359963
672203 18364
745604 412252
783968 490355
259072 698203
567950 944558
442745 611310
47874 554706
353118 428093
515731 685931
799904 667983
836283 493438
185824 667283
896905 516868
961551 11211
521156 464339
113997 618477
356433 135363
198370 220827
3591 248361
282636 874753
382767 861302
222782 359430
782772 25187
450076 518611
513406 465126
934244 769241
117754 89514
121057 400690
812581 117542
974518 132253
744735 259197
58995 36457
712943 327931
788443 380290
421067 674227
953676 648364
964819 901686
141965 46004
976947 596493
666374 899161
216182 891073
689031 136265
658872 83930
162781 837601
708374 604551
874546 904561
67767 223089
706266 768366
382200 572989
971683 325358
803098 492936
213535 327829
303487 885193
548184 907555
647245 548354
457044 872669
64947 29996
666544 368911
573704 448786
341625 157709
286294 910019
794655 451718
519650 973811
153866 457279
974922 478051
678639 955302
353223 312526
363522 175256
738415 546792
550515 707863
127449 342013
37502 192889
707147 496978
753596 811188
266997 367597
560155 314238
115381 234023
40935 651283
727565 601302
568564 981131
337457 903964
696191 959601
310481 630287
574490 901633
362484 477405
74069 65278
136053 49899
643656 426548
318784 129497
254632 231751
456994 216267
470513 901765
721335 489150
109858 565883
917495 746712
768537 924838
648456 641485
526085 452308
362509 287903
69881 326313
529605 542033
574145 110295
559895 995188
287514 48839
282397 553901
966423 603985
633390 572240
854428 161888
839616 287285
959640 276759
735136 922798
849694 617036
86406 158452
265521 285055
232613 568243
578188 160296
832930 587060
317024 812156
376138 666802
704477 819245
224857 37704
183060 519055
213819 575514
509692 298317
684788 816150
187121 508432
356284 59608
504333 338957
595664 285401
885756 279152
541705 890081
388935 985870
672459 532864
641811 869014
685184 660103
173767 622074
326363 653322
229846 669954
780008 366385
794757 358770
672475 994906
233625 884643
500337 867757
427859 285907
461665 665735
341637 789354
905041 419221
999049 579885
243876 380065
939462 656868
549003 686213
397095 239750
235233 80027
145294 713452
643572 917190
457668 255127
227154 4626
936690 533815
41950 90552
396822 58258
592788 991147
791755 782555
162680 100410
193 137803
799734 408192
752401 780564
724540 485309
398624 749263
279293 709038
895963 510009
956875 992147
381885 990819
488052 198243
754764 386436
310502 890346
111106 713309
645452 679827
163461 786193
385108 945814
666248 688016
683442 715027
630845 347212
332906 204892
818401 402478
287599 76240
502167 996540
772973 376001
340070 567087
720317 185390
306526 820611
680282 155122
93826 613532
247477 637101
779138 29796
292930 368023
867492 608856
811360 399090
258922 768616
33009 210038
733426 284595
854457 688425
319781 4454
115529 754293
476476 543506
142377 233772
804845 676866
125211 614623
795160 77020
837022 550024
851204 178186
19388 349008
677216 914397
964914 763192
723907 583630
369997 868430
704401 710950
101069 519029
29935 117292
742660 79112
449768 688134
958789 266738
762915 865919
446273 264084
591353 257308
294950 368460
225808 416721
361674 9596
282569 391105
229385 245156
324737 261681
128255 759815
88049 432491
451176 673325
588872 1191
645997 51058
971984 136124
310322 444197
575498 305482
750307 903588
558877 342336
274220 325917
87499 224468
27502 604066
524958 117162
657240 513428
261717 580343
646336 350033
90826 226406
44566 257797
400022 52964
8254 697706
666142 869289
107459 54015
999951 649617
602915 824631
732952 848544
565648 258267
827290 35832
162963 816101
420233 935235
855428 80310
928349 830791
536584 162477
516832 499744
131531 740018
440530 690381
416509 696887
767378 115737
436747 156322
892698 987243
733359 144365
552507 516049
395990 538616
578426 30099
750963 907287
668548 298596
390868 482569
514635 740308
348822 254756
881658 558898
777963 630470
864681 68195
236607 641162
737719 407480
270091 724149
887912 416006
930247 300044
879743 59878
105219 114146
450435 901724
434771 195641
76382 847699
238028 360725
25897 553783
305100 785771
408884 509518
780589 464219
775703 872970
325725 345162
667311 649056
378544 44248
446139 196494
829388 844594
597921 259274
911045 332046
905421 395293
785989 769517
69157 507628
360967 989888
759581 815448
95956 520783
643065 138879
867152 866857
929684 937527
228229 943330
99011 338415
805896 391484
654378 725855
675969 248740
853162 968301
927797 634353
788491 8948
947490 617111
811457 836222
781493 417381
450430 927604
382134 320333
649118 425170
327244 784364
182355 400611
913485 251881
20863 596782
454930 997041
590086 813416
131608 375075
153282 797170
593904 538198
613657 236194
83935 240424
9587 420927
779913 820385
330163 389107
759444 872594
872398 73084
419509 408990
919022 708931
611493 571089
699410 838351
316863 453734
813502 498169
192872 852658
432039 937938
34309 81557
134757 778740
576911 339808
517134 80656
688509 172908
835474 921019
110559 835558
461098 755141
490487 630076
270853 730347
570062 239096
70133 726110
437611 751477
364274 514996
288330 189351
655 273406
671000 454362
16183 268825
837120 998005
717111 361619
268357 254807
819869 10620
287161 593511
107692 810813
671024 641010
816415 481541
922998 111182
751514 906756
760352 547864
729756 23107
282062 658150
753870 443265
92971 425248
991963 387526
431811 728199
126710 550862
269710 294329
70195 730718
588064 614893
720618 344655
145928 400740
76969 227713
461435 497596
93647 430759
509617 113207
131752 294923
77096 306839
656120 619247
51173 682034
652974 845743
798735 112834
730287 614817
280596 915431
641832 255606
258256 775779
364869 719773
548911 110806
253507 976107
485886 208648
420915 603256
714494 42419
820620 814166
925915 173956
621651 130430
221292 675276
431306 723266
932917 889593
443053 500299
564207 95566
856943 238034
10013 175725
177219 716975
761396 222092
929651 174467
390558 235546
409634 413230
782584 559794
975308 900028
157462 104029
950865 757197
753154 106989
477969 639521
778855 609329
643656 87623
721203 350224
610314 754590
222920 464685
900714 839617
344087 40224
331312 337010
256072 688522
469824 407796
696524 729513
805550 407972
282116 368597
539136 437495
975811 932591
910223 819937
484803 949779
978691 296750
43742 556111
350154 907666
978112 168930
206234 578043
290032 987288
705061 871592
677234 404796
456373 1082
945358 666898
14664 13263
863877 195636
676507 208323
288409 529315
62598 644093
197719 933859
605661 347838
674306 951463
281457 310803
849125 11230
819042 859278
783794 336298
516495 611157
250306 26780
205035 104181
204433 255974
353924 529374
83213 421301
199742 386807
362383 976260
319353 578261
383378 291256
357380 642091
606578 818338
436947 876652
228092 96738
499801 664386
67867 695640
995058 630573
267995 124391
453964 923643
338443 594467
644517 935285
25430 219942
318459 939703
311447 715688
792953 413886
403238 61032
66785 666771
215098 11699
427794 714350
95968 373166
620441 285636
529265 843281
863735 178193
434951 559482
34074 646965
661902 795836
862838 984602
373193 306242
380937 817908
715531 809603
52851 870229
105724 304929
738929 778166
890477 95630
812746 351841
350504 172341
25626 642759
175157 154553
475110 228899
799234 149230
425808 752365
559063 561009
637568 7083
52726 530277
560940 644155
545345 153803
835371 360990
894315 782635
36170 346314
3668 27970
68404 60946
221519 272894
858680 154014
606000 558862
317075 111825
723166 479329
867118 761697
126088 85651
299749 838247
797487 935088
586292 873942
221740 368801
286431 721509
762564 908692
145643 754693
826027 462916
846894 377290
238207 69826
972358 885019
595992 52368
972975 52677
571212 586976
618273 649952
429091 601894
716337 640589
652475 559330
208641 628691
794568 663134
995391 711193
192009 535131
637720 770159
820707 817286
463883 286491
352665 535522
379497 272415
284337 252602
89980 751962
465152 383386
147214 513712
617043 157141
793914 315800
953165 740184
709469 743140
759104 937943
649781 1184
961616 430843
757639 517379
724608 224984
980977 510255
608359 691131
941357 825339
845103 466344
458073 768930
910444 254794
743160 519532
424060 689037
115173 723513
739962 632209
404896 969713
954769 540302
123257 567618
235755 485577
504125 635848
197752 400604
736517 964603
721845 248091
242552 695480
962781 922560
60348 907593
263464 285214
531104 672764
497381 3078
433261 114026
241682 97598
638889 946643
319462 671225
165424 645503
669772 387637
547745 214363
495617 308791
742036 407949
630412 329576
202296 80175
390026 653467
982858 929575
126057 514416
897369 5020
109997 491760
394012 325558
505599 838195
148958 480124
433554 228290
50712 880874
75445 132058
659463 827681
538688 811143
384325 726933
624767 464809
413912 837664
346302 179259
4444 535005
246842 829941
761080 137913
467712 812185
570029 355003
924749 549160
702794 16665
170945 69767
750546 661428
852829 246588
659420 29604
208305 932216
755391 881288
745701 789524
126297 215228
125403 546447
325433 67684
967636 11525
8995 628456
275750 129148
636774 358629
63487 744330
73843 886328
6227 554298
583772 873380
576452 241285
178954 272254
635078 175765
38724 778448
711306 200072
100500 830253
240913 515927
752985 150230
51797 204147
83588 409415
289156 915336
565692 922386
580931 154591
967355 618846
651912 525694
196371 249912
654104 772028
914425 363906
413570 512703
460658 835464
675685 128756
182909 167967
358947 934892
698871 759304
83347 242407
351375 456973
380504 990599
807036 501687
770918 492543
636813 84303
146706 972650
822951 215098
931546 924540
533090 708172
313270 810767
611845 258844
573233 545404
270365 485546
136284 763869
870196 234077
514216 102147
75496 206754
633523 135251
31444 391014
316175 626489
741864 9900
934381 464049
323306 844858
572759 163022
691768 355301
563681 257232
384355 649143
597392 520189
220570 364844
361870 687204
805786 91985
835254 833935
696742 69282
300177 693163
248894 229574
130779 51548
402051 955189
541327 808834
655498 879918
376200 953009
353791 933846
500807 358757
404717 643374
471563 928159
561485 165742
675351 36685
443444 438727
642006 105356
117042 850221
78374 74390
805957 376109
525840 256497
407060 142857
697965 27188
345224 775068
479219 441877
940686 380385
813829 805595
719687 652489
662269 156164
463820 876637
461015 815639
372250 551947
193039 282768
514794 33760
423637 984571
786597 305722
111732 193390
815394 158182
503028 600811
857173 698413
221236 380223
690077 816336
567884 720325
134301 907295
874978 272517
878183 63067
719712 517563
149319 63421
623223 137457
34633 764807
593271 948239
853103 910636
839610 544716
4888 916019
149677 760246
90880 845136
331767 912729
445763 753856
863325 662228
512371 672896
958407 153554
518270 870501
751658 165873
677308 46772
442901 819866
945229 996874
351832 388128
688831 571154
789345 220545
199238 260270
102341 789866
972163 18266
977183 212643
525644 184236
83342 204805
428341 930717
695094 63228
181547 201062
114021 551317
719113 87684
449496 795171
599281 457156
963619 261837
383799 680840
412055 901886
97801 813292
701264 335590
461842 66012
115550 142248
874124 738346
426208 722122
546126 906474
746215 760262
559431 687853
930691 230652
990023 267188
210082 100063
728926 283174
865442 87820
360771 664680
63684 985546
344076 910140
288548 408615
518387 662657
698087 952287
548737 240242
34092 209689
900817 139708
708554 91274
856749 28555
875799 886061
672824 9416
836907 816421
858897 928859
850014 412907
448508 477346
927418 758340
961274 534172
420708 504127
532221 757921
365946 247487
389588 853090
362147 150942
913978 641941
760352 799535
40777 243521
148884 262924
69699 722901
811935 860250
735671 924752
848252 768761
598505 724758
988444 157458
572360 269021
109537 91449
803279 570990
445428 703040
243266 462627
465429 211588
315342 501535
599913 629930
631436 594540
795687 817781
910333 664879
236032 218907
945559 933498
31651 608183
802456 115818
577965 80600
602175 50377
558343 368380
999164 682539
110317 483735
255043 87339
473025 667819
168480 833942
904676 643368
496806 859110
806193 763101
145683 444109
996073 716687
492464 255193
704770 115624
271595 778662
52021 933392
590254 408166
997864 162153
892808 247030
597365 310013
381244 65211
537875 625506
89352 433652
563375 144912
275720 659313
305895 221276
710563 997478
178695 813978
497730 708716
404492 859829
386242 557441
483525 168276
686390 9299
623089 756936
453772 122979
15697 373053
397759 25381
946923 856926
675973 135267
418994 971379
927083 62922
277673 871401
970140 960993
162754 395265
80754 573866
334412 242160
736988 500993
752044 86899
12374 682453
593905 909106
175598 715886
917011 416024
806253 901435
550489 692303
585987 76902
80371 628668
888492 996242
569775 541990
178055 660662
405430 269641
3615 991572
242165 341148
966220 626418
791052 659645
34269 422394
747164 320569
581809 602407
789572 157433
914940 89383
143727 303202
359882 215756
752844 100459
73005 871049
873486 618979
891054 129213
77363 92589
321354 148702
30253 46513
719227 174073
148366 426030
832882 881504
551968 860944
487614 631748
914542 590243
780753 249251
584825 861692
284212 789494
854500 842663
866248 451869
531186 568856
357529 535405
934569 875498
339448 653934
4748 730447
706796 78627
739710 66025
800251 604424
269420 430782
641038 566426
712427 98282
569948 596237
369909 75968
19678 56464
170687 800938
4219 462847
239981 452062
442741 589323
673625 492986
257529 185316
150618 902985
346754 435512
125320 986001
825098 516083
621243 246440
4562 962824
690658 627713
39519 343372
708833 465345
612769 876181
129244 407050
548005 172782
994733 101358
38773 257390
281846 902403
883269 853350
428328 619062
567032 413372
261286 376925
381029 335499
906960 933110
841461 132356
623262 178038
616925 197826
609713 693935
882068 258522
268084 953006
859047 456271
678495 845585
87485 953938
20934 573221
967308 833159
327532 732799
146258 444346
641232 560309
984368 984767
593978 320119
113901 692208
73454 342779
417403 315908
556237 69886
273362 745452
901710 839567
24041 14993
218498 12065
278740 610079
826007 673954
129460 163109
443954 91826
949042 405871
469882 829201
156890 9126
98008 669684
140102 694794
336454 756448
40038 946195
645562 390931
339576 359208
944330 472168
665789 471385
331377 321199
209410 541059
7409 449715
229278 389718
68326 88623
656994 634589
673743 434628
845085 689682
789601 607812
274373 17364
224456 159556
939262 691119
800185 53335
894928 539691
618764 413684
855388 431027
739877 764532
759025 708086
367417 324223
946161 904303
998766 624072
685305 557621
897595 445620
761698 470582
664817 474973
971019 16201
562445 341426
622750 566410
329331 317232
537484 819509
272728 123558
926565 229823
998829 63382
833826 908648
125040 718464
793174 687807
224711 401627
509359 714300
217606 444418
843205 790463
48369 418771
508531 797974
291290 168013
504836 30827
520774 725099
841841 393691
224934 417093
327757 419101
108767 150467
532282 804842
404468 307803
446948 701844
558182 66351
330162 124003
826212 75275
359939 870516
614616 235993
87531 139970
771690 350236
51122 397806
8350 514300
705456 893232
270645 645664
292559 119080
264645 31046
327993 550172
579682 733842
699393 811119
275356 783572
355387 553774
673241 26995
790373 196733
970036 907230
885737 544121
391471 22390
397083 839959
335568 577729
350610 317536
7742 646720
651546 451010
736550 549095
979602 113280
706731 542227
764355 950075
987131 861607
619341 482607
390946 739607
88425 697334
504116 630896
41453 306096
740097 899600
382152 223870
714700 881080
633158 646973
69483 986613
639876 373990
258841 135303
43884 222731
820350 95502
167022 199308
322748 250654
548852 615195
340730 14134
459121 850261
471172 369519
210477 555611
180381 774559
452443 429673
610438 440209
273577 550672
134695 617504
930939 496968
511078 304170
640607 631471
392921 799358
661928 654572
367350 462540
599493 151032
110326 211003
98333 260248
701672 446926
780851 611008
748363 58804
991833 951376
283901 479424
817397 805106
836560 956531
521063 66305
515544 281727
746621 216506
340737 966317
53472 83508
839394 934086
54249 481681
570808 641934
99886 901725
362319 850687
693148 314045
254253 905000
358313 596121
425516 321893
314691 233013
67759 178957
740781 842455
519919 318967
730316 807013
44222 166721
595103 889232
620812 569027
606079 148720
435426 627496
627533 597930
963277 916760
595409 367790
179409 665593
33953 925474
641623 829516
944431 564014
525961 720401
907003 624313
469206 660016
548890 331962
854450 824910
178765 311112
668915 563441
346892 120322
500466 149544
258804 584580
550641 899236
119999 968015
198523 726152
117845 684537
782338 71063
802654 937690
323263 754774
633204 527951
159205 296238
686607 855914
677595 394992
412449 120276
778557 778432
15176 601245
800997 338565
975717 974652
262348 718086
262283 103804
981212 757029
640119 665980
796926 85242
731656 21854
763392 989767
605330 646762
493485 741586
69527 748207
977338 387845
480925 577843
493672 603981
551855 710586
466687 744425
992474 537939
516678 314562
56165 778380
339065 52382
402114 735636
235021 247926
63272 110921
483115 920834
161555 340799
946777 75106
7399 355603
45649 527207
34670 817634
15928 886019
925885 345638
28727 908436
266933 378365
572647 466292
658280 374780
543312 5642
751767 609553
630524 856430
180327 420610
560237 417370
440029 286430
801343 795425
232834 693222
51816 162394
610593 243948
37293 519640
379348 443242
836615 666775
640990 322353
162136 40456
799489 342844
300067 600192
618963 713918
841329 61781
938476 387859
367778 244523
107296 559877
782196 474811
39380 980062
788497 353684
853265 756767
794673 974586
621824 464313
259698 406983
889261 710328
239735 256450
517567 252571
713234 603389
313569 605191
265961 889867
665752 33844
500350 898308
977323 110844
689390 559658
455861 307113
79906 987521
4694 479732
793634 354328
251775 479500
133542 161692
470526 297840
759696 278551
265474 326597
732149 715847
404423 723296
794783 644207
549730 82553
727190 770301
590032 500294
505071 21344
677296 547575
461515 380879
820196 947392
175228 313866
160684 761905
973883 82339
771232 76020
606192 325335
769828 18910
532322 121310
365880 866952
269680 377348
575833 877462
348840 495490
732542 518630
183313 646303
752085 291388
90629 917183
831656 318905
800632 170313
907385 18134
535452 713776
82985 955259
529121 225976
342310 997539
63658 586551
134186 609126
867081 389500
314092 531062
262758 523
250795 980274
881660 723556
92299 146854
252681 5716
314865 890901
4305 93410
800839 470444
90535 107795
991949 750181
924297 810308
16272 612589
577491 31582
430870 22230
638098 533704
458187 913129
286466 373773
28643 447332
788264 648433
196101 102261
721692 245567
563719 827730
897890 257784
875708 847420
512377 41429
148328 241050
828403 155813
58605 545433
896802 300212
716104 736790
296914 324111
646936 303208
290036 289171
663125 40555
108796 818151
202453 230881
113803 709472
325667 515351
929070 56454
131296 359343
422142 434104
438679 289610
675474 348252
197887 559040
274231 734804
400052 706713
133059 544293
392425 451828
831967 836069
88218 489626
349361 660251
713282 953764
628855 79164
454680 840116
35318 694008
911209 872859
345983 204014
674805 731661
119839 429593
738428 17226
487936 481364
57831 818806
974385 680926
962510 755296
919829 543186
137439 15888
894680 159424
95451 653056
178071 669464
738626 514926
515870 243525
783602 965962
95436 848318
819579 588349
965590 614951
131192 433821
146759 580745
381793 839807
465049 506271
366620 616131
795942 321209
812679 443625
997282 41554
523489 42716
115731 857812
143466 385533
749289 703735
558191 358526
873980 592840
494945 204578
279127 159865
192782 423705
605396 316122
648862 328985
16965 15903
408508 464616
499054 435864
288083 36631
599933 280871
509149 165448
658348 745470
333056 892831
961381 775206
632581 976672
395612 922124
644314 521675
836469 23758
607138 365465
878769 83976
939002 280942
201053 262607
896687 397652
280747 386243
903526 556530
594927 664090
400021 423406
204876 80141
823904 950199
445149 167424
771923 480565
38761 355736
143681 794050
524392 249739
107020 46174
836091 129191
795885 967176
17869 802762
970494 634415
895405 966044
680313 244579
273823 362241
203907 676583
260382 570739
6212 580363
295830 471812
63184 769637
162622 823140
844198 578044
875823 673289
103283 698253
347149 619248
515095 590123
858853 910979
21834 721147
304310 120251
192926 243722
601311 276131
682227 45290
959841 348201
820109 943397
496114 839841
702549 830655
559636 716765
862812 844271
375826 380637
124668 243366
6310 591063
454853 928851
443806 325958
685535 330072
318828 689567
294475 284563
62151 181490
945964 145461
505546 388196
84531 795389
614911 493047
886209 224461
417387 210666
640583 510439
769457 634990
365264 162581
116612 469612
658502 631391
387893 515172
482289 640957
126041 365631
328273 59941
800742 896864
30622 675962
893537 171347
969192 706764
357699 261299
671937 333689
804255 704003
160711 292802
112921 729625
64153 733685
988766 684174
526734 450270
540458 193599
465986 482797
776836 61369
729527 198245
999851 189919
724581 509952
884614 26676
136227 442166
863967 375008
685758 521345
892520 880734
863554 648669
395004 907688
1701 94475
169223 780207
123806 988154
692363 709597
666049 465976
659508 382959
452697 66044
420021 652848
756560 589736
163832 528028
743724 266842
167613 461329
219136 348646
899647 31573
681446 83496
792295 846208
550785 183999
820219 285935
744601 850263
329581 493655
350424 6433
264807 412317
430064 253492
202669 577362
404120 877210
771486 144351
290277 762799
959887 91605
615356 974940
976411 710053
135774 839013
987557 574683
692987 799339
28206 403484
393450 589737
522704 838615
876330 5941
260971 16571
622093 606540
32447 451594
505554 262249
683507 574482
802188 297142
477264 897637
374133 885104
980207 323283
340465 188411
436633 506931
955130 383920
712122 429320
463677 129465
435244 844363
442189 540252
99601 661533
620260 894730
140198 267942
338308 385636
86730 645698
112471 784574
879949 674060
305271 539301
132686 429856
753119 239887
254775 700611
949798 735550
461423 854100
747593 740865
964641 167374
980871 562309
211187 979270
570146 257818
406422 347285
139676 821791
909614 215054
58783 366632
238604 166855
79259 230627
743987 602779
95855 182111
407443 326387
102930 497250
844000 86689
584986 408579
665431 500873
54306 803505
562844 922527
789038 571265
411423 90458
800120 76413
594216 443505
205640 518858
160133 311663
967441 115313
69973 372510
48149 203646
978934 188743
813359 89570
191640 345290
448238 718923
920143 703533
98207 765074
550125 414087
423259 894865
510558 14613
207194 175405
755195 389224
744755 394216
684332 777924
175194 688169
524029 766480
574422 316809
230048 253671
765571 363974
545505 816986
807968 973632
69938 757745
240417 339846
953401 786301
676567 555758
375099 142251
227284 47241
786185 195673
475979 694943
711849 44335
975221 366996
393972 90383
196783 453508
752890 356706
773365 869728
113878 254328
976530 271634
137344 705403
117127 55148
177184 733309
385086 923427
665941 44592
515724 225730
635934 856735
596565 647199
835078 667322
801110 488841
497147 498224
126149 358488
301344 833284
659353 308958
804228 916170
937867 954191
293287 571281
404971 611789
895240 64952
466534 105360
846772 51822
841690 232909
987322 201585
513524 881003
662760 109186
53067 538314
534672 352180
363962 600375
230679 492821
546184 535697
257102 654388
106781 667192
911767 345122
60878 369618
225809 126010
396305 933547
776482 418873
440602 432586
858225 584876
807355 736334
518203 289807
521418 931677
887695 265162
614698 384898
194180 953883
3608 924142
881500 972575
178304 741328
550153 958345
859800 702806
523026 768793
972978 639171
411645 240392
561524 11597
545133 692136
13511 746958
931237 353133
568629 697787
188810 803004
29486 530050
353773 766770
885776 975078
633508 573178
566157 711048
257201 984444
55643 390592
218066 810743
419009 628947
625470 786052
787458 130140
769884 999036
608962 340510
95886 887912
719991 801785
243947 860264
380960 771675
363759 153786
315506 749528
333302 256294
905797 456862
59512 903009
98013 708277
919439 555398
689362 832922
41774 459000
487406 271273
659626 330802
123896 435746
29099 614680
764137 70515
3683 392960
534102 927479
708614 319720
693764 745575
300333 987935
196098 972383
933817 680098
885081 220238
613770 106894
625330 524431
759766 162959
231906 685887
782834 917925
130710 118838
385817 18493
425573 520994
216503 256709
54163 510117
230101 743725
791851 376101
64782 619473
923029 722201
694433 117394
762868 409011
220674 717233
453438 242069
644479 745573
376300 702547
420271 53498
905742 3158
625740 372510
201792 648010
667869 52475
485115 176560
870272 661636
661579 326987
913742 495208
88494 929871
324365 965657
410343 843588
151044 66685
897690 711136
995852 67260
902221 18211
229355 363263
795525 222550
954298 447481
424099 244158
554901 787331
439777 769899
490185 632282
672332 929317
545487 615933
864266 852808
154613 672971
690432 511915
641263 369836
13358 754663
432117 802433
530649 950479
266285 550343
126178 622674
671406 22870
733549 858276
14590 446160
964988 364748
367219 34058
538626 582493
688405 562414
954823 168586
83928 567790
817141 163550
93311 198574
476554 626382
137963 650473
831424 858788
628357 468001
679309 560271
901170 799093
313985 163738
868126 886066
677487 382011
864226 98311
223553 427433
538249 334278
694999 440814
353970 231371
70897 179448
249532 752130
299277 517754
617293 475483
152223 21657
917200 626377
580555 808705
922758 706330
802270 236115
539719 396527
971740 372085
239911 577276
410462 958515
852978 219362
462817 687425
795705 122364
655208 69446
951639 123892
399818 596480
650000 199976
865535 49738
92917 890367
123499 418260
706510 192856
358990 225896
199924 925907
428817 674258
467577 755771
516455 930509
857749 379114
576585 111895
198149 639920
429064 816826
290355 386383
441066 676589
921175 986876
166212 833727
614960 243302
280181 197120
37986 771219
263680 749436
495181 546277
376839 12635
804391 180209
616911 42100
444577 466668
929351 99638
877928 489197
868509 799197
740949 732435
895397 706863
29131 459407
691227 815391
714150 860345
530443 706799
49597 410799
192999 17222
382939 715628
469832 374905
722251 133719
979693 58673
490422 404277
878121 126249
547213 389432
458058 241140
141068 746245
694556 162495
415459 6968
489952 802228
877760 68015
867545 796035
115000 653689
592874 466072
164965 33266
640461 571879
794178 801847
14824 785528
891022 664130
347655 44027
493669 743336
134062 289333
542568 220129
614121 407591
468344 852022
108015 591572
406343 856707
931325 695857
225412 477673
516932 186229
110679 78244
924499 756400
439491 70387
869728 588805
811777 996878
720435 921620
284632 899699
323723 933920
151218 332126
226678 227267
173554 370468
855067 243086
968965 502422
885856 957986
712377 971042
244287 230030
856530 754072
791390 635196
642742 87674
723328 359667
926763 419023
153271 227580
762410 291039
210698 789966
492473 576957
598892 73490
917939 649074
711139 806748
957002 627488
469250 540943
147481 757433
297741 542446
921308 967706
919697 976281
523651 760455
265612 46887
761371 71029
687540 106839
720752 954372
43724 820146
976276 696587
28955 122222
257182 244168
526834 845977
282910 859190
493954 212804
878023 434287
451875 241256
214298 568112
370379 4029
248010 626356
276293 926137
193426 309923
362716 399324
122703 575932
759415 967179
696189 967061
157064 670343
578874 901943
815553 115070
226328 456248
722028 357214
532328 502636
792672 916306
692329 96800
360977 469837
276955 998464
234254 754094
827181 26376
577447 494522
348125 428041
459898 516604
88386 574844
835190 555752
245157 949361
172117 354529
18262 325120
158521 83705
770924 893383
333684 101825
761076 110046
672808 241697
739037 941463
807758 799505
470367 34531
138161 457553
800657 891726
343902 860457
229875 611364
222829 836877
449865 408688
594331 660269
816847 69947
781876 84350
606461 913597
774328 787502
375161 741327
55002 629545
708624 408182
711140 946160
752183 129132
132973 385628
700713 47128
161993 789078
201981 880070
438817 111214
532109 44494
835674 70349
993410 64468
247212 700907
780854 625537
696289 714974
224477 66790
350625 882914
513270 844498
918919 312128
648098 701702
289904 810837
15439 581168
709142 422622
826686 231182
573712 806559
400077 442088
521216 383302
773875 345864
236788 214894
268280 672331
423600 109132
396889 343182
232686 74365
424416 418137
909968 886788
500688 877953
788452 567858
400323 784170
114606 926811
979255 858560
344181 633980
455463 25232
739496 215638
946155 669190
713207 134492
736966 510861
604920 2503
21009 32965
889450 586542
827221 957764
259634 104617
980735 884649
642570 468599
685440 841415
298036 120636
224600 309780
77595 358797
194095 429925
382504 863280
461155 568005
275102 528147
419961 776829
230423 117901
818476 824332
980842 35394
372070 66408
872978 968578
850152 89900
634526 139750
229048 418235
99833 331856
314995 869212
682248 612265
780187 530114
562579 574101
62476 418696
919816 971969
559062 497920
781347 389384
239461 423133
445185 868341
545612 199713
978583 941669
728719 12222
828998 873751
921142 563525
797547 706839
64092 86585
901404 357189
847987 870894
84163 579204
342586 663003
852075 788570
914706 986552
404258 477226
170159 987362
611910 224366
408097 112063
343967 651723
723230 462868
657455 977954
777798 264405
835438 272851
22301 597348
588435 857145
249328 508782
116162 772454
151920 348915
907940 531850
381753 165602
210427 283626
740624 74730
919965 261005
670894 593820
52500 154888
553982 915857
651436 453972
951300 62880
636760 66848
