7000
797776 809491
954709 44134
450970 63519
579950 316789
104733 917786
878847 744930
317021 124352
222284 387952
329913 456081
683981 311968
843381 969886
361426 36147
961319 41877
86791 554188
590239 120279
106109 129895
678605 206706
878088 137995
137288 734678
111580 725828
294458 867275
151665 466215
506715 202646
320968 229462
726311 314169
125472 592404
829114 409115
221639 970106
220837 208175
655293 999700
439099 182102
139186 753184
727015 396137
480296 237543
823121 557484
733219 126551
601748 829162
828886 454152
103763 981749
339340 502872
138151 549364
433796 559811
944495 880706
930838 504840
851441 909286
79627 562856
760481 914835
121497 53591
797299 242854
545948 229310
282257 477460
135271 642326
255308 523210
41646 310344
713813 224720
397596 780804
935870 643508
793597 283022
998532 341590
277533 248122
623410 775896
887281 400630
859535 230702
749826 71235
196186 371143
630417 249608
294986 804143
385137 466209
587773 863555
107657 220060
75504 820097
119361 825267
406430 503433
123566 633617
974663 931893
931880 801184
975942 821133
602564 312465
934991 979722
778249 38781
518530 555318
645863 11908
753046 913590
307089 114890
589629 144511
177270 318983
646821 507372
410633 408013
100576 228511
663035 124271
584768 43001
614683 830444
825614 309196
54002 36873
894344 162742
349287 265428
113446 909255
274499 890031
482914 646791
889023 685005
413005 489029
16080 412718
186845 932288
678793 900602
164801 703751
358563 485180
591669 207415
931723 234270
773011 502170
430840 965576
79760 141271
946619 155386
744473 195882
875440 932497
109118 912777
696796 891857
47865 278817
642988 167190
325712 636517
826603 875581
929025 740525
791235 289075
738314 274975
742854 880482
367143 286052
512339 628689
609097 271146
807209 374018
478704 308621
504705 20332
239404 881087
546045 276657
102045 111470
856061 18362
787875 2397
321602 679017
20239 337359
954560 118817
57322 873892
727936 586689
599840 948078
711016 395532
458367 540388
345923 849
698927 869789
553873 108033
980054 802181
608369 372045
555638 538818
368521 837589
858489 374412
651518 408038
191261 880285
144152 135825
844167 890116
717021 480372
241466 480948
267651 672954
728312 583622
787576 507734
607550 773146
426435 743166
824645 705527
878405 234614
847171 332463
231205 441242
270739 390006
119739 770238
80767 591223
313471 856278
342427 423121
297319 634442
695164 117398
492733 904816
510771 946139
531345 834638
787046 130738
409122 327179
436301 812924
401023 193332
892435 330301
776360 427654
148640 327781
777546 726387
608892 465741
45148 128957
408583 191080
7001 560428
909338 436812
624860 704116
930486 399289
116871 983584
196325 430625
474722 762070
963128 963383
893905 840129
204104 625281
205889 57091
626324 419432
478989 582073
786537 862970
840053 33407
173593 25363
846865 52687
930058 120765
988610 413503
934428 936101
913425 267417
259459 945856
403991 219084
450257 511948
235370 654812
660287 816468
387507 3738
464752 273406
524917 996290
888268 120645
594229 546171
693227 341960
320033 844648
650033 169250
371642 553636
524238 852215
744577 205291
454713 381767
724150 176000
400091 740040
346126 794451
799057 382153
952429 174790
843204 59096
721807 914252
59958 613356
582637 26454
668827 468968
531231 777075
938918 950737
755900 312811
120273 312384
422515 119269
764593 301371
536458 892545
791326 655190
706689 168559
494700 453749
315757 587983
474760 901016
927753 809491
990317 236534
253159 86106
366456 371977
254562 234724
772792 452163
141766 969475
47861 959152
957900 88375
957345 31973
208117 481435
818867 765769
411239 555782
80877 296240
689496 686092
440333 971001
260876 419050
172730 675154
215800 119038
833845 281695
262828 93766
40565 124996
193709 436446
984138 649261
555380 889119
621917 242455
837117 925014
179129 29
375761 789417
825403 671467
436348 37753
430887 61319
495074 122545
235959 863807
679197 913683
741001 135687
968724 360606
666884 388327
451240 993236
421740 574034
142273 113193
214787 794267
881787 201079
77746 208406
631348 842911
71903 291571
337668 852691
943789 997874
899139 928916
779811 454750
944911 916206
355695 263237
592999 208869
771567 422222
233094 649682
314303 309740
272432 698856
265084 905480
609303 960091
713454 935083
247448 631826
731649 848687
150892 967031
613440 259733
278988 831651
695460 867318
964566 993224
32481 671273
76447 326778
52924 92333
758454 297953
824281 951029
146016 757505
249615 361328
762040 291297
881145 962380
724872 633055
434739 146033
814750 399768
938501 547679
796074 666157
614555 170615
454690 771368
980757 543907
286652 535954
628703 556038
763371 975665
146184 784484
296385 348083
686295 845700
547883 699796
187852 945680
848057 887287
293621 646380
822805 437080
959026 81910
205710 656683
260957 899287
237883 949013
711559 249046
107877 917889
431216 370417
95649 864707
587493 454802
973901 274985
845613 188106
506131 579482
53102 675417
161840 286981
853046 385523
38629 312915
950558 264794
395072 261922
47393 22246
864421 315492
99169 29291
552811 304692
832982 750003
306986 520410
985301 111214
296625 197061
265428 960158
733645 564473
705526 16475
620473 677769
351574 919351
25090 292565
187037 127899
672552 749294
770414 926426
661905 212671
834454 229745
945077 330829
28669 374309
875926 196258
826380 658771
234356 368100
903218 149157
807883 223412
503699 875037
122072 385496
403476 762243
29945 442598
513745 776159
70960 918955
80307 139515
643978 94386
23041 211001
401348 284948
876867 986035
304723 973935
171197 433749
363179 648414
539536 849095
55188 280678
214599 977289
985300 208562
365283 280644
629706 477843
311413 694822
483022 329613
68793 571342
814719 868058
431380 766253
368345 990478
930108 205717
340094 182311
892331 3751
769793 640514
628717 872425
200703 907718
782656 939372
816176 810106
608345 553876
437148 447467
87965 114497
93416 390612
213280 121627
835355 300631
342573 551096
539281 309459
282189 558807
58135 382019
281173 91463
658732 460884
321758 647773
118768 866488
537974 738271
864664 518839
94014 603779
481776 314074
963265 676879
567153 260549
276897 674733
710219 842688
370206 607092
843661 528707
105656 832733
339480 727111
855758 676947
191562 80120
659394 291810
65591 382647
905643 494552
504251 872505
797727 9558
547388 653398
726812 850573
16084 748728
143359 524377
678102 583191
315959 83038
532590 746889
227121 295321
489168 503083
348106 277932
112107 110961
762710 683944
176624 706699
889305 135496
540681 492608
826527 730448
174976 344508
97117 572665
400279 257896
871660 590218
760600 922390
74834 410688
807244 422107
97928 613482
220017 996637
36984 542592
655811 896259
370600 745239
124173 888674
179351 91689
335945 346980
374379 657701
813020 341012
13364 76604
581544 639712
324567 452828
70159 833098
365307 247354
754236 43610
965696 298538
6084 128634
157722 211995
226932 621143
759010 346203
735915 178117
199852 603714
245107 357881
902948 207171
467678 461123
478103 8245
79573 123812
348111 643899
980256 251855
872964 323820
616563 961709
844378 163530
329758 832254
828201 267848
933941 283697
275760 601213
653513 197073
396812 930468
529183 952233
105527 152468
437891 274779
766959 34018
514354 959894
448862 976685
264887 946820
391344 401303
133471 175297
100342 729301
284481 126645
872383 646570
514721 46571
368481 191438
385416 666976
839488 79172
166919 977497
70394 267277
781643 80704
354392 558370
162711 897661
328340 672085
977922 29783
49670 280731
39647 661399
220354 298304
650511 837219
227849 28227
677131 135963
859084 231258
784995 83268
530256 97081
704607 304380
648193 866958
129458 767784
962027 771456
617972 500294
196626 210093
268440 464533
922646 533343
610705 10183
629036 873334
507418 621568
303754 333273
591669 590114
571448 603522
438084 915657
32844 984886
337229 681585
725826 427041
135056 397733
783508 960636
254096 508075
752396 435957
927801 737559
459692 89084
851631 280057
27112 448671
377236 4096
711464 337810
488792 608830
453692 976155
333730 856208
761616 666038
687142 586893
594001 460593
22639 159793
565747 271539
41784 500708
456532 510046
288005 761671
527207 646706
547029 348653
341744 849681
792851 841819
133440 479452
338197 533089
401382 13868
146834 626663
13929 583952
679505 995933
454404 625471
226617 648825
56878 741977
781059 544578
16989 33348
212268 288234
878960 234467
917596 111613
930009 737646
739485 858634
876110 744899
770912 144060
369555 283607
623604 728477
252891 735817
245925 658023
668943 537057
73067 195756
901783 287012
36774 379841
876439 289398
605363 375673
554517 570917
600602 68
397267 773724
8884 515612
255391 886485
735322 699005
570208 106669
879785 373471
152389 56995
850478 130093
922493 550091
471589 378832
240786 163860
937822 87021
910659 149086
468304 376094
580642 531517
177794 34149
577798 913059
841765 836690
544549 719461
749484 617787
383801 451581
476191 823839
341589 349413
154915 64572
71630 482325
561321 636202
64959 541927
970835 558753
156317 852016
947695 879993
197887 417936
473645 479570
446340 48400
278634 774724
839580 938117
728841 486843
986005 52985
917919 563924
339924 960832
767010 403992
787976 171275
274764 100854
702768 862133
248888 771027
685711 19645
100509 701791
614946 810763
283896 726930
221716 705807
406136 157051
740652 566085
256705 486355
994535 172626
792287 758916
223710 967782
710501 3063
201034 428438
713312 323776
401955 400703
405911 119281
590973 826091
36059 823095
251781 472606
189721 653494
81648 304823
296981 577848
261601 769124
439399 261351
80530 379703
771721 691195
865093 290400
394193 600135
986384 545854
547884 509132
376291 488459
984269 369053
776737 45217
887429 925607
328740 10999
478969 604226
894856 367492
65187 27045
352213 963523
928418 729189
310869 958668
986916 346451
404734 734784
724561 650596
116608 194012
513477 297771
801891 692123
249844 708862
547441 807703
793510 482806
13666 451237
326815 311649
799908 203655
135245 872512
540332 256611
161562 314567
45530 401341
30996 338781
959193 91665
531273 298518
178088 900260
217748 751848
665063 826383
636485 654344
491008 365437
571639 346910
212735 58511
61834 481464
665922 400276
552716 571391
499113 946084
730366 206627
405923 995970
849821 157977
940352 58645
508256 538645
422907 613469
951978 411252
326089 396525
325090 605745
534781 861039
206966 900470
142641 174469
538455 637610
781108 713696
879220 593638
190656 499698
311491 780998
751580 207647
907624 573006
280224 293774
617103 101904
536310 605870
2579 68662
414620 187173
73028 811869
132494 440767
360291 233817
204562 436959
686033 380957
624001 519358
894287 967642
522698 892460
944567 409491
606341 933029
253419 898932
781811 832790
38849 300082
395405 964744
57737 75107
505285 657987
859172 134049
545556 920234
729139 829129
279691 812569
370386 563131
263163 35821
203405 433533
691918 708843
282204 176529
841363 54321
78040 189695
175610 420138
828443 644013
240963 104021
729930 294943
8160 515239
164305 764273
553395 985207
44986 413068
393430 80039
919433 857593
213793 523982
823382 172597
63190 186424
546901 76803
922447 991898
716007 958302
23462 719274
94185 94904
213895 569269
974078 540355
323903 466912
722335 949696
482202 712533
985134 501334
576749 189751
428839 977948
49866 299720
735824 26182
964492 710600
478195 323160
723992 488522
341172 429767
133802 995286
323181 261175
165390 307539
290529 2570
880748 673729
258826 203113
100489 620678
585812 327394
539760 651462
616529 166868
934319 579942
425818 366250
563964 857334
28189 104849
954648 344566
895961 60433
375193 971550
299166 519952
800402 317550
338713 436506
461484 610446
169558 548630
411135 247464
456884 991927
960033 798038
24447 699914
657943 912262
693239 571967
226986 128341
515159 962837
191227 62548
216884 690283
853547 761484
295928 289817
733065 371431
810615 723557
45395 479039
921130 918191
67523 269861
147553 132055
276185 210173
542779 507331
22611 427939
494594 10502
844195 274375
156283 583189
574172 142791
509610 465930
980903 21500
905884 397043
647204 594856
837562 323063
927791 526886
592743 914065
599095 265946
813611 123561
741270 107258
10145 362926
937947 219015
693394 616956
990797 407629
152718 956565
386100 642860
421016 80775
433668 180501
393302 762607
79773 34306
373628 18867
687294 699438
65277 477311
484389 825956
452414 317833
247763 333472
922918 242272
75040 446350
314379 522073
334295 755312
732894 731640
120764 722543
860716 980875
784614 929764
135081 639100
768654 289652
139947 239292
872351 550255
875117 311352
400230 654762
790366 762446
325016 40429
395311 766244
605324 93660
192618 445076
507896 619958
329086 138466
864708 643721
418162 405138
269153 24439
666284 488604
459701 507352
10925 753486
976205 55737
99731 827235
573540 632781
340939 308693
515009 99502
781404 38848
795434 518665
480371 113990
216468 926344
634035 986902
150154 234642
379508 758432
145190 246281
370732 413912
586411 562266
418823 661562
802428 670648
70443 593167
398503 523801
660699 733145
817514 240214
367031 924581
17505 691247
274907 111867
806275 101635
877322 935022
247622 902719
581874 375615
771697 422469
95275 507865
386502 787093
610176 342033
642106 603234
162559 51143
167741 97511
275745 559437
567842 197224
563289 154213
477781 537660
928661 203696
760986 726790
375617 171462
859297 142850
185464 477713
437514 763514
201789 801339
943457 850434
986929 194511
735042 930632
302202 829721
633206 357464
552419 776146
447083 182894
241395 184893
594778 376685
120499 695798
665930 288334
958008 769293
910205 699282
673284 468051
29688 992635
40052 900272
124688 252763
749585 944337
231616 248947
963612 40637
817341 337605
547168 14650
316848 466058
161886 81192
287058 404441
563350 599044
601453 761048
315402 628106
375409 736021
723369 352001
415388 840054
550144 391558
878413 98108
18334 628229
641704 750431
994048 368223
456565 639759
128709 28593
970743 212394
735309 94592
916927 571210
98332 975200
918573 111379
225863 505753
434223 642279
802695 392835
81233 331120
958896 623703
825769 581733
592876 836447
461637 446149
7356 509802
42926 61151
231170 586131
621492 405186
423398 395619
172842 709572
678908 543835
541487 844390
206364 97082
950867 844971
367356 231842
775066 542703
189966 839100
10334 955080
947653 796180
408289 716646
678096 645274
145680 322060
640363 147430
966573 913641
10503 727024
339968 814123
308886 31614
171408 655741
384757 228712
62551 191233
431133 194230
817222 484652
27629 64929
761211 326433
880046 774576
56271 254999
721340 171988
718821 434186
275889 655242
156745 866196
156733 543833
674073 571564
520623 254026
358135 107216
775605 107085
92681 825455
583404 106421
644911 233439
235347 560044
986253 66492
881409 856077
95057 932837
104325 257092
797377 282813
311736 904993
913530 762869
191845 835403
458858 591025
447508 26125
840854 524480
773913 51853
920621 977093
950147 623241
675872 939950
727962 143803
847458 345149
780958 912227
649534 11699
364925 943436
455123 939601
582587 50045
837279 353110
364799 274299
572124 447096
902855 652653
734826 246130
873807 384880
410620 37793
363098 716607
44085 628609
382152 82269
468967 384593
138056 676107
240528 902403
294146 866671
17941 70848
515609 33182
840086 439224
269767 929947
567054 990693
328440 951833
851054 980799
131741 559605
88578 319748
742703 16617
773965 898053
255668 46547
512196 613523
299411 758917
340045 709246
61043 602564
799119 498872
242152 377086
553807 291716
674371 930585
120349 225363
532170 680494
262811 669602
725059 83151
480784 818703
410875 783956
730055 551004
914906 845007
545292 954169
837350 382764
648812 805915
760003 186329
303215 79857
484740 89482
865569 302476
446544 421185
821907 852451
795110 619636
916506 54398
70724 680803
835958 520147
592083 508297
701221 977289
459261 546545
468672 76899
116788 645435
365450 336925
544392 905588
699171 107748
79920 752527
310827 867131
714863 424304
905247 942976
492846 770880
281485 509937
595308 484319
993355 276206
452390 737736
847629 529605
712066 268121
607579 177944
279067 552830
218630 413617
98858 210317
213291 324770
67885 622505
579366 256091
919048 516685
94599 428233
507000 148604
580677 876742
128546 921524
582330 96490
991247 866200
961795 263330
899346 529202
794743 379949
79266 808996
455404 56234
878184 910294
784292 843436
16859 832263
214590 632117
414372 987388
424421 419687
403631 24976
768087 372742
333376 180648
441951 8070
723155 363601
267801 339099
404754 715400
834564 546177
720342 857384
97134 445240
73792 55406
426233 212270
382383 599137
340691 733493
801980 645011
882977 774126
102783 123729
337204 737645
383528 474521
374375 351290
848291 825184
280296 533632
443492 744556
666307 893632
782009 586476
498543 551994
959640 286364
818479 801526
169324 755972
992646 313100
855697 164552
270898 456362
599380 559165
118456 834196
937929 661143
297926 730491
815088 573886
821245 96157
821867 982719
576009 243572
416279 785034
952176 968228
106756 65308
547263 445663
425290 923481
669395 987573
973737 9281
789934 478782
200913 815617
650903 385843
890006 472588
650648 267624
365291 536171
372338 897393
421330 611096
260435 191227
421445 650209
204234 285306
277254 178396
740330 360309
995878 574439
798460 560014
62540 941107
474760 597440
207103 576425
864419 469807
950778 544924
359157 279211
906442 682173
632257 258621
115486 140033
272777 404990
62877 616964
18470 33205
547150 354193
347194 177869
149002 606534
70119 786173
167144 329589
871571 704160
324020 508492
75449 126232
593527 832085
170475 793291
38713 609557
405823 656934
325838 651693
381842 206983
243443 486103
237985 530070
214857 385285
223601 517155
288902 980237
872839 531578
351047 246493
751049 23778
267762 937954
512421 806151
103885 940146
154398 318081
281803 558587
247624 937722
392165 926033
608255 509092
770163 312376
493951 136801
626306 397254
357975 436557
146649 811822
202959 29631
881142 741520
152555 722553
306772 502081
368088 511861
959878 850255
852646 566315
964384 804577
235281 851242
261577 257435
952457 227908
648615 284440
671050 611807
618927 216657
347850 135965
420709 327525
490567 660392
920760 458369
752505 119825
562582 937330
47336 148094
856853 616754
860982 507426
925635 534542
660330 832072
769105 920316
387235 305346
160839 709455
313593 103712
872566 400167
5135 990205
282590 45505
675329 551068
94509 833295
713059 417117
220814 734151
117817 158323
286442 614077
506798 772134
738305 608377
851774 350475
136339 859740
427456 301737
699946 407275
763597 113208
440798 398018
280295 352576
704143 549969
564846 909537
467224 965986
587556 545359
246227 743264
916799 310280
795630 825735
64913 329195
357577 888070
202546 221778
562836 675860
359471 4491
573348 65818
552096 221622
895515 683190
719587 998441
657541 594562
195094 715308
919193 940528
419632 475994
560084 638969
493 21933
50388 936695
220287 578584
312062 928190
750977 823116
142576 108256
343572 659129
121555 874296
503071 961131
11993 54229
95393 86646
675353 417558
697609 6694
319087 566103
35718 565054
528497 177545
711309 493535
525296 456369
19247 908716
861206 935511
895269 499134
605158 269259
285845 34513
904902 80967
959767 774384
188987 602113
407200 860318
288450 639121
748148 831939
709153 541479
224226 649278
553654 818948
306412 16301
265599 651568
956154 987437
799289 699137
500382 688910
978473 70356
167626 473632
643126 320233
274281 396601
811815 629582
922822 722936
835447 409903
555429 990859
287593 407799
135042 904198
639996 296020
526327 310623
514105 482491
702392 763484
167125 783906
724254 469601
837423 879861
186812 297574
627731 347256
240478 450061
950607 819951
569759 224760
38723 434427
583974 971386
555455 658110
440975 227133
835549 369430
212264 819774
933085 662138
215982 25153
404694 863561
286645 778700
566850 680576
899862 176725
335817 231606
693587 170788
985616 307505
37374 174323
64166 1558
826596 134677
268904 226723
52394 712822
776703 400469
832919 216003
543472 271661
426245 396582
859536 421713
821565 424606
362467 999206
211188 36777
676640 260183
423923 194276
746576 364321
618120 122287
162073 705665
516269 429449
506622 357878
840615 801235
978665 306838
317158 863897
56598 653898
327333 663005
360982 603282
454016 375981
303381 655640
921896 520032
243598 114810
849811 764111
405894 101932
938325 534795
721811 803337
9171 863970
810674 730388
73899 73016
182336 490090
355768 253033
541615 474255
577406 664036
616073 353684
967752 12120
341165 908444
164946 593511
308072 854605
372109 692486
545634 66442
103585 197497
768723 80756
844106 512456
368456 595474
170812 274488
517464 981812
623591 973520
107279 478612
85444 296054
95296 367733
436177 678530
609460 536983
963635 659709
320368 28422
518516 963308
107897 495093
408281 347808
545594 321415
369538 159063
331821 431121
981006 32846
497966 800849
661032 983303
285253 603492
336937 251351
999257 623363
679796 164836
935231 914246
745960 446136
72303 113526
470005 483865
577336 721182
923425 463040
898350 365928
494738 464259
772719 667068
18859 505569
710163 625008
121284 204495
837606 201608
481445 700467
274681 767680
716696 74518
403715 797148
967417 406525
52208 783941
76518 641489
202185 310693
834617 185149
316576 714000
845321 87912
670682 768533
622974 485036
548189 569484
158483 822040
647222 119092
441293 839471
574023 338828
286561 80508
540731 632279
443048 297727
898539 375352
690094 713356
687297 353613
537626 915834
755047 894343
972002 55274
693057 294893
914281 442164
899947 402469
17408 854334
513923 872083
218594 505917
219529 902387
68428 517505
997975 324211
672124 266895
167190 274210
342945 619557
83765 831594
44548 544082
741246 713038
504383 295195
924190 607410
517020 718590
8257 173261
718537 825899
61384 963756
608975 297875
285831 498203
703254 916494
759273 795728
802981 645701
489099 636445
310410 420720
761802 914687
214809 283740
217662 550357
944755 530121
672099 31220
923699 945677
581912 203899
810019 338996
932523 159958
76760 487657
290544 967357
233864 931810
342398 16063
284575 376160
840471 378801
419169 132596
234857 798321
813721 348563
89307 892065
637326 933313
782299 267625
713820 692473
256865 341938
649371 216689
432174 732553
493598 652403
750062 68757
569567 551348
265031 508861
541950 73443
629080 875476
807026 440372
489725 962521
932385 552594
918835 981975
47291 135468
359574 424507
873389 706285
513329 499521
163023 219033
570095 37475
990715 494878
237421 147820
347984 117681
637847 18833
734537 555185
615713 97709
404313 758746
711104 61197
827768 895208
706846 234285
736772 681719
586009 352988
699171 142556
632094 280509
860870 10733
160525 33906
92392 439336
296182 765058
39672 357182
731274 813810
837903 391335
294094 425408
539099 558988
568534 253011
389757 782760
535597 763936
705817 805444
974041 548924
673560 679688
947267 343505
175024 378283
416876 236577
85701 397815
901153 115420
494727 156896
750651 477622
148605 872971
860891 790169
470418 619070
357146 53393
188374 442089
289507 684839
524664 988021
447494 964718
202314 972714
235913 352084
999116 185426
427265 332500
338686 968293
783496 515945
750814 464733
740577 861067
498086 400813
649642 942280
548024 62796
739909 378993
743011 610085
861116 133199
822776 848688
88129 79877
160932 340609
314343 597618
240471 681811
783 46411
617949 695286
697426 885922
151864 905104
993417 123912
113650 528833
48117 835627
508992 135839
304497 285288
142283 354579
394908 882607
391900 321181
483584 583506
235766 589787
451821 613326
33802 309746
3687 180836
759518 989547
915915 317229
116293 224868
194058 834452
373499 398491
244685 869715
920696 728992
386903 280238
505431 588755
695731 123205
934845 837416
245835 502631
312464 628952
325770 877991
94177 184702
298487 698349
659949 566019
958805 898886
350186 889986
656372 565766
666958 482209
558015 306360
705029 398042
110969 226377
714979 846947
157548 637259
104550 497535
389533 631527
391295 437214
737226 352334
640463 4169
683939 464119
810813 990487
766947 550249
118578 12039
174083 206357
147560 193504
640892 488664
22609 139328
615356 834603
902673 504366
695641 590178
800490 588749
270246 455721
907463 621825
911599 735106
417825 463240
390948 806343
685487 953361
222414 194125
217101 43308
387232 553130
770753 710257
289823 136903
343589 738746
498095 408858
828276 542761
353467 630473
699863 898766
505851 740504
683039 643075
620463 649060
398979 979317
164371 410975
515281 532430
25090 448397
930403 630841
849719 528889
860159 700745
294564 735615
943361 68959
176762 531642
445786 720483
165483 608892
890201 540898
184089 851579
691077 302126
525230 999661
463874 646319
593598 630479
198469 884471
198786 67042
268563 655054
257057 300064
511570 52899
745313 894127
667950 925
457121 987061
98513 783040
542274 578478
453717 271432
266895 100701
523678 947477
462486 567599
31508 910994
692689 200330
615604 175242
550151 76384
415364 436326
556857 769725
723481 638041
704294 505298
246166 304450
407586 941046
170430 758637
887811 207598
672559 155820
223389 936173
94472 806887
653226 748088
794980 548319
947229 70284
657313 145375
444523 589828
375843 979973
286942 900376
824066 127862
201828 91494
473240 660241
353019 460174
729405 814930
93401 707785
820525 935282
887334 856848
50986 986965
141404 186798
805823 194947
301142 912427
36371 92899
558744 640728
691175 152416
925199 808107
907103 591883
857124 357191
561109 237541
748207 243320
57230 475457
76296 82401
191278 845998
93536 2648
757924 963422
710061 684353
31161 80116
705238 219135
910332 853307
742968 869371
853629 543333
593376 744919
872300 121460
139857 95872
276150 953738
831506 811964
779743 145167
792360 904395
203209 818252
386425 498555
754390 319606
616383 156914
961566 521133
623552 926979
66114 109940
876750 909035
15728 881793
138151 774353
155630 424905
985011 672609
819457 902730
791211 381215
572641 337095
685610 136855
548929 637791
432045 367244
888541 862203
491948 563424
403379 296581
690215 737917
104038 34969
33392 433742
139007 184101
371525 391848
541589 98757
856600 653740
261726 205728
696353 855585
80184 299437
78400 410649
259719 113342
878732 414525
591355 634961
192593 421059
976536 78351
422462 940750
544482 467060
752520 641564
251665 780768
399845 953712
390477 129864
150673 222720
551335 886710
634387 615732
395723 474831
822931 419885
201864 183688
906463 922836
412096 181280
859599 652786
449058 641095
765090 825942
28379 558471
198066 664288
609314 473966
940121 23270
137661 960588
749727 960722
341600 291543
605525 365014
444006 687030
456777 612904
512793 918786
238188 740678
668543 406360
257237 320215
835614 966253
334876 489491
810151 119680
969814 29512
407559 236930
57323 634804
89927 755
169594 454799
128617 217628
728020 222426
858183 261466
377296 63457
976008 563039
338941 202575
966660 962131
816402 806844
34424 961444
428801 695476
446476 459598
105908 345384
7051 454287
393482 965460
541834 841582
96563 327204
798975 34354
475963 703509
610197 479192
248105 546766
446504 838469
503752 157761
12077 722270
169753 466413
238077 391274
513859 980039
227361 797599
106417 266955
16508 954200
683296 911646
487058 395087
99702 982238
158355 758141
855212 553561
62790 374536
761092 13609
202494 950293
780138 650059
257744 694857
643068 23974
359961 969072
621164 880128
435740 482892
998317 588498
790159 125010
138788 113615
242830 971086
692068 960089
880022 155321
384203 122577
644001 795326
331422 289900
752250 821736
456785 837868
827317 55167
843437 939327
26602 908213
558444 222097
816957 696416
403827 373372
468438 823741
966296 397103
538178 886650
127985 584177
152619 321785
802212 730358
828002 824098
465691 779785
771908 895344
874570 374065
687589 589382
247271 613941
164720 298079
54261 178583
205570 794520
128547 971316
492706 205418
968885 38172
227624 556980
715694 214909
343987 65883
72 130920
96524 902389
514100 447001
183856 736486
635747 253684
635577 729652
80196 873956
302753 906054
118673 799876
609387 889914
919430 746596
560050 365425
891668 37695
678925 699719
244512 956189
142192 707369
20406 1024
902384 179147
959434 617733
19656 832398
933513 97430
963001 419772
831853 163992
934333 660606
320854 491155
370511 911096
903152 163395
746831 182266
299786 827975
27413 288329
984361 374642
368006 114809
955327 207372
705356 780745
145656 139775
862489 444531
229564 450713
917446 540635
967584 503475
309019 519109
499894 943923
145047 843187
268706 855099
575591 175537
560426 914854
370691 672336
521217 454584
284490 545171
840284 221137
290028 666208
958976 966068
559332 942129
181814 266359
508004 941617
854336 364320
730998 865150
761532 251486
816452 71443
832157 814952
780505 413282
173164 114608
530789 907328
408766 89118
99560 487366
569755 190356
369723 630947
920366 294907
997286 670797
580120 988080
107345 500649
91095 727674
859954 740737
797816 339586
4367 299822
728610 711572
273571 511346
470277 475572
234309 797040
619547 627268
294533 390413
184969 954630
802883 260221
274838 946074
434988 506610
386891 273436
461096 73233
625721 426756
959560 772239
172054 177173
186794 83713
473519 83364
564349 763427
382090 697288
70876 669608
775112 694700
255916 66261
528397 552798
1292 423124
936619 17514
672617 585193
539814 211255
545057 213177
30467 696309
736203 220084
30150 788365
392508 515475
807681 755809
188529 23364
66267 599826
469959 990834
21105 195931
5908 926780
591992 320934
787779 717974
643228 712833
106179 254110
155348 898930
498516 237985
172488 164334
221432 649943
194403 604019
123998 650056
615865 618697
256452 958716
835860 594388
466353 931416
79412 27104
989242 402514
118335 664609
872207 931708
174950 61848
510865 875045
455657 734926
869687 75842
918977 425822
49660 868805
182705 232427
641671 663985
456956 564848
297835 599814
502450 218209
982654 776614
102242 465939
716640 932723
57094 716949
246551 827980
137473 211542
104107 176909
427 483212
762207 495089
295674 316971
876853 543023
307365 264288
169378 106806
403788 650212
304691 957458
727156 453147
466856 768624
994902 575287
430274 399706
209807 116517
380830 62671
286578 74172
662881 854946
168754 322631
178233 861981
314657 161555
76036 519504
950922 171451
161188 929651
110226 26945
941037 30064
336793 753450
416894 812954
127508 560249
6361 859006
184330 576630
303621 921378
717849 932451
182069 129823
709303 930405
85059 552432
860678 25066
725072 713045
549423 642299
703547 12501
113513 579241
397474 816438
110624 744200
245680 617982
463286 102514
232142 985789
465896 6605
1428 704971
625781 481737
754315 617412
323809 480220
299675 120695
86193 974222
135436 115397
593870 453060
329102 574058
177064 301363
22081 284344
682157 908810
213082 523854
922660 290849
526834 410040
125194 505399
669169 304822
798194 745118
639193 582205
197582 539596
740263 185395
984895 743577
93324 331131
221688 187436
550233 492638
155217 563076
275931 626341
412381 801261
870033 995237
274846 184253
228055 297998
982141 22995
466871 217802
926502 151942
436854 553963
505269 773061
870964 545803
874441 222242
360846 98734
614503 844727
528787 831595
158924 663165
444063 819139
16670 851585
662260 613121
980652 933695
870959 389377
971148 61909
143969 152058
98270 534230
9474 958966
813655 293457
233659 907083
845636 241296
295766 793761
891315 670499
469062 859588
42022 16755
445761 87749
820530 45236
55787 999710
639095 336333
642846 511298
342885 830534
918904 156405
558399 206933
429101 687106
772437 404662
347734 403738
377114 897476
861804 328300
88641 401733
727745 368853
199493 53669
442803 407091
362259 349562
863397 579552
140069 892834
35137 162800
872480 575411
42953 111207
667383 277343
506800 815383
280950 164166
64031 832750
740994 346899
529599 158068
795571 397877
594676 687620
566707 477024
87779 270642
295540 326748
98521 183753
664318 127934
705569 55270
552883 567311
580337 655498
447902 356455
116329 84893
13566 673670
149521 234197
256878 120658
38860 364863
120728 888417
458430 316112
244761 381564
230563 468024
600367 292596
91326 939328
581972 624002
990856 985114
834115 930258
544948 153932
779643 147301
488427 91343
792037 189010
974102 520435
542947 976342
178078 380619
640468 287939
769549 494991
10591 946673
143867 96824
716200 389109
545198 645953
476557 419693
764833 608702
963505 665375
674982 852096
795991 264908
655198 53419
901673 697552
768220 474131
840533 763762
92745 962029
10871 753293
76407 914320
534136 687354
68278 374085
540410 402267
996348 27697
916583 455713
832013 910557
822565 169221
52064 140665
170574 118499
633060 980687
96873 343129
383267 335431
73548 949411
773981 2923
234588 316431
9786 997542
238044 133430
955128 176008
797389 612678
672567 373230
750284 246510
961257 795388
743711 13603
482579 685854
807047 400099
286188 96351
83619 302808
733121 409061
4809 105907
383394 510187
933630 633731
910808 378383
526310 390029
104040 355977
126963 261039
894410 246802
371306 162301
168574 650161
609029 218180
539564 787335
666082 304976
335008 457858
910488 926343
222008 2439
330586 141535
820632 216619
321565 445313
54766 666002
878166 173103
153503 19472
672315 990182
770239 112223
145027 710207
644123 465054
787424 853877
620348 578415
176473 650416
471084 914812
764240 727229
874458 551694
752364 831957
333053 274867
747 912603
791979 849588
216103 856321
780152 233571
715015 781819
116941 303628
157111 27676
726153 140832
419961 702775
340785 962991
720294 941004
554740 744102
322991 507779
689901 368026
229237 541749
484710 611920
168929 115515
286430 719704
997961 479660
739684 882412
483288 361713
675742 674911
629914 596739
533440 575528
7174 567607
45640 620638
809189 579098
450639 476605
721377 611799
77030 623637
882405 706436
139756 163459
568622 300530
109192 654575
246398 787709
456464 195214
922039 201043
913080 297385
455921 462629
655801 945831
516247 962173
664156 616114
245059 189515
117527 141373
150281 170741
287521 174794
989654 881342
650728 256154
455080 245088
858438 700947
539685 907240
11410 778383
165354 453050
973544 228808
629261 697701
655910 568311
11976 918695
696391 32682
553424 45429
855445 383207
791507 456502
829325 792141
717214 826980
348188 514370
573436 903058
814204 908097
41323 800450
528910 776777
693385 25968
378701 674204
906725 863933
924081 940879
791088 335507
55542 329882
401551 229696
522583 709240
204715 766953
812253 367895
625519 843147
125317 749124
471990 799645
989167 213777
969239 653102
371327 309630
558116 962168
662039 304030
172189 917502
849140 842783
64073 299757
355583 625020
902382 795866
923169 50897
474311 286392
85462 291832
534252 512643
643110 2510
101213 473406
841799 528976
62422 916767
319316 946024
691726 332966
128558 779791
654524 822914
191349 965770
558344 971200
657510 909781
647753 247522
249376 883030
26830 812926
404091 544783
179030 166371
277667 125596
512277 543306
990559 885505
853176 825091
201486 679486
812050 65551
771047 372708
160873 661282
565685 35785
166826 553833
611088 816391
344813 985543
973510 867955
45111 224211
137037 341964
729865 264712
58780 254777
580790 892169
415800 253435
562911 36020
903905 639270
187088 852036
190287 766241
991419 695096
256489 205066
739447 389967
645327 321929
316318 421879
819256 669832
697862 524107
207125 648760
570467 731625
741282 444970
677907 350883
132384 626615
561420 158185
284644 946508
768741 958910
142700 397758
105441 86151
166823 461822
654224 380611
542122 203405
321476 112358
464655 600166
428800 511685
878641 749625
120525 951404
214041 357347
922698 480827
701177 866706
445322 733413
382506 746957
974969 371297
531537 579393
54291 367629
50995 698638
860993 511669
968036 262181
759264 289083
624853 693162
538069 214291
704534 311876
411615 264860
289574 994715
268469 407386
577770 214354
165003 645693
627537 484021
137137 18555
503469 524812
318547 525184
788136 7382
648980 408396
238030 14082
24459 724621
55119 342006
541297 501444
421270 566456
586987 326948
541873 76956
389468 538841
400104 84722
482539 430331
635330 647331
379853 542699
583460 181481
895285 978755
620206 666097
462954 31664
306751 670470
542017 233364
616618 175127
972703 750643
886138 686018
997097 538985
510595 461183
176021 735599
717555 593152
292935 602141
466881 926704
316629 313059
613714 694075
883149 608923
393398 706181
265447 560257
47832 881403
702295 723625
824204 478483
335355 463869
239598 280851
925432 703204
225833 788094
705496 284406
811191 992123
543307 502969
581480 674070
456713 978512
287981 977867
997812 803118
632907 749573
22624 824462
691069 18431
935154 776792
555637 426896
28899 943995
809036 488710
787714 544629
868242 817536
196524 403130
901259 108154
975942 282996
44178 625718
759584 605173
963236 238509
656162 279703
671960 578588
926974 821931
825589 751611
915321 577122
318735 701400
90697 237909
657939 694287
194696 143202
513338 717654
429264 490080
137547 33756
596009 542713
505201 271014
792745 967979
767821 482371
159640 767428
135401 333839
72010 788852
49213 458193
690594 592052
997329 640316
346427 520323
840960 680631
576804 792520
80507 349382
666729 544910
721032 804549
585695 930789
112547 47381
218184 935245
811593 110129
129908 947535
170994 56491
836226 773790
134932 29041
481100 272631
279632 186997
370803 741859
575239 630174
635484 19897
138187 929679
53158 964516
801746 64479
435945 535067
928859 760870
853405 847933
572211 391636
432149 455884
119132 592984
527890 287962
63356 153277
283026 58151
692999 973378
708592 223332
42271 747580
551675 165605
209113 850907
928955 998971
304194 620697
420786 585889
778043 828794
328795 927246
735768 99256
765400 786937
864796 37167
138103 822151
228670 568129
592774 157360
728827 702759
441003 357243
308183 95390
56402 711037
282478 928257
239793 596061
222160 270321
391803 976465
981517 538828
151199 838090
422788 733844
132388 857380
279004 135530
672488 93473
585846 746250
935739 886263
862570 862625
30836 56753
744607 441917
669701 872641
520517 331955
290435 643350
497573 18983
240056 838678
272294 154345
477700 772406
960526 958310
502212 769216
859803 934804
761706 91923
980916 815414
734104 617919
885043 466784
728282 803703
612898 51622
52370 701182
956319 127452
383054 177821
640128 298454
575168 865353
423802 89239
210249 491160
332382 487248
990249 625465
586230 923370
786418 920396
578490 717179
989395 329640
418310 632513
453311 326807
359914 950550
924291 968411
445681 837775
815137 605557
595769 826503
931772 530547
803162 41804
955516 887097
510980 572867
857202 396746
899007 538940
237713 935275
69363 130016
152164 156439
73411 546613
210847 431285
459848 327363
552981 335355
256425 825872
265659 491591
770974 707114
186327 730040
59897 253005
291153 81567
141753 141831
689583 950345
732507 473677
911135 847574
762198 319765
246306 50053
550854 616041
91920 642004
560323 813372
353629 339202
832475 128799
62428 676360
787767 250181
448409 374277
134268 162675
305361 467093
26672 299437
583690 701744
818354 835277
721150 185755
199985 820195
70147 822343
11383 941868
889677 976791
527079 61708
17815 232978
455716 489365
229665 291263
227262 802113
356123 715741
780921 558179
440274 981148
225893 669394
572174 629329
644593 250586
269464 152777
552799 168099
466714 235548
364040 766085
393018 905256
524035 262487
117580 344727
897838 127329
316704 872664
837248 756166
610902 15355
357633 152178
452339 558960
498768 53884
753417 24452
738257 482092
560270 270558
24771 228403
851975 89953
209049 537661
161532 604954
982510 20478
522417 224892
847504 985227
43308 832781
752826 144668
637573 641502
644832 732727
585437 762172
234949 606404
466816 596848
722464 370602
41783 231106
709912 470631
746091 271004
579649 612088
417441 248002
360585 641457
341944 982688
449110 823544
61608 218878
12409 858296
790893 757225
522599 840883
886239 457496
746045 947370
250211 506890
161217 234841
566930 53400
153796 443680
920430 193949
303166 730836
91384 130352
599968 909171
824381 162903
260004 400752
984198 516847
459698 188066
717006 379891
610425 321673
333826 461225
144767 812868
499208 926160
588582 383085
379388 530112
687287 700830
511850 20331
756849 841947
675919 361922
786468 812463
680418 468544
352865 153786
224817 259486
734244 871812
831062 506547
636694 109430
575478 687228
878598 539598
481253 414916
978758 691991
927991 192788
819067 833526
693783 868861
92684 380605
409447 870290
345724 954326
220629 394453
487020 440198
985228 969045
983313 56058
167928 543000
476317 234744
472627 541580
214551 668005
846632 438795
430125 88837
695495 430788
967433 920764
749478 211981
601188 809183
77673 868963
653325 891832
875951 606746
289689 318611
655980 44952
544899 298747
336589 340151
502330 515897
197273 242522
548191 924913
89106 223707
701061 780314
159768 334007
589462 782450
534368 224284
760495 652393
765020 560003
147935 666385
732663 958373
828814 986965
967013 132743
610996 633338
245885 910437
200545 273072
427207 776869
784837 642860
464330 909204
127637 537089
952293 380490
676829 133932
52515 407829
663152 346173
14345 117875
535249 118304
301918 674850
739090 214814
558573 962011
453649 829277
299871 840242
998454 335765
73027 724387
539528 613120
572832 392822
82018 462123
420021 906116
132321 222802
793582 244314
640065 470320
916052 103316
34175 29083
883040 233929
759241 629759
211782 127997
135797 445559
456532 122906
376197 267057
30565 400536
558580 232397
770468 422839
731990 758798
230418 880263
332948 562849
692996 562186
181448 715208
688400 468888
869202 227656
447766 781663
86305 359994
290047 427643
587039 830662
843495 302085
776211 19969
316193 373873
758509 169522
580512 42204
75327 605347
238064 158361
92285 248592
707418 213531
716364 192509
46602 609143
524560 564059
113491 389897
325426 162395
343319 437695
790001 777414
465794 804146
881018 890712
791142 719836
776461 533885
576732 4970
626010 536205
377172 178156
840507 573408
925153 750699
562522 845389
583898 762735
304895 236312
562232 553182
691475 585914
271450 493089
203259 510173
458649 967734
862947 298076
79836 418119
363923 874104
731232 760228
608919 781268
502707 783239
158663 988098
114584 472728
14567 215257
669107 647738
788097 94004
757943 151653
54019 928569
501272 807914
458215 556969
44613 227932
525259 243164
558795 866555
683256 20851
313032 788667
171346 92026
241475 374214
28845 109891
100985 478855
120507 971725
25605 331735
319561 899580
819328 224614
762659 552978
435550 874015
211041 659494
441926 275029
760631 503906
733260 40713
880471 127978
761135 51873
682375 605476
427503 670947
877966 454741
830290 965678
413323 176184
113552 687051
46860 305050
699285 558213
867207 492979
923077 284018
541675 859435
42171 10221
558961 849086
405116 848702
376104 251821
201264 552641
513092 868693
130104 614265
612612 853615
289481 451608
244766 172987
59497 987518
752811 317433
131029 194708
737814 340186
381342 670101
507511 278780
540051 436981
580865 387663
158706 51708
200949 411644
443424 943669
508625 585227
632215 679374
644429 801311
621648 715774
95385 5083
88876 785967
743254 148697
895153 121282
984994 362073
697669 557921
788300 121287
257950 160564
440861 176742
527711 179667
123264 725659
818458 120138
117345 471649
551606 617228
413917 258034
17750 599312
445362 233621
424155 868046
437462 571081
176174 129338
186751 987141
91423 541698
15019 940177
651856 942400
74523 434608
131984 11799
438420 228822
599846 432958
506514 801705
434300 241281
563246 770988
543825 979808
812491 367410
693892 854285
97573 78249
406551 697358
388038 189055
834790 345759
196457 955076
980624 656897
528554 51629
700972 985042
201687 563461
13629 25222
627861 409735
200843 176571
151229 233480
767741 101540
514591 18543
893119 885328
751271 829968
187270 292163
422631 733714
159737 26123
856025 923356
790776 793853
458549 868607
638729 212134
979174 85974
32341 742289
394169 740973
787463 609782
292483 932706
25122 667487
204961 884580
193909 419898
98882 865919
582112 52471
479983 246695
228967 439721
691469 62888
494982 360776
770454 166465
29517 956496
877819 350765
749852 504419
45643 546548
786445 104084
565681 582487
642564 242047
835554 581328
125011 937471
472345 419143
370094 945498
833017 453557
407837 560538
322967 149207
158908 301638
997570 457319
763149 564027
766933 111160
22424 914943
549702 933915
607444 645631
504713 999256
243649 41661
110748 377518
280573 248923
516001 588368
465718 789020
690213 882246
751529 114588
44309 457761
372808 465048
962701 536335
41573 318217
878985 763222
686462 387829
391103 798985
285154 992970
673684 400074
366989 695331
164410 98306
647126 809372
57871 39615
507947 425289
578378 212785
184673 585680
57443 708151
396260 746429
391043 91555
717258 298610
909316 4673
904156 424700
386731 611413
1462 676225
421914 386180
898564 396581
5161 283770
880059 330735
501589 911913
198673 651823
112568 215522
307691 357524
675127 380722
532115 152602
479909 678106
408042 764139
572530 947473
830487 844751
278434 227228
218077 634012
659930 896931
651279 817258
708212 994076
33512 584736
124639 765576
360885 725502
704869 552057
388597 227556
763675 87007
203721 401796
221501 126649
460285 713892
37965 636721
759197 320958
310250 729492
778008 38880
510641 41864
973712 978716
150784 273264
797757 819681
704240 957758
706657 946343
252129 99000
415735 164240
443883 672927
76889 785862
11566 448103
675971 42877
656058 744938
760936 75721
914453 434064
358893 573604
647187 793515
850343 995727
608994 624238
143978 883560
718039 534
807180 898240
289124 903389
165904 257941
880419 993057
638830 301844
149976 280496
193420 147467
193302 444854
194552 750692
986533 880940
235022 676685
54515 294775
555343 588289
309675 397103
926889 232347
248855 874418
982731 813747
400719 157995
971766 254865
858622 757323
247858 811110
103996 111522
226628 982521
493203 125204
655760 627977
255734 978766
408562 615291
887649 214579
531532 625216
838037 183626
861083 619099
151136 50712
593921 220709
561967 882529
966335 338062
908052 438552
620355 480179
883544 825602
5655 495643
54932 735065
988092 762992
248869 701834
927231 25317
957119 211113
548344 173286
227588 130256
157829 832322
601549 78714
350232 135684
6963 367352
361529 756295
573367 305591
875061 710428
766399 71940
423598 852537
604034 448670
6564 219263
812973 533917
795 984006
693342 448821
674568 900866
922340 161171
3400 278367
921153 275376
142690 556586
472658 101204
555326 509144
731451 953932
232975 14000
943495 386114
38422 45260
512653 527920
969282 59253
929830 369983
927776 285119
474467 288063
269514 919724
516749 76644
146493 955415
396966 766580
437657 880384
859028 307695
755716 143603
737780 961401
361735 21711
579912 257592
922888 190507
78832 848115
399338 250374
187617 704522
247735 217094
155074 890629
57428 678387
948284 275691
419459 39168
373551 50312
972827 437568
635400 331637
451385 126562
141639 14260
95707 506506
662165 966553
549972 661686
674104 918815
322649 617479
399393 124930
208524 50884
622686 219112
766005 455430
711191 679723
877389 50333
384234 510600
164019 231033
117322 717151
83769 363645
605972 91117
355662 369185
192369 598163
81078 914516
448112 136824
873533 381586
384615 304402
57405 482108
672803 546393
335564 555967
996957 636272
830805 45841
725613 790006
302835 449990
607113 671936
571777 687858
378383 202330
179663 989366
986863 313127
267386 277286
504497 49260
417310 935144
676770 161295
945087 400731
759133 771760
755659 841352
336255 717141
665563 232266
4552 491264
10485 508341
438034 145531
71688 810793
768355 540952
22121 475882
259568 647180
973802 922644
869780 649476
343326 172012
145104 712443
137065 115306
86380 570088
417049 539504
244027 487564
72860 537197
521953 137888
816212 527635
888138 392823
670470 440419
512555 670074
371745 141539
479972 427856
445249 326372
158899 784945
38310 264214
506251 174549
57407 617213
807378 365600
451284 769735
438324 670415
908544 733179
628649 992518
904961 660276
406669 983581
535556 875549
902016 984941
939449 161521
213090 629897
10050 524674
255754 955062
143275 211695
150241 911250
375937 432567
399078 648905
184671 318407
923452 669064
581055 814739
564172 655490
933102 30222
586905 548664
960120 448123
659339 888374
79749 269679
137742 587422
142004 533125
774603 337557
262276 90998
93463 180684
944470 704388
916389 495361
785485 26439
723201 801572
983906 545079
353054 63064
450622 150329
437538 628734
160173 295291
345133 11051
759201 818761
315099 89349
662711 550005
947730 55388
324445 613891
392612 662854
591049 938764
4404 816232
65801 845047
379289 850247
725109 737870
80552 837307
375522 845400
632060 662688
623907 983313
525126 79329
41509 107999
957141 13224
509801 375783
877877 38268
898288 981734
528030 199974
131946 833763
510736 308471
343972 4370
177413 709425
266863 985733
958983 322296
453239 82510
306360 717707
637450 670937
399815 96630
451107 881394
701804 999506
511540 563990
523712 321131
342780 373362
888444 653406
233433 653850
22320 717329
383467 277837
117306 415435
435060 243216
267197 697320
471628 131837
721030 835196
621526 407968
208213 964301
297803 233359
429629 455326
933595 130433
359613 799098
791193 217218
878097 217452
922347 7608
172895 387776
105920 212516
817960 932665
93058 635688
328747 810544
163747 408821
539550 665753
171208 60523
412218 942717
933809 640196
35085 620476
615015 785346
999477 33225
28309 647602
671400 573417
836996 467453
479486 116859
378492 27256
127183 95326
824288 400893
186895 321555
629314 283174
491311 926662
385116 23004
719238 361717
922333 54998
589768 896970
891279 274824
821033 497291
607640 778484
217169 509453
69694 828588
444182 487613
911016 908112
684096 231028
768912 471254
956172 928284
416845 896793
581057 773145
159665 417169
897015 201457
145244 61436
438046 198371
710278 340390
672117 119654
765533 419594
221555 61649
514144 376080
788662 6227
225103 706051
945044 886581
144736 348943
712629 313818
724226 654990
194444 614678
859045 940411
918822 19986
2718 150107
873138 740674
299030 889375
212442 40099
677169 949069
542576 484443
453175 133543
217436 167283
360903 748739
327298 653985
367072 67412
552459 420334
577473 662618
343869 562520
542320 70987
457128 528785
931747 645596
935039 855142
654607 463093
958345 966702
161562 78313
121587 800790
27259 557341
958047 427606
660805 473966
954020 298727
246491 948657
736452 15143
235973 415663
912627 75855
98662 446838
597327 154108
925811 368922
176438 129218
59438 898194
49457 563434
44745 113446
717347 540980
142092 790318
860659 492065
470330 603627
783588 168801
142709 794567
557784 765876
661711 16830
798933 334716
849079 101961
466270 767301
387786 5785
685740 848937
152533 549575
489419 793670
260432 674846
955544 974313
684732 541866
982139 376003
976562 236639
915289 991739
689847 28472
538528 776945
163030 688377
56487 513979
476403 303723
879423 413286
257669 825196
304306 638432
933209 817455
794860 583639
965200 133958
570364 860358
912339 974711
584569 653966
619210 814189
1093 746162
151541 838181
631614 198802
836685 196989
456183 312243
255599 775801
119004 754786
524168 841812
208929 928983
526010 724209
665194 215301
612992 748143
7244 996174
293673 787580
477450 433976
908718 450867
579197 724237
391345 686039
583617 273804
740391 480850
561519 36696
550027 126680
836150 521821
9842 935583
422175 229562
606183 737820
857373 63582
115965 957626
541787 951779
718119 396759
563307 797089
244745 986207
302388 533494
168403 640028
294056 459754
435644 763672
440258 303839
82694 39640
516211 477897
102635 213887
658762 924884
607643 795665
832600 960415
952982 212922
244917 392310
438253 999676
442622 342765
831239 27722
868564 439069
631779 989987
773608 138394
534534 972267
587211 428082
122406 468631
212850 747538
150655 559292
201042 571173
932244 665414
107959 923176
380601 72701
717863 271949
697570 456592
248053 248932
24929 2285
332145 472859
948342 584824
273112 826671
214595 949060
260905 495064
639429 883657
123932 393402
687514 469177
604990 402015
47427 317053
896486 273248
577188 165541
859644 630185
782246 336287
492278 934539
767535 366008
936205 608819
229290 388501
921990 506267
327146 844084
17086 468489
141904 197846
292119 528358
451245 203126
387170 603979
679328 949385
20398 659127
772612 340919
948515 61916
23320 497678
586761 964514
157957 72553
616566 41747
546913 309996
469300 356906
96508 341116
737405 705840
757467 773544
886702 10889
606251 658450
590203 76035
729436 40824
707595 787706
922454 288121
914130 123688
213743 987210
176552 419867
840802 415561
249404 375324
16635 227191
159448 76631
249804 689333
632781 555252
17603 460634
341492 511269
451047 272744
466293 770705
551335 177914
817734 274854
239374 629409
453513 629052
882224 389262
545280 247785
37755 566119
751477 359002
40022 877335
904827 701039
948151 261115
835870 742425
917347 265062
987222 169507
396564 787284
862051 257347
547814 277882
834189 578758
461697 999767
421377 638234
555834 688375
29609 331859
53650 747750
214951 286932
699636 74731
890504 940601
337501 733025
89767 76367
42617 413630
836518 658642
150356 105697
402591 634859
847337 770407
339507 353075
845961 555262
911991 705980
697463 419380
858520 580241
97396 509226
34143 953830
375796 134707
792850 978059
881015 572584
550588 425446
996038 142503
230027 636763
651059 187927
431024 29202
614662 878925
413246 787114
302933 974915
141456 414703
182312 406634
656539 123734
695048 881124
697712 202502
769766 622401
182083 460239
400365 431002
845287 324526
712273 100354
405232 623889
28256 113490
57927 152642
259814 166691
105025 786181
432022 543742
404414 954104
382730 88634
468402 175471
941693 377703
858511 946713
486646 936833
92022 212585
686151 47734
266704 275815
431530 454958
611586 782077
156423 280167
894108 635458
386533 990493
646181 282667
737307 787288
329651 2684
916756 364135
952437 61470
432129 6277
1583 229438
332258 934924
743072 729338
454020 579162
831519 51077
205142 94395
954768 615928
346391 108789
763665 975185
822539 809896
216817 515313
642709 895057
927797 822333
11429 101463
57242 547493
239960 127053
75440 114000
201167 492895
550634 82591
369241 104940
700717 254864
856525 373691
118418 998731
150028 373947
466102 567515
617470 507401
971950 132976
428718 378921
656371 191533
984929 907984
370344 661245
770885 633879
843156 606691
270642 939856
390873 428646
685372 371365
377784 259970
63721 414845
356846 259096
692115 640732
558005 438018
443212 682100
95482 296853
485273 100287
157229 253136
288179 273193
365201 189910
249094 366575
442300 871188
775343 174435
420537 329491
307112 702503
665378 320843
897825 407127
872245 786739
841335 638585
785358 910794
946405 630025
24772 64355
968356 4520
653207 889165
540650 542890
875140 137238
178277 686788
803465 518009
703955 471263
369009 94001
644301 937518
638218 909158
287233 608014
266895 322719
734023 200313
854711 456532
967755 480862
876038 296997
226828 586766
93940 431430
143515 197103
260622 567257
261844 390716
734362 240888
843934 534926
501387 204659
423039 910247
461462 184136
588323 472387
689575 251659
927509 788742
1948 457515
638954 830501
38130 868904
742659 324016
670450 871157
688344 88218
498833 940379
668309 969199
621584 121714
967988 235911
453304 198461
539846 708140
992528 348260
727897 771533
831198 894602
897177 460087
188894 630756
548766 731654
631020 211964
275414 781213
743109 972632
322770 846885
642025 944002
871486 39126
324328 23062
111133 401685
92731 7733
519591 648370
528027 660404
955458 312021
131899 225071
736106 480208
952119 32262
374307 470391
631292 9903
958490 284623
849344 503010
684791 984662
735385 821163
537358 969216
412683 486733
474202 609890
387629 53608
302072 453000
702153 991456
180700 572920
385973 893342
505439 933469
402919 718654
907165 101133
642129 988383
352720 922264
938286 162964
631498 390728
870447 916426
786522 949391
48516 520906
492209 615650
345486 397116
343499 812341
560227 309719
714165 984088
989896 80280
468166 943928
199290 679862
537288 327262
473440 148521
224738 47876
57152 734236
506372 590112
662757 656915
413708 750220
858862 764904
173713 716942
842082 652254
232925 459936
537636 635438
77822 838228
300373 88945
107623 953367
63399 637544
139537 933116
113509 29760
391978 794935
686639 546896
600544 814850
415543 653584
400560 126502
484197 697814
393699 135820
926365 18268
289764 244643
935184 192555
261500 849855
979801 711778
160600 833395
247678 143694
183830 898212
689385 640754
16119 139459
151303 76573
219934 460926
783163 269116
946146 313869
241216 854672
435869 396564
900530 29304
460094 164915
361216 437950
440237 907472
678633 776659
74649 804953
540811 606870
501857 289618
801241 455005
265750 752421
770626 572251
811097 955001
334050 565281
609855 617008
253765 571930
422729 883678
902005 45931
581681 680312
517177 437591
438847 636618
350757 528936
811753 103783
492925 318844
807517 815676
933358 422526
238878 964212
481576 955273
23910 96019
673647 361738
197154 828759
203256 24924
685842 958111
250463 864400
307514 636932
220757 967989
963591 47777
965292 805213
194923 34588
788394 489691
629191 429283
483204 589588
619656 997673
71771 668650
257748 960700
455097 966721
763244 882253
187163 933080
787471 959669
193693 245118
603324 474138
508737 956418
84027 820367
590368 588529
163673 940582
628396 416472
178494 167842
511037 890419
960967 58799
52774 495675
853765 241661
813438 398567
195387 602496
738150 92047
625239 177738
873912 483978
847698 115013
807522 829715
165770 896759
952232 665777
597039 673438
792169 880458
233898 119981
899979 861450
817966 156603
975441 557250
891291 820772
478153 569744
851932 760996
178243 200478
967935 577106
777526 653530
952535 295024
897622 246755
820726 294922
376169 360461
747661 7585
566694 119889
87421 428570
600011 506961
231819 961337
616051 296120
179660 381619
33730 564117
927717 480062
386455 447653
68964 496337
973574 219069
994198 472329
610783 697163
451603 829340
826664 65471
292025 522937
40475 929349
714042 955015
281914 750097
153276 649378
890578 33265
909384 410617
984725 149298
330052 725567
506602 847563
130820 649353
811030 512135
318532 214951
217983 598783
754753 385714
275061 497983
757983 50371
285451 616625
795006 934836
656853 126951
239881 531530
788576 650789
180484 259897
56579 541443
650445 178660
830133 348520
98509 506865
185910 197828
958591 717573
919848 574476
982387 819351
304791 51288
789868 699428
422171 500694
19335 580687
932715 474190
875833 692115
705342 646795
994627 123039
463587 441565
90390 63792
257294 883301
455733 544048
629627 330990
562555 589830
492320 718052
541984 867015
379362 57695
982994 124862
894398 904697
587617 929330
890900 50784
55266 320369
26826 142203
176786 729546
841858 554467
176262 182509
554924 424904
682476 931847
244071 430564
710304 48536
899580 671256
289271 788326
730311 3854
516148 393105
255998 73622
38670 815296
461796 239452
387815 420416
122243 535421
525526 718664
721690 693190
24389 220070
215956 125873
216365 482012
27756 357886
758868 861702
682311 817021
681540 686006
562706 730805
385718 802637
100677 398677
868385 685591
234154 50617
275599 922829
140324 367921
644868 475312
163521 503965
631578 122109
788185 626265
778769 484551
576746 646823
424392 742594
386952 447760
811578 928389
613640 874441
813183 789675
860564 739889
543869 980743
930214 419163
721161 112085
245200 247125
679503 696248
583291 670429
549977 202385
38187 25595
521558 801545
800697 588209
329432 993644
361091 500928
648089 570320
572576 981115
474684 954921
37520 844509
999072 586989
198596 461159
932424 234568
598241 349123
711431 959160
956857 8879
451701 324894
356991 766313
967832 905452
84021 526341
471749 236424
716103 508806
549665 28807
720895 983596
564628 37670
28013 641950
473370 717068
746505 482140
5374 580966
551716 855709
59636 246909
428454 381920
741811 652835
462761 220392
632555 722835
47040 270719
620196 704355
37114 514116
762883 337589
54902 573414
405822 355379
790210 472014
52967 289904
653981 984356
70114 317827
396751 802674
238256 648135
385854 781078
573028 619694
9960 6311
866240 880184
236217 714698
15220 303444
509611 453876
904287 963165
55409 420070
987971 699262
232641 247841
827574 659458
699190 462963
174785 219069
823655 751529
779521 823829
907706 906654
20906 719181
993236 950449
750515 389749
969116 409759
764705 189846
26905 60139
964879 703941
419178 851254
541963 682304
374406 109630
184869 616307
549752 998292
418574 342785
190315 79683
784869 942017
801899 660220
156356 294347
3260 971266
149453 415626
72156 38001
928916 846151
58834 504940
452052 369587
246064 342115
306987 528722
911746 588382
739001 483387
988453 761713
957999 394834
200151 147076
567579 978592
916110 746151
795737 45721
577552 205711
666260 229187
811760 417806
178248 370458
203149 963405
167175 868012
266087 979179
589718 543265
903414 23012
957267 895174
99628 370866
686706 374433
552703 419525
731227 412918
466158 470544
593909 208785
887821 439332
633501 813251
647992 294182
633590 218261
15551 42343
27345 832006
798555 920088
332132 258741
979555 272178
785213 217878
814558 529694
217992 545081
120725 523723
958194 69002
362888 402970
778010 122377
284576 198167
194554 205622
398183 165613
939725 346927
656370 393744
141147 396856
430761 63626
959679 735567
827406 812891
616018 227644
596740 654116
75004 720646
22439 218860
735630 891057
97097 478078
112904 168969
877587 990439
208730 350702
451587 85931
173038 569105
176867 451054
456358 983958
284603 948669
548136 875325
269019 35420
788961 679876
925983 64363
885792 76681
796149 869896
643294 718282
382823 513195
427177 270319
536401 721401
503863 692614
494630 322578
767233 394687
828450 157019
511476 359290
306268 323271
264733 62653
536730 648335
342659 655380
581361 809318
350037 244941
422063 890214
804401 108777
43954 338269
613999 409535
207909 168899
207472 284938
235831 728820
922488 195262
790385 636541
798188 229041
532297 393479
432364 991142
2708 606147
521318 245154
467963 615106
789708 683155
141886 8275
583255 363346
242952 980668
888384 846305
389958 637698
99289 488664
768611 224226
504855 980976
679624 618678
250730 847173
698783 615082
219929 16319
539015 837414
357538 339109
989834 511747
383849 528463
121466 149422
325746 118633
902515 425073
466007 214357
355193 548957
577152 150559
484446 47485
863017 506640
712016 139535
421246 115910
715989 506982
286671 383946
307132 975049
72616 301694
113560 539337
258339 497851
165208 224464
964476 769523
313293 900017
506284 912138
892754 977426
147108 575917
944341 399272
640128 380630
83552 644632
860940 158422
491742 942008
859475 558877
534536 44994
103326 653959
613868 444931
903034 93088
462312 542355
745806 969099
214225 392413
963621 783101
36868 911197
558169 750322
733166 266110
397648 778585
31086 16751
485375 220177
120256 848913
109735 306293
222301 977769
106766 387497
927451 541088
217656 783130
371225 92913
255735 230567
571115 69737
688024 301213
49512 349917
521403 162144
30988 122134
46632 453960
45156 874418
670475 180075
757579 735963
543749 549647
550263 634401
888275 51662
859090 972310
955153 74446
951502 254241
532802 292271
337786 9462
530661 843025
343596 577236
222838 664469
386124 212659
484594 561026
182351 824829
428834 918424
943775 293921
277083 265379
179807 785763
134385 243812
105877 188161
543868 955257
994665 473065
747677 611962
616695 145216
30172 837889
340560 387735
829867 364069
572028 410968
250894 614921
108973 861141
754006 369947
143892 915902
208543 114379
383510 783012
281395 796331
515992 614418
342720 755233
290688 896832
968828 971526
132536 122131
703769 47997
63267 870281
541583 600315
983670 221102
307375 857267
318296 437106
735353 13683
469528 791618
884462 533583
394607 900255
709641 631893
549276 636643
116667 241789
821975 823008
975372 593016
481833 440190
593126 879009
254966 704235
408262 706197
665391 29895
342088 307309
498256 242157
406111 643513
935928 62487
110067 14992
375307 9674
937774 691094
782504 171528
588203 778456
203561 441538
46083 521761
35140 815602
398273 194631
327645 368018
426373 997288
292166 265322
719344 351001
358676 291314
90817 504114
958010 717723
372754 115790
581753 288565
672917 933414
838417 11374
170037 193661
918325 463166
860454 452424
389643 554024
631432 409085
802147 354008
523935 889484
814213 825796
499583 387501
461110 747188
822054 963027
538657 717540
660113 828593
677147 385182
397253 925370
368517 35457
918813 424985
760549 322997
480633 558579
913865 784008
999420 700136
715978 39929
999821 622047
639584 813877
793680 971297
39404 820619
891739 600972
209728 91353
285443 421098
481631 303526
658718 896702
164786 343227
594875 806613
599648 954772
516872 547072
688742 689680
196101 340114
473636 807658
585897 294809
229783 979308
87462 208288
947133 183554
474486 264850
722539 697378
531099 472485
175341 610300
84747 671118
277083 52806
878047 381800
217509 59006
54404 562812
153862 275912
952299 938081
863221 307927
663555 608108
947952 160864
779105 248923
865226 786177
45555 494860
773209 332716
759790 480590
870348 288175
789897 720354
959881 425064
42695 777060
347296 771526
690935 517027
458222 601579
752808 211253
446778 541119
685488 992653
92589 162994
636251 696041
225052 184527
783297 589973
469358 214214
307979 777458
401406 585305
509335 218344
126224 58784
328832 892421
379057 517932
45440 779298
443548 794522
312431 18389
900649 102270
256290 472095
439659 755637
714905 28224
30536 344320
57133 216251
452012 585314
977757 526726
526934 311724
499495 937848
451587 450627
903333 346011
513366 146318
116026 738016
152974 167504
473187 585774
205037 866563
670961 452257
150430 140737
451827 494752
831222 437248
374346 305425
209067 950274
689533 456669
951111 266892
188510 750251
811261 142013
430186 660813
944644 704799
491764 130226
599546 202769
902996 71561
826683 495828
603493 738805
565992 251664
51406 661993
722979 935128
430829 436077
782914 62937
704412 943365
373437 736357
387446 391
395071 870016
611006 835126
647816 159074
384591 670678
188536 281645
916880 38416
955416 79627
863035 565502
200628 595975
565811 462450
214246 792727
181175 958538
515451 82199
955861 141577
862109 159908
833675 736726
55841 860281
337930 87411
286503 845069
731065 959515
526510 743452
230658 815792
744527 763446
836269 325339
645135 725879
868313 161224
424998 268350
892386 291605
810407 299009
960592 763178
685009 94534
996694 615325
999211 19046
585000 186902
527434 454513
70903 930173
974163 70743
892494 255500
727713 544706
135209 939241
673672 977322
693543 376981
294428 42031
57344 725920
654800 663926
824847 976830
131769 451271
17047 474903
306240 175947
661600 500494
967628 831700
749016 194642
390430 313041
95894 188170
439446 91588
298732 995446
110886 318949
824194 639873
775437 382850
914229 168803
255515 832759
919065 295548
212390 957218
183749 50812
374475 786213
23446 644737
364158 877228
816253 936049
828261 111193
560126 636192
441455 510501
169500 535824
933057 763017
721748 497117
428741 778831
293297 231119
937998 316826
249356 663151
891882 408511
505922 159877
852068 257306
64428 872418
433060 845815
545021 149768
648361 757527
81079 403103
557776 29844
831609 341206
301251 991786
822320 27046
597980 840131
293739 549141
723680 595830
61644 558572
54556 799178
128329 4481
53308 917108
662722 167067
212386 980318
679954 514392
247628 125945
845810 992898
365271 641795
496075 572303
909359 47813
18542 506834
613921 221021
328545 569284
253045 252600
86879 79924
85939 26348
392808 894604
701334 21693
275856 565291
691346 231964
302708 998772
154985 356467
77799 706859
393616 875806
481938 257628
745934 314403
335074 608127
856112 156778
865887 287376
314660 402276
867702 796599
361486 383656
329059 306635
874783 654592
755325 931977
503458 510157
938039 69669
412192 418714
694821 372152
79998 283734
225357 852074
617250 772029
779397 901409
335104 51244
544393 674280
949044 677544
324914 799328
708434 501428
748284 883877
413200 174188
2705 157214
702415 523112
104821 576409
14275 984125
364113 185025
4311 728222
467043 919272
815049 846138
502476 636687
578255 944475
524331 559402
842341 947174
945860 194078
964537 292510
9642 889829
482976 944645
99711 333577
287199 347846
880097 981201
175615 76217
393605 130425
495434 287410
697277 321650
359264 610933
505469 3309
69531 260402
44931 708198
57660 910106
646039 469944
238200 982298
685988 409301
185581 484668
296647 547133
606803 305479
355465 407404
86951 602776
779051 459671
103521 263822
75739 928475
77255 184117
551195 936780
152674 127319
932824 642022
684044 849196
105337 603783
712467 774535
583328 154180
10812 21671
809795 402061
834081 189453
94394 510333
715157 912516
636801 743865
861603 991763
702566 335044
793705 220927
781880 339107
506570 960169
610004 433330
337478 423118
758085 330554
861377 107046
694244 21786
597104 219921
795393 252738
535063 742692
826823 188152
862269 679587
544721 378304
560105 934941
526318 776249
305575 245668
403435 428165
235929 883080
922628 738638
370450 111643
64614 949943
208205 768983
165167 532821
166163 993341
547209 480231
766300 678781
663227 287846
472913 157464
911757 394706
115146 502177
278783 693462
143428 547287
756765 191317
557079 802626
428401 875384
650678 911823
899208 826416
632968 366944
824976 506803
204052 630253
955764 743033
627989 82892
227481 395329
987079 356670
391200 835068
337338 704796
792872 77301
602263 529813
785992 222480
531998 886399
346938 746346
717984 630387
375769 601578
835145 17413
952424 252664
916231 960376
533938 391593
237691 262157
477935 879562
524591 507242
531373 198303
605803 832779
395049 149776
54671 559128
827313 279756
203517 729365
517581 748093
577526 53893
498338 688942
507675 635829
776708 624509
117819 220826
98934 418768
401298 856553
209153 655104
255860 998808
676286 36215
208628 200769
640890 319014
739603 810449
809158 313285
980699 648528
744129 151530
558382 425795
960472 422568
70095 837781
380839 623856
408017 725112
812094 43625
396875 910208
986476 896289
881292 165997
52922 74737
9782 715684
192780 506295
873937 903138
218839 239690
314983 389423
393257 1020
123243 689120
389436 971612
216484 244033
910635 225596
548155 227330
563977 34000
580137 524936
7212 801496
655987 616067
624142 604161
718591 74471
49490 919254
983126 940171
190567 138562
1322 977782
170087 857618
985301 83043
278553 384559
301069 509078
988371 30755
90867 638913
873327 421001
735799 561484
286835 504339
164780 404349
99604 118462
788757 588523
125254 33051
536022 66515
326349 955372
635332 493541
912842 179307
83072 931167
156130 134148
731593 174732
597385 196226
921878 555142
22549 338393
309780 858722
352673 229879
432069 533424
879110 657207
443130 553707
952161 254040
158986 310520
677850 537948
68002 502141
975903 588979
412027 788885
645463 235902
429112 725934
630047 995787
254802 822963
786919 331946
73414 384619
214027 105340
926387 869891
696089 657389
996589 441121
945928 743078
687431 482782
395263 37555
539361 733419
298136 355093
725228 967056
505160 424011
319766 993496
35784 738490
741593 702673
623029 664801
743925 868635
459486 818882
776001 105148
505242 76454
721083 218648
412534 678940
19493 264107
988840 439396
963474 700847
803815 240287
132983 422100
670575 713286
951752 236109
865701 433682
463829 404627
766245 301024
313400 164828
661142 555274
599997 657855
473523 764522
57785 964216
815365 903070
35466 617234
150039 354041
448242 647228
23199 509303
879506 582783
43667 953030
460944 480628
784335 428263
803581 617082
969974 524716
22825 3000
321045 318139
934382 502174
223040 559948
630521 442924
553898 146697
654468 16031
278174 23403
570780 560182
978667 9886
98598 55983
948462 423617
34835 461746
189033 834333
207480 817682
880355 798220
478655 872753
901970 922846
514975 489939
782412 595347
791308 109056
96541 800419
713642 10259
174484 830855
670844 279476
301046 707080
390487 671827
171536 446656
396615 203598
845909 497151
523649 380973
206976 70855
975791 628146
35471 287430
878443 440139
669110 426491
969434 242908
811011 145669
779821 875699
452343 335086
524526 160460
867691 383126
513341 302551
180534 516809
375098 559085
125804 680728
124805 917263
509122 972951
459852 811181
713765 825753
235598 446217
614016 182014
653482 117762
695193 753226
371496 767244
236615 880893
996624 215728
270739 688589
578657 186327
517011 341682
874657 956657
712368 108569
407974 743643
851922 155723
310405 53412
247152 934689
320456 482992
1780 52370
981496 702779
931428 591386
847587 913444
692082 107680
761902 297536
743822 876501
558131 809183
548919 743963
223753 322098
331440 511300
216829 926098
75159 669964
629332 841653
987393 538817
990861 379276
805755 966073
163272 887838
123525 401029
469899 222737
867095 348977
469526 30457
958405 563296
77449 862948
557853 503457
700253 101414
691025 948962
155821 167114
752996 937437
61193 189573
620103 109670
550273 139211
417958 35271
19018 253142
615856 347821
647630 740028
635924 293659
696474 734496
11615 717911
643915 952817
651366 20313
553330 152425
453000 266366
481054 685138
694943 439708
317949 25705
205444 227286
718529 852652
736504 247302
967275 440091
115475 224301
627993 890752
132340 392945
120331 706183
983540 913572
101207 881379
113659 243102
703529 161020
765466 982196
981500 901533
728616 752875
595995 80896
958741 171973
613849 482806
746840 988493
126681 679133
254834 82528
456334 776299
260239 450221
316825 525129
31165 721774
296207 508716
194811 76817
116060 491612
273988 94204
584159 235164
695696 956531
517170 562826
410178 242829
909995 101720
119482 18678
531335 271997
585561 291228
721495 990374
156745 904986
802065 682606
368191 960003
25787 693208
146220 455068
187372 931446
713028 694524
978356 962680
120147 828301
582010 225436
843500 183877
604994 501981
307846 764923
45364 424340
529639 558509
468812 91013
737499 708190
621654 981495
452858 923724
660650 255337
933329 425332
495352 120800
963596 10378
833459 186977
159910 738173
355990 773983
269107 652219
342822 75800
99146 487640
502542 263550
208394 741677
515466 329040
534690 180418
442884 842150
733377 443558
218738 91589
295860 333044
486711 284696
816811 779062
151178 985502
843939 252019
158952 223360
236351 142773
518583 879803
403874 152995
285550 226223
304738 12420
200345 300706
32119 256792
163654 454295
53557 671851
323646 653495
121111 534668
248032 354008
416391 952276
577274 374444
420882 40050
18732 470225
66959 599106
511117 56457
814492 929635
145984 681096
529338 243314
202572 501258
515282 991989
401037 915418
253616 140357
936520 863772
865361 803555
321885 110549
231061 723760
791067 166020
99495 138843
215660 488287
420616 175246
670586 922889
397358 280497
119160 254289
728599 792245
713466 837203
158252 503278
78885 95107
78934 767263
4377 324920
288848 820163
77997 395014
309552 884638
277502 693830
424257 390778
699306 583802
192324 577842
297719 113495
191223 926422
402352 460093
481367 699637
59875 56756
223097 17282
166726 739978
638551 444737
580588 731344
26352 300969
539785 262622
229223 931276
454389 30025
734632 460839
560767 66152
314517 308496
510203 768126
587151 520369
193562 549021
161434 408499
720498 44284
799319 788439
650948 886004
546481 316594
813122 313169
284484 80945
881314 566932
23967 726875
129871 786867
162078 103799
453633 299697
941865 676108
565420 898113
119138 608098
185286 302627
345921 167219
991364 793109
137013 262648
728963 508917
710866 498167
224154 222679
820112 233037
643057 407113
768509 35769
127822 286469
866795 574079
265077 480983
663111 211655
446009 511801
554311 766166
424488 387247
597581 170252
986644 239680
995672 287015
570330 968686
621139 15985
55297 805133
700337 142657
988407 196504
90541 801085
299918 424266
973647 90071
68572 290968
724519 777555
745219 529810
536008 223031
901330 981707
418764 492053
171600 344071
37104 392510
943484 284275
150002 36098
35149 440
709268 629815
977503 770296
486389 914691
175884 192555
253237 851640
150393 753686
570129 185943
794351 793635
187387 455879
486107 158278
248166 854801
52777 486491
433157 682080
119330 220742
29091 786805
138168 22024
328749 510854
520058 501686
673509 44030
483378 277777
540517 269128
663725 613393
53456 935986
918470 921304
824936 777239
185956 632567
207417 77592
79763 707137
32133 214417
172480 834447
926039 591622
77219 862539
533552 536151
388458 812866
334842 21624
435089 727954
130491 292650
904379 225435
241983 557833
548409 477126
934472 821537
301259 879568
292385 927942
801312 948972
33411 17744
905282 884193
573637 745435
256709 40468
802340 739073
116216 249360
966474 176785
326685 193137
318161 115299
42546 681478
515837 909945
16374 887420
473877 396687
771134 677988
775121 184062
408143 892196
991363 696790
497506 616199
601537 497162
802805 949829
789366 633299
294148 713305
107664 984939
527486 893456
54077 14746
5605 610203
52263 193381
989330 215045
633011 713211
219965 207258
590554 980636
328363 281965
372672 46384
952548 579530
86556 446493
506457 209496
834948 339756
549099 284594
307366 567437
862009 235693
911026 390516
302361 977033
267181 645736
622805 248795
6062 912466
772824 572651
772781 424449
360517 744303
770946 792104
859999 894134
72146 413802
487931 752841
480197 764927
95254 53660
460690 839048
157519 847844
340038 770479
1435 532118
466207 449562
575727 296801
660374 131745
147573 819444
914719 442846
852964 434779
833598 911354
686518 827701
873637 700755
611367 337413
128475 675582
648447 89077
810176 154738
966865 704761
421824 954692
565061 174552
622458 652853
154609 229557
488107 744230
719429 671998
466146 394785
755373 726585
947151 172663
438708 175890
397023 124392
460379 474589
182539 52155
420217 131864
690466 578056
322957 616244
233111 39379
151071 653946
533577 702554
704773 558855
546035 180694
386371 786620
900168 290027
290398 118153
121429 156253
738110 365474
256606 628285
787976 989768
320011 584475
911669 146278
242405 254950
661201 854632
587072 843698
655604 380798
413667 174279
287704 556784
804757 75175
961244 813264
391603 401075
726803 550451
771074 477314
937625 205233
6280 926920
267948 357555
985192 220723
196473 929691
837306 490416
116989 838759
496385 307664
991234 409432
379864 222972
904392 616882
579057 251130
859101 24375
872360 534960
936387 843804
581213 945821
966830 556538
500529 905387
400877 650924
331916 380788
894930 659683
593372 672838
792915 441934
585718 762933
307065 645152
394493 229308
319684 686876
214989 641286
34792 804786
532200 159100
674475 38672
107356 52953
273838 510
328528 681587
229125 700555
172495 225358
366434 102148
632057 895461
431563 609811
546871 560086
273115 657036
427815 634524
686944 469157
851711 250279
822732 221689
416898 399468
622663 680922
178854 222389
267927 706026
743226 172099
36141 239354
564526 438426
249146 83188
834634 682766
277056 993701
697606 794078
324090 404188
430720 215008
137561 435369
404867 892903
298160 868785
571915 475361
194070 770531
593311 805934
786433 978540
595475 738200
177280 279943
882558 178810
81934 367914
612222 188152
171313 973518
621370 917303
189704 561797
848134 882184
685594 328282
415981 66047
726568 456765
592933 604210
293593 704523
209335 301945
671703 485977
192540 938382
632878 440659
926873 710282
33576 745192
306499 788702
262918 750631
441839 550469
467706 486881
570057 348548
670362 624584
614348 947994
976103 11163
809442 672234
634758 4745
980090 15681
626466 731759
413618 820964
218121 435715
185074 604112
266010 579597
860202 148537
763301 968587
439350 953758
483009 10852
135158 562765
779673 690972
987462 789389
789281 423559
348016 337582
546297 619118
876595 348546
562371 989073
598260 155490
635788 287586
582534 535956
693441 364908
922914 972925
759246 518402
872192 137280
845609 674802
621440 91966
428991 591200
430635 374826
898936 657209
591091 776764
746894 791473
939593 448285
22004 550882
46463 487006
738972 888713
454392 802611
459762 366430
838401 222159
388539 561960
831060 929212
742034 857285
633788 835282
695690 258080
150166 587739
530934 639696
391826 111248
610418 105414
59621 380329
683437 998093
187872 218512
983560 177105
609824 982583
670344 658343
745440 195759
773853 843115
691877 934810
627260 55712
395525 190887
815394 376413
321464 986558
381904 694010
643452 362112
804455 517888
258547 87828
711356 198142
122491 340632
284567 599469
835614 488933
966250 809831
893724 377215
708601 900876
617006 131957
463660 204559
104261 239308
114548 421870
333743 878015
634756 496073
408560 111849
225536 743890
79312 945964
179609 647003
680436 193067
811727 344035
203758 966925
999863 619504
264210 817280
744218 979872
618919 434065
159143 249567
876037 280714
453607 15904
821667 481398
993401 158159
274258 300794
857410 471873
876167 486096
134044 396378
326824 100217
694847 652052
897137 36143
111592 633263
40918 397183
743386 262115
900502 74498
132798 574773
838824 241148
515635 751409
922288 309145
877779 656830
623850 249754
37081 693005
470614 541887
973627 581165
406913 128534
892570 932069
119490 693638
485399 847243
401112 105514
54973 312522
743252 543908
247858 245807
659039 699457
545900 712478
673514 157323
262100 852747
348635 960446
671775 723532
532688 572336
959311 735792
692288 660165
608028 841285
172753 211686
975573 851006
380654 247201
888561 194825
240942 381565
134223 147299
554366 598497
634739 231346
997826 534169
603560 455316
684774 189623
952486 545423
101862 559676
174656 979984
680077 948458
259429 507907
229253 751767
725613 968180
220992 995420
111852 184391
10350 889341
724178 811710
285153 634447
493813 645503
595452 810253
307761 461240
921292 532222
267262 904349
400105 139023
824988 433821
688087 430357
315985 9045
134038 429123
71936 387772
439520 171001
802801 721878
296566 868315
242351 762600
382573 541826
961058 617811
390412 228101
709635 531982
430462 463177
460621 486510
675287 35186
627563 872259
40781 921649
158018 655458
680929 107408
870197 559004
630416 858344
555550 609725
423586 121587
281437 996468
393764 327621
454618 869513
572979 602778
895075 384856
670316 159633
704750 28398
488647 990599
466382 183946
225054 84369
887838 804306
979688 559683
463243 694776
442899 521675
262658 571508
239526 140268
787036 502285
178999 963772
222343 737967
402050 221353
832496 378474
872985 844503
666483 205865
515314 835426
467943 418931
947475 48579
879302 620152
526099 390157
320230 697625
723779 706743
408862 805406
933332 677397
282400 780040
488150 377715
472429 610140
587661 342205
141732 311623
892122 465975
170759 356141
300251 841175
802525 832737
135812 271771
203532 220363
80822 142196
735362 818398
40582 989028
745103 388877
279211 249501
489998 472070
138895 847550
548298 883550
165374 241140
396355 47252
709425 173758
833918 476337
999940 541069
119276 720461
128744 384054
45107 812924
30787 119720
144765 643992
20508 222421
796395 267635
870034 413556
151853 637380
206606 840620
320239 487623
228792 963806
212407 956427
543026 743465
683613 700028
33165 222014
92835 761289
596851 622520
139329 885284
803524 223818
985867 593156
850577 912179
514261 150693
728527 127796
754300 331093
279342 956312
9197 358132
843748 239451
861849 964072
390629 690816
652975 80666
226314 210367
198083 479098
970599 541842
265975 755521
193742 916483
94998 685013
888455 744404
232714 582389
742342 375615
476446 229898
318632 207904
794960 915093
281467 170364
82934 936835
588577 748680
418175 967029
186284 348995
383893 744025
966961 737947
348936 702119
772340 158261
884906 811167
474094 123874
896777 223878
228032 172654
765034 844344
668934 5289
349941 266289
288511 517251
217395 851317
623632 233951
232487 332457
168870 924803
153279 624980
774533 779356
235650 775354
19967 197333
227178 556608
18388 216113
347125 354173
487289 276755
79607 829951
915117 598682
286087 895908
683241 288493
888702 178009
818313 748400
26902 60210
36299 957421
747543 512019
894065 518951
226637 243877
959384 33278
80800 310251
680093 588484
192943 558774
493721 737382
784625 77546
715495 828908
781767 609061
140670 143271
970809 399180
817931 641106
360210 142597
613762 206356
21742 842029
576486 140279
998073 547327
89487 977835
174834 883563
844830 512828
172227 111377
120568 747667
133390 111660
791261 872987
270338 507738
322530 641222
926183 447874
402272 590869
789514 644297
466885 699345
372016 126721
24985 522554
342466 852648
196996 491966
7413 174418
447189 316756
709907 48505
491728 150798
48227 705607
587849 734203
220184 831103
22535 49308
564214 656887
907917 12656
43334 650900
880686 873297
650879 151917
666372 71720
499919 436856
456400 253507
670842 871238
595045 403499
552161 461809
530342 261011
793229 401019
190110 346128
171465 880588
69986 892646
434804 822451
255530 445195
75063 124080
424730 736592
615822 845973
383457 639714
513484 180196
943993 32972
477473 159277
31146 296531
481315 882618
461444 708542
179848 705438
352015 943118
763436 274126
458511 630381
77864 851544
665833 96005
290143 844921
947005 258350
765279 99446
848326 524140
443000 777889
670130 142612
784182 823604
750100 17572
226950 358564
72617 17041
302227 372848
37766 245382
825510 544604
584400 864355
661116 736716
769624 224145
559478 918543
886201 935510
535226 271334
254887 673215
702735 815445
644285 202645
123264 822569
142738 150903
583942 352183
24937 880391
32220 270403
555757 593742
251062 95503
805764 465724
777753 840399
293000 771975
256110 54312
611603 178949
141747 555397
831956 404339
136930 740111
740591 834294
502707 25850
754616 833662
914453 612841
651288 967871
595439 665751
650833 457089
446989 658497
409327 127329
65294 768560
931537 957372
465632 698198
60434 185984
200005 625141
350536 249211
344814 955522
538612 682589
522073 242773
671532 296232
118981 106783
236229 747667
329041 753468
28459 556919
867968 347479
109720 119934
924003 533060
486578 35686
541146 986184
144787 818631
425088 974323
23778 793652
766250 692845
771053 198636
67867 453677
472190 831669
899596 241547
458534 947277
683155 722909
960892 37380
631092 324310
949896 825552
947901 220527
161530 943040
790196 252288
380918 361843
311138 853106
181912 371727
97017 959389
581770 738521
350889 908180
787737 61572
553018 231543
192306 425002
167113 816533
406993 195395
59490 819809
633004 783394
530618 868864
507926 338363
695373 255351
442363 742633
151365 61121
154860 551739
117684 241041
478769 520877
461615 530479
477704 608123
206172 211552
272747 608269
205600 498655
886205 146413
729568 867289
907026 450098
774638 287476
130411 713707
998281 416709
82702 584559
143488 59088
249722 55486
311663 452733
895762 116648
704634 919790
397885 143799
976017 770675
195280 478447
153063 227010
590829 260520
612620 714215
826777 161199
640233 359556
132302 346891
870252 188085
207890 804050
799753 678432
852028 82654
435107 313588
629220 151475
111769 529912
225034 496812
796016 222570
167337 406079
392209 923187
969844 635625
342229 453237
755063 72531
254171 844893
717317 583181
505312 971555
908416 548441
322232 847565
451870 387715
38636 433169
233527 507694
502357 773002
633987 729703
842129 105720
528753 246200
840398 598122
976022 747623
426491 822701
998191 628676
638661 557523
965555 885250
380564 684848
805637 510659
332569 313633
886748 583294
137532 993267
835335 180756
641709 192118
992394 542773
411554 358988
125527 176869
555266 782634
163182 322379
764537 233925
78100 648162
754069 125984
826381 582012
935935 893183
652882 914726
40735 96539
752643 171029
45435 588196
242009 196426
752601 206330
99259 486882
895733 902463
908574 273091
215053 896409
329088 823713
962921 771888
320630 159323
680297 334281
569920 874699
110973 879463
610175 229491
661802 811521
1366 14126
623817 805871
760325 396469
496492 219997
1469 222909
4368 189863
637404 841691
113013 508284
828619 661454
103112 491186
369588 682736
677454 885217
100875 648560
212170 719473
378239 990213
18192 510057
633052 214016
762193 343791
884648 879047
458760 680001
359020 320720
670208 216236
982234 145160
531768 541538
213283 81275
966581 104228
162577 954568
53939 389114
989626 595479
823413 360472
293659 849894
970390 701042
392065 94037
599639 521922
105743 678215
680671 252296
419178 878237
329792 507032
537819 758483
104823 40009
384898 757983
965260 664410
166141 74526
35399 888156
525354 539197
608807 577461
954383 26389
498801 950455
919624 150789
26054 922526
223233 966913
281650 801983
296495 118286
656010 226403
962313 808982
936748 510336
315392 497327
494513 311593
677662 185396
637797 581182
377848 67053
377265 116409
472330 379996
674875 267456
971547 359081
883580 499731
571331 159407
819649 903431
352947 854850
557484 608404
88691 362756
371231 89491
488359 960425
722395 563572
395863 314534
32189 892798
801941 872426
525886 660831
755305 563861
844191 899862
605189 225369
958014 708187
413137 82004
446822 309774
457461 232398
636281 881428
626264 498948
759947 864697
651515 38846
451938 891657
611961 914647
941753 719652
697927 500806
210373 491135
726444 587383
946948 35519
596023 257284
743924 748454
983873 610269
298869 814019
870118 986616
985955 194735
953500 787762
622924 554547
362870 845341
214631 41821
491346 853791
641822 658936
537793 797928
431545 423669
553770 3597
22881 322974
899911 723284
248861 130476
985230 570396
161526 814616
442637 688019
217729 849250
423718 897239
409887 547578
849088 429125
408218 638456
88108 871924
723426 906996
510106 953888
713722 549683
486685 632160
276432 989403
768420 511447
693740 64019
19377 105484
251938 802544
235041 307590
695085 73280
695884 184170
598175 234476
401154 895033
428320 922151
991942 989610
25611 162192
906000 870554
89641 532420
808735 683664
485336 827548
611198 188335
892309 950051
295470 936473
188913 675941
385700 540364
143731 735370
911646 335335
737887 79636
864407 945204
318522 933302
496641 266657
928374 852507
291446 248192
595861 33935
90148 371765
983167 642266
906377 21295
799761 128819
964312 359578
299572 448789
375188 986925
905047 626626
452506 52834
25910 779924
375813 634116
704306 151981
119560 983085
8924 660465
363891 981623
445072 677427
839613 580492
779341 725922
274230 911220
714791 367952
697482 302119
605104 659366
959063 926028
692395 237562
903946 566690
23648 67572
748460 150390
100890 729538
535683 241500
919603 377080
905690 368575
19938 659739
281981 912734
450774 33964
848361 439791
374534 46499
503824 564186
913685 89061
558879 667460
887066 686637
150654 339215
980191 505376
301180 518926
89155 576870
434171 299656
548730 664634
115213 214305
841115 863447
991100 884549
908774 256806
407046 180209
449699 442281
512634 332871
382363 293885
37523 609390
292884 640753
771344 564909
109691 941111
724903 293162
68008 351172
417929 771048
42765 620617
460650 459455
271608 680225
501516 653883
407994 1646
955333 503059
282056 956993
947897 616521
530779 504556
699062 193973
447903 660074
160919 391224
138561 630580
115733 534708
756697 988999
324450 384860
114772 254324
45678 710730
517399 977974
128623 512470
807540 263088
649902 781782
657507 929076
879381 567128
122959 879411
55171 211423
640238 28358
139790 300436
958276 867337
162669 320299
274372 33466
925627 466235
670741 305586
275763 193589
569082 825507
364820 14238
221052 474562
552565 500634
420675 94194
562536 79316
812013 347483
545932 347898
175784 443978
129506 717594
817663 385202
652080 40934
788242 342255
518144 949897
679370 741436
316592 908935
800585 929287
302233 679711
763509 309389
291734 310369
458408 542083
327463 736771
21974 929199
763339 16986
13564 972100
447982 755303
544871 114485
769642 253772
24592 522942
327834 353227
860526 196785
606086 615936
233366 991
400395 763359
934890 895124
745575 546104
442764 408020
446290 851568
930917 51766
245312 506277
254219 434661
882057 978089
468221 740702
288639 551450
704079 635029
799830 138101
651052 637212
533435 177353
409014 792807
416434 951588
353086 329665
805532 487022
898177 849431
387389 664917
631069 617073
706977 102692
506071 227246
507412 663500
413536 187166
189624 169770
662537 545716
26976 385497
977950 912387
568421 432241
912524 746822
725347 890338
885658 891113
583150 104158
354773 687830
186455 287660
211225 536161
77314 444993
888739 977057
158948 433805
645824 295075
4714 499842
933880 703753
241344 630983
332476 188632
22229 854999
634398 821622
664201 252423
653200 481787
331724 712675
844984 401032
584438 372417
511008 561273
466059 672970
593436 363044
988142 302298
984067 606967
500037 794533
510319 522603
19802 575997
955379 895545
783893 952603
346028 736966
646778 440933
235202 667929
686209 420183
887309 810924
573704 697645
988062 441425
296934 157128
816601 375962
681718 253517
926717 953207
514501 616267
748177 25385
963427 960502
398412 525573
664940 444687
1831 421952
915861 967700
906133 503687
872305 762436
928662 735253
76442 145929
250913 255063
66731 876630
747071 300094
879039 843326
351290 393015
461890 265393
785485 326908
518933 284434
757029 458521
817267 670103
464727 414027
766334 961724
954566 578184
201567 939446
837350 923506
330974 480458
412626 412535
620487 221418
321296 552848
904755 277260
853506 123029
786714 172395
999498 71713
147702 983613
860968 940410
662679 852827
144234 567362
166746 884573
709435 277068
485058 785287
590545 159403
473717 411505
517252 536119
544450 267051
903216 33535
363987 726523
367433 758448
693158 644000
138984 494347
861553 290588
145554 978152
646480 351384
691642 521994
664897 853435
479625 470420
427353 402321
249667 1554
849992 532950
425847 822462
323976 289172
457032 700488
100553 172583
449403 714217
703315 300471
550541 591601
570561 637523
38933 906252
104176 876810
366696 690193
88377 716220
54250 75998
733550 777265
229692 833733
918983 864798
504453 93479
808318 713255
791213 142179
260355 197026
316676 874249
799359 714420
893635 872584
586954 712253
867243 172121
220123 852591
598839 318723
18943 704723
941770 15687
673711 198913
754724 451677
592188 204198
723048 177047
290621 69031
739895 19306
196240 350020
467641 152113
323039 880141
962650 43762
302329 741535
969071 156085
496268 157487
115962 303566
47350 819013
990645 963586
289722 345297
336890 691385
868396 729204
363365 295755
209152 850955
880927 344870
184518 543289
543359 948022
829743 196804
924678 852470
63235 859908
546696 595734
173748 166397
14984 146337
240166 207345
292382 605932
378780 837690
413063 972526
302203 964307
331247 665466
30507 545980
126498 768102
815095 271470
584363 813121
902092 531868
948954 211582
452248 590198
145350 585724
626876 431560
657726 923767
622559 49853
605459 424724
268800 591543
911489 788897
520133 409389
471626 943454
452992 655036
832008 987077
858395 354195
599399 990831
553180 887419
650297 951605
411366 935322
714864 389065
207066 58604
421479 325734
512727 978181
198513 41226
518969 820488
580239 901937
759101 480694
310110 633684
959722 248509
725043 431416
502595 337173
174285 754232
839445 251518
554439 27869
306615 262571
22478 806802
909680 96185
739546 604369
914292 878767
731754 314943
299602 195310
344927 262373
617777 340791
18380 717427
823865 86466
397485 131621
958070 275655
635313 857767
222391 351299
208378 764977
292461 392624
781075 849560
543931 31864
470344 397111
154581 275459
131525 213150
293894 705240
981227 292282
602145 439117
546232 524325
509148 284937
612000 13893
424558 225195
321983 853920
735288 511690
639850 347530
229359 827186
69185 255193
822378 731850
400278 416999
85853 954340
428411 243234
487323 547836
896745 868219
962657 289765
559890 635164
83561 20751
129401 131307
646387 754918
730065 187617
500741 82234
718208 377354
572694 367890
749744 459102
239717 60947
158568 832135
992510 746141
551348 524924
20409 686591
325352 467596
213881 674383
985008 685092
817957 296315
926697 564113
126157 316667
14720 482017
723837 761481
156528 728994
260147 115691
448155 753955
345636 919712
547763 130235
557733 774607
309011 595452
680864 96627
537839 790351
87242 74899
206999 19773
843320 659298
259043 797961
599441 589496
921516 521992
117499 256045
300089 992123
523896 157388
731498 312299
202675 904971
5375 764060
634223 798033
354774 703152
973792 614805
97481 692546
229062 115218
179443 346397
530514 838564
481445 106292
574615 275375
550684 768287
94640 715073
187797 715685
393117 613369
216723 766560
629701 302785
612893 658703
803985 49280
139102 32646
123581 120
412568 223528
221887 794338
93344 580853
46125 174401
174113 830378
744487 940282
202976 114790
898467 239560
466441 812803
521347 581763
170762 369030
913430 127036
189475 574576
441446 779653
703021 564570
545649 549444
385775 102538
913528 695893
528673 75335
54868 407047
993442 908906
416057 594224
570001 496075
482966 229114
626120 54395
158625 632722
743319 941074
45305 642468
35592 426824
603613 620467
210817 229591
460090 409875
219631 998983
76331 924338
64972 494345
252151 826138
120217 695909
977788 821335
685485 38336
830158 381881
657200 504840
927270 549367
62140 531546
587614 543980
743197 940664
359970 812254
511215 962712
307179 258129
880209 189385
392642 445770
220891 678600
289864 352384
66843 109308
258358 820787
874516 518218
907116 511820
